centroid       numS31         numS22         numS211        numS1111       
true (1)       6 (4)          2 (6)          8 (12)         2 (24)         

-0.96041774839622920785897290472177583243200120555257750903051477291304573437659736071663216945735928056656300644291710472294541924
-0.96041774839622920785897290472177583243200120555257750903051477291304573437659736071663216945735928056656300644291710472294541924
0.88125324518868762357691871416532749729600361665773252709154431873913720312979208214989650837207784169968901932875131416883625772
0.00098647579707445443528350908985444038122150438416933567978351909304826314353340662646402162748619109316740482365519414369836961

-0.96041774839622920785897290472177583243200120555257750903051477291304573437659736071663216945735928056656300644291710472294541924
0.88125324518868762357691871416532749729600361665773252709154431873913720312979208214989650837207784169968901932875131416883625772
-0.96041774839622920785897290472177583243200120555257750903051477291304573437659736071663216945735928056656300644291710472294541924
0.00098647579707445443528350908985444038122150438416933567978351909304826314353340662646402162748619109316740482365519414369836961

-0.96041774839622920785897290472177583243200120555257750903051477291304573437659736071663216945735928056656300644291710472294541924
-0.96041774839622920785897290472177583243200120555257750903051477291304573437659736071663216945735928056656300644291710472294541924
-0.96041774839622920785897290472177583243200120555257750903051477291304573437659736071663216945735928056656300644291710472294541924
0.00098647579707445443528350908985444038122150438416933567978351909304826314353340662646402162748619109316740482365519414369836961

0.88125324518868762357691871416532749729600361665773252709154431873913720312979208214989650837207784169968901932875131416883625772
-0.96041774839622920785897290472177583243200120555257750903051477291304573437659736071663216945735928056656300644291710472294541924
-0.96041774839622920785897290472177583243200120555257750903051477291304573437659736071663216945735928056656300644291710472294541924
0.00098647579707445443528350908985444038122150438416933567978351909304826314353340662646402162748619109316740482365519414369836961

-0.34508240612836829382082427210888673761465188123666594083133475532579721849406748933484543849154599169770199849664732598723015794
-0.34508240612836829382082427210888673761465188123666594083133475532579721849406748933484543849154599169770199849664732598723015794
-0.96475278161489511853752718367333978715604435629000217750599573402260834451779753199546368452536202490689400451005802203830952617
0.00944487535906387008837211150094459149301250917608565671615196703558020006812431080940795137858086653115922657536589489419926563

-0.34508240612836829382082427210888673761465188123666594083133475532579721849406748933484543849154599169770199849664732598723015794
-0.96475278161489511853752718367333978715604435629000217750599573402260834451779753199546368452536202490689400451005802203830952617
-0.34508240612836829382082427210888673761465188123666594083133475532579721849406748933484543849154599169770199849664732598723015794
0.00944487535906387008837211150094459149301250917608565671615196703558020006812431080940795137858086653115922657536589489419926563

-0.34508240612836829382082427210888673761465188123666594083133475532579721849406748933484543849154599169770199849664732598723015794
-0.34508240612836829382082427210888673761465188123666594083133475532579721849406748933484543849154599169770199849664732598723015794
-0.34508240612836829382082427210888673761465188123666594083133475532579721849406748933484543849154599169770199849664732598723015794
0.00944487535906387008837211150094459149301250917608565671615196703558020006812431080940795137858086653115922657536589489419926563

-0.96475278161489511853752718367333978715604435629000217750599573402260834451779753199546368452536202490689400451005802203830952617
-0.34508240612836829382082427210888673761465188123666594083133475532579721849406748933484543849154599169770199849664732598723015794
-0.34508240612836829382082427210888673761465188123666594083133475532579721849406748933484543849154599169770199849664732598723015794
0.00944487535906387008837211150094459149301250917608565671615196703558020006812431080940795137858086653115922657536589489419926563

-0.87388447975894919725973722165141382753527265672154625972605088500926236633020788480838685543720019769208234111904500391481403784
-0.87388447975894919725973722165141382753527265672154625972605088500926236633020788480838685543720019769208234111904500391481403784
0.62165343927684759177921166495424148260581797016463877917815265502778709899062365442516056631160059307624702335713501174444211353
0.00498378046506521397532850252603350175660391572792978261396562755842025314852817868934640330189233413986247041979547276508018505

-0.87388447975894919725973722165141382753527265672154625972605088500926236633020788480838685543720019769208234111904500391481403784
0.62165343927684759177921166495424148260581797016463877917815265502778709899062365442516056631160059307624702335713501174444211353
-0.87388447975894919725973722165141382753527265672154625972605088500926236633020788480838685543720019769208234111904500391481403784
0.00498378046506521397532850252603350175660391572792978261396562755842025314852817868934640330189233413986247041979547276508018505

-0.87388447975894919725973722165141382753527265672154625972605088500926236633020788480838685543720019769208234111904500391481403784
-0.87388447975894919725973722165141382753527265672154625972605088500926236633020788480838685543720019769208234111904500391481403784
-0.87388447975894919725973722165141382753527265672154625972605088500926236633020788480838685543720019769208234111904500391481403784
0.00498378046506521397532850252603350175660391572792978261396562755842025314852817868934640330189233413986247041979547276508018505

0.62165343927684759177921166495424148260581797016463877917815265502778709899062365442516056631160059307624702335713501174444211353
-0.87388447975894919725973722165141382753527265672154625972605088500926236633020788480838685543720019769208234111904500391481403784
-0.87388447975894919725973722165141382753527265672154625972605088500926236633020788480838685543720019769208234111904500391481403784
0.00498378046506521397532850252603350175660391572792978261396562755842025314852817868934640330189233413986247041979547276508018505

-0.76970151740191742766132979540248749186591034620580715953279599456315210819165714135694746704504472659042797737342832536691075845
-0.76970151740191742766132979540248749186591034620580715953279599456315210819165714135694746704504472659042797737342832536691075845
0.30910455220575228298398938620746247559773103861742147859838798368945632457497142407084240113513417977128393212028497610073227534
0.01407196320872836083074092023063750108165056558895542147032534188784204963662587422110927339487945746565230011154283174006630075

-0.76970151740191742766132979540248749186591034620580715953279599456315210819165714135694746704504472659042797737342832536691075845
0.30910455220575228298398938620746247559773103861742147859838798368945632457497142407084240113513417977128393212028497610073227534
-0.76970151740191742766132979540248749186591034620580715953279599456315210819165714135694746704504472659042797737342832536691075845
0.01407196320872836083074092023063750108165056558895542147032534188784204963662587422110927339487945746565230011154283174006630075

-0.76970151740191742766132979540248749186591034620580715953279599456315210819165714135694746704504472659042797737342832536691075845
-0.76970151740191742766132979540248749186591034620580715953279599456315210819165714135694746704504472659042797737342832536691075845
-0.76970151740191742766132979540248749186591034620580715953279599456315210819165714135694746704504472659042797737342832536691075845
0.01407196320872836083074092023063750108165056558895542147032534188784204963662587422110927339487945746565230011154283174006630075

0.30910455220575228298398938620746247559773103861742147859838798368945632457497142407084240113513417977128393212028497610073227534
-0.76970151740191742766132979540248749186591034620580715953279599456315210819165714135694746704504472659042797737342832536691075845
-0.76970151740191742766132979540248749186591034620580715953279599456315210819165714135694746704504472659042797737342832536691075845
0.01407196320872836083074092023063750108165056558895542147032534188784204963662587422110927339487945746565230011154283174006630075

-0.39777300260622735856407608420846843343996478291546670527501815563292636402300256751565873858753256811998445918016628448911830473
-0.39777300260622735856407608420846843343996478291546670527501815563292636402300256751565873858753256811998445918016628448911830473
-0.80668099218131792430777174737459469968010565125359988417494553310122090793099229745302378423740229564004662245950114653264508581
0.02189280939410359118767056588664483290283982544959503232035818274750407763813842221313726589895784388119709128394880302569004131

-0.39777300260622735856407608420846843343996478291546670527501815563292636402300256751565873858753256811998445918016628448911830473
-0.80668099218131792430777174737459469968010565125359988417494553310122090793099229745302378423740229564004662245950114653264508581
-0.39777300260622735856407608420846843343996478291546670527501815563292636402300256751565873858753256811998445918016628448911830473
0.02189280939410359118767056588664483290283982544959503232035818274750407763813842221313726589895784388119709128394880302569004131

-0.39777300260622735856407608420846843343996478291546670527501815563292636402300256751565873858753256811998445918016628448911830473
-0.39777300260622735856407608420846843343996478291546670527501815563292636402300256751565873858753256811998445918016628448911830473
-0.39777300260622735856407608420846843343996478291546670527501815563292636402300256751565873858753256811998445918016628448911830473
0.02189280939410359118767056588664483290283982544959503232035818274750407763813842221313726589895784388119709128394880302569004131

-0.80668099218131792430777174737459469968010565125359988417494553310122090793099229745302378423740229564004662245950114653264508581
-0.39777300260622735856407608420846843343996478291546670527501815563292636402300256751565873858753256811998445918016628448911830473
-0.39777300260622735856407608420846843343996478291546670527501815563292636402300256751565873858753256811998445918016628448911830473
0.02189280939410359118767056588664483290283982544959503232035818274750407763813842221313726589895784388119709128394880302569004131

-0.63680252720643920461299740895156465420467519539300516271549929344128320530696384120614199007557015386715734385010629703796695993
-0.63680252720643920461299740895156465420467519539300516271549929344128320530696384120614199007557015386715734385010629703796695993
-0.08959241838068238616100777314530603738597441382098451185350211967615038407910847638157402977328953839852796844968110888609912021
0.02249494556257809418362577514428687508749393055369237403203670229671317807964030843221702187763054034986608603179356569476550628

-0.63680252720643920461299740895156465420467519539300516271549929344128320530696384120614199007557015386715734385010629703796695993
-0.08959241838068238616100777314530603738597441382098451185350211967615038407910847638157402977328953839852796844968110888609912021
-0.63680252720643920461299740895156465420467519539300516271549929344128320530696384120614199007557015386715734385010629703796695993
0.02249494556257809418362577514428687508749393055369237403203670229671317807964030843221702187763054034986608603179356569476550628

-0.63680252720643920461299740895156465420467519539300516271549929344128320530696384120614199007557015386715734385010629703796695993
-0.63680252720643920461299740895156465420467519539300516271549929344128320530696384120614199007557015386715734385010629703796695993
-0.63680252720643920461299740895156465420467519539300516271549929344128320530696384120614199007557015386715734385010629703796695993
0.02249494556257809418362577514428687508749393055369237403203670229671317807964030843221702187763054034986608603179356569476550628

-0.08959241838068238616100777314530603738597441382098451185350211967615038407910847638157402977328953839852796844968110888609912021
-0.63680252720643920461299740895156465420467519539300516271549929344128320530696384120614199007557015386715734385010629703796695993
-0.63680252720643920461299740895156465420467519539300516271549929344128320530696384120614199007557015386715734385010629703796695993
0.02249494556257809418362577514428687508749393055369237403203670229671317807964030843221702187763054034986608603179356569476550628

-0.06259625202269615063725895042508821731249017997111135225086832899714654880176106519526881593536435180877521899080511533977621207
-0.93740374797730384936274104957491178268750982002888864774913167100285345119823893480473118406463564819122478100919488466022378793
-0.93740374797730384936274104957491178268750982002888864774913167100285345119823893480473118406463564819122478100919488466022378793
0.00670383007598387256079416156301953694694976087628197948688297341216355608978436397985235708957847133443982948423510778282145355

-0.93740374797730384936274104957491178268750982002888864774913167100285345119823893480473118406463564819122478100919488466022378793
-0.06259625202269615063725895042508821731249017997111135225086832899714654880176106519526881593536435180877521899080511533977621207
-0.93740374797730384936274104957491178268750982002888864774913167100285345119823893480473118406463564819122478100919488466022378793
0.00670383007598387256079416156301953694694976087628197948688297341216355608978436397985235708957847133443982948423510778282145355

-0.93740374797730384936274104957491178268750982002888864774913167100285345119823893480473118406463564819122478100919488466022378793
-0.93740374797730384936274104957491178268750982002888864774913167100285345119823893480473118406463564819122478100919488466022378793
-0.06259625202269615063725895042508821731249017997111135225086832899714654880176106519526881593536435180877521899080511533977621207
0.00670383007598387256079416156301953694694976087628197948688297341216355608978436397985235708957847133443982948423510778282145355

-0.06259625202269615063725895042508821731249017997111135225086832899714654880176106519526881593536435180877521899080511533977621207
-0.06259625202269615063725895042508821731249017997111135225086832899714654880176106519526881593536435180877521899080511533977621207
-0.93740374797730384936274104957491178268750982002888864774913167100285345119823893480473118406463564819122478100919488466022378793
0.00670383007598387256079416156301953694694976087628197948688297341216355608978436397985235708957847133443982948423510778282145355

-0.06259625202269615063725895042508821731249017997111135225086832899714654880176106519526881593536435180877521899080511533977621207
-0.93740374797730384936274104957491178268750982002888864774913167100285345119823893480473118406463564819122478100919488466022378793
-0.06259625202269615063725895042508821731249017997111135225086832899714654880176106519526881593536435180877521899080511533977621207
0.00670383007598387256079416156301953694694976087628197948688297341216355608978436397985235708957847133443982948423510778282145355

-0.93740374797730384936274104957491178268750982002888864774913167100285345119823893480473118406463564819122478100919488466022378793
-0.06259625202269615063725895042508821731249017997111135225086832899714654880176106519526881593536435180877521899080511533977621207
-0.06259625202269615063725895042508821731249017997111135225086832899714654880176106519526881593536435180877521899080511533977621207
0.00670383007598387256079416156301953694694976087628197948688297341216355608978436397985235708957847133443982948423510778282145355

-0.27319319211476341283807949231019829686125283771211713101130925724341658772527546123043867431870480253447879087494341826210165669
-0.72680680788523658716192050768980170313874716228788286898869074275658341227472453876956132568129519746552120912505658173789834331
-0.72680680788523658716192050768980170313874716228788286898869074275658341227472453876956132568129519746552120912505658173789834331
0.02207948200752930036275884534266229767427734460575473409326861230738712368811059357189187369114502971401919198504975123984653413

-0.72680680788523658716192050768980170313874716228788286898869074275658341227472453876956132568129519746552120912505658173789834331
-0.27319319211476341283807949231019829686125283771211713101130925724341658772527546123043867431870480253447879087494341826210165669
-0.72680680788523658716192050768980170313874716228788286898869074275658341227472453876956132568129519746552120912505658173789834331
0.02207948200752930036275884534266229767427734460575473409326861230738712368811059357189187369114502971401919198504975123984653413

-0.72680680788523658716192050768980170313874716228788286898869074275658341227472453876956132568129519746552120912505658173789834331
-0.72680680788523658716192050768980170313874716228788286898869074275658341227472453876956132568129519746552120912505658173789834331
-0.27319319211476341283807949231019829686125283771211713101130925724341658772527546123043867431870480253447879087494341826210165669
0.02207948200752930036275884534266229767427734460575473409326861230738712368811059357189187369114502971401919198504975123984653413

-0.27319319211476341283807949231019829686125283771211713101130925724341658772527546123043867431870480253447879087494341826210165669
-0.27319319211476341283807949231019829686125283771211713101130925724341658772527546123043867431870480253447879087494341826210165669
-0.72680680788523658716192050768980170313874716228788286898869074275658341227472453876956132568129519746552120912505658173789834331
0.02207948200752930036275884534266229767427734460575473409326861230738712368811059357189187369114502971401919198504975123984653413

-0.27319319211476341283807949231019829686125283771211713101130925724341658772527546123043867431870480253447879087494341826210165669
-0.72680680788523658716192050768980170313874716228788286898869074275658341227472453876956132568129519746552120912505658173789834331
-0.27319319211476341283807949231019829686125283771211713101130925724341658772527546123043867431870480253447879087494341826210165669
0.02207948200752930036275884534266229767427734460575473409326861230738712368811059357189187369114502971401919198504975123984653413

-0.72680680788523658716192050768980170313874716228788286898869074275658341227472453876956132568129519746552120912505658173789834331
-0.27319319211476341283807949231019829686125283771211713101130925724341658772527546123043867431870480253447879087494341826210165669
-0.27319319211476341283807949231019829686125283771211713101130925724341658772527546123043867431870480253447879087494341826210165669
0.02207948200752930036275884534266229767427734460575473409326861230738712368811059357189187369114502971401919198504975123984653413

-0.98333010563690773037008854589837677473300626070462808469742304724990077185087362870092681480358389363697441397910402674905580792
-0.80144190592533170295220738287218354687148927990164910751074969876062158439733086713803806596842752358210400236504582098497205493
0.76810211719914716369238447466893709633750180131090527690559579326042312809907812453989169557559531085605283032325387448308367077
0.00063517938718627767844822095620147928293806547188043962009162288754865458405631291103197968604994014772211202511592168739436553

-0.98333010563690773037008854589837677473300626070462808469742304724990077185087362870092681480358389363697441397910402674905580792
-0.98333010563690773037008854589837677473300626070462808469742304724990077185087362870092681480358389363697441397910402674905580792
0.76810211719914716369238447466893709633750180131090527690559579326042312809907812453989169557559531085605283032325387448308367077
0.00063517938718627767844822095620147928293806547188043962009162288754865458405631291103197968604994014772211202511592168739436553

-0.80144190592533170295220738287218354687148927990164910751074969876062158439733086713803806596842752358210400236504582098497205493
-0.98333010563690773037008854589837677473300626070462808469742304724990077185087362870092681480358389363697441397910402674905580792
0.76810211719914716369238447466893709633750180131090527690559579326042312809907812453989169557559531085605283032325387448308367077
0.00063517938718627767844822095620147928293806547188043962009162288754865458405631291103197968604994014772211202511592168739436553

-0.80144190592533170295220738287218354687148927990164910751074969876062158439733086713803806596842752358210400236504582098497205493
0.76810211719914716369238447466893709633750180131090527690559579326042312809907812453989169557559531085605283032325387448308367077
-0.98333010563690773037008854589837677473300626070462808469742304724990077185087362870092681480358389363697441397910402674905580792
0.00063517938718627767844822095620147928293806547188043962009162288754865458405631291103197968604994014772211202511592168739436553

-0.98333010563690773037008854589837677473300626070462808469742304724990077185087362870092681480358389363697441397910402674905580792
0.76810211719914716369238447466893709633750180131090527690559579326042312809907812453989169557559531085605283032325387448308367077
-0.98333010563690773037008854589837677473300626070462808469742304724990077185087362870092681480358389363697441397910402674905580792
0.00063517938718627767844822095620147928293806547188043962009162288754865458405631291103197968604994014772211202511592168739436553

-0.98333010563690773037008854589837677473300626070462808469742304724990077185087362870092681480358389363697441397910402674905580792
0.76810211719914716369238447466893709633750180131090527690559579326042312809907812453989169557559531085605283032325387448308367077
-0.80144190592533170295220738287218354687148927990164910751074969876062158439733086713803806596842752358210400236504582098497205493
0.00063517938718627767844822095620147928293806547188043962009162288754865458405631291103197968604994014772211202511592168739436553

-0.98333010563690773037008854589837677473300626070462808469742304724990077185087362870092681480358389363697441397910402674905580792
-0.80144190592533170295220738287218354687148927990164910751074969876062158439733086713803806596842752358210400236504582098497205493
-0.98333010563690773037008854589837677473300626070462808469742304724990077185087362870092681480358389363697441397910402674905580792
0.00063517938718627767844822095620147928293806547188043962009162288754865458405631291103197968604994014772211202511592168739436553

-0.80144190592533170295220738287218354687148927990164910751074969876062158439733086713803806596842752358210400236504582098497205493
-0.98333010563690773037008854589837677473300626070462808469742304724990077185087362870092681480358389363697441397910402674905580792
-0.98333010563690773037008854589837677473300626070462808469742304724990077185087362870092681480358389363697441397910402674905580792
0.00063517938718627767844822095620147928293806547188043962009162288754865458405631291103197968604994014772211202511592168739436553

-0.98333010563690773037008854589837677473300626070462808469742304724990077185087362870092681480358389363697441397910402674905580792
-0.98333010563690773037008854589837677473300626070462808469742304724990077185087362870092681480358389363697441397910402674905580792
-0.80144190592533170295220738287218354687148927990164910751074969876062158439733086713803806596842752358210400236504582098497205493
0.00063517938718627767844822095620147928293806547188043962009162288754865458405631291103197968604994014772211202511592168739436553

0.76810211719914716369238447466893709633750180131090527690559579326042312809907812453989169557559531085605283032325387448308367077
-0.98333010563690773037008854589837677473300626070462808469742304724990077185087362870092681480358389363697441397910402674905580792
-0.80144190592533170295220738287218354687148927990164910751074969876062158439733086713803806596842752358210400236504582098497205493
0.00063517938718627767844822095620147928293806547188043962009162288754865458405631291103197968604994014772211202511592168739436553

0.76810211719914716369238447466893709633750180131090527690559579326042312809907812453989169557559531085605283032325387448308367077
-0.98333010563690773037008854589837677473300626070462808469742304724990077185087362870092681480358389363697441397910402674905580792
-0.98333010563690773037008854589837677473300626070462808469742304724990077185087362870092681480358389363697441397910402674905580792
0.00063517938718627767844822095620147928293806547188043962009162288754865458405631291103197968604994014772211202511592168739436553

0.76810211719914716369238447466893709633750180131090527690559579326042312809907812453989169557559531085605283032325387448308367077
-0.80144190592533170295220738287218354687148927990164910751074969876062158439733086713803806596842752358210400236504582098497205493
-0.98333010563690773037008854589837677473300626070462808469742304724990077185087362870092681480358389363697441397910402674905580792
0.00063517938718627767844822095620147928293806547188043962009162288754865458405631291103197968604994014772211202511592168739436553

-0.94778447640432343565209727114072130988417793192689608197022502831750402572947030465928053098980687859368409451783442647245232115
-0.60922662852302335230275399449141452402440612247197407127019818360869779690664855466279451040778675605018078255307360170212302312
0.50479558133167022360694853677285714379276198632576623521064824024370584836558916398135557238740051323754897158874245464702766543
0.00419929907586840018435999922155164126438376121388807520369170986827372453213783182524649678068613730971632523308122487107305206

-0.94778447640432343565209727114072130988417793192689608197022502831750402572947030465928053098980687859368409451783442647245232115
-0.94778447640432343565209727114072130988417793192689608197022502831750402572947030465928053098980687859368409451783442647245232115
0.50479558133167022360694853677285714379276198632576623521064824024370584836558916398135557238740051323754897158874245464702766543
0.00419929907586840018435999922155164126438376121388807520369170986827372453213783182524649678068613730971632523308122487107305206

-0.60922662852302335230275399449141452402440612247197407127019818360869779690664855466279451040778675605018078255307360170212302312
-0.94778447640432343565209727114072130988417793192689608197022502831750402572947030465928053098980687859368409451783442647245232115
0.50479558133167022360694853677285714379276198632576623521064824024370584836558916398135557238740051323754897158874245464702766543
0.00419929907586840018435999922155164126438376121388807520369170986827372453213783182524649678068613730971632523308122487107305206

-0.60922662852302335230275399449141452402440612247197407127019818360869779690664855466279451040778675605018078255307360170212302312
0.50479558133167022360694853677285714379276198632576623521064824024370584836558916398135557238740051323754897158874245464702766543
-0.94778447640432343565209727114072130988417793192689608197022502831750402572947030465928053098980687859368409451783442647245232115
0.00419929907586840018435999922155164126438376121388807520369170986827372453213783182524649678068613730971632523308122487107305206

-0.94778447640432343565209727114072130988417793192689608197022502831750402572947030465928053098980687859368409451783442647245232115
0.50479558133167022360694853677285714379276198632576623521064824024370584836558916398135557238740051323754897158874245464702766543
-0.94778447640432343565209727114072130988417793192689608197022502831750402572947030465928053098980687859368409451783442647245232115
0.00419929907586840018435999922155164126438376121388807520369170986827372453213783182524649678068613730971632523308122487107305206

-0.94778447640432343565209727114072130988417793192689608197022502831750402572947030465928053098980687859368409451783442647245232115
0.50479558133167022360694853677285714379276198632576623521064824024370584836558916398135557238740051323754897158874245464702766543
-0.60922662852302335230275399449141452402440612247197407127019818360869779690664855466279451040778675605018078255307360170212302312
0.00419929907586840018435999922155164126438376121388807520369170986827372453213783182524649678068613730971632523308122487107305206

-0.94778447640432343565209727114072130988417793192689608197022502831750402572947030465928053098980687859368409451783442647245232115
-0.60922662852302335230275399449141452402440612247197407127019818360869779690664855466279451040778675605018078255307360170212302312
-0.94778447640432343565209727114072130988417793192689608197022502831750402572947030465928053098980687859368409451783442647245232115
0.00419929907586840018435999922155164126438376121388807520369170986827372453213783182524649678068613730971632523308122487107305206

-0.60922662852302335230275399449141452402440612247197407127019818360869779690664855466279451040778675605018078255307360170212302312
-0.94778447640432343565209727114072130988417793192689608197022502831750402572947030465928053098980687859368409451783442647245232115
-0.94778447640432343565209727114072130988417793192689608197022502831750402572947030465928053098980687859368409451783442647245232115
0.00419929907586840018435999922155164126438376121388807520369170986827372453213783182524649678068613730971632523308122487107305206

-0.94778447640432343565209727114072130988417793192689608197022502831750402572947030465928053098980687859368409451783442647245232115
-0.94778447640432343565209727114072130988417793192689608197022502831750402572947030465928053098980687859368409451783442647245232115
-0.60922662852302335230275399449141452402440612247197407127019818360869779690664855466279451040778675605018078255307360170212302312
0.00419929907586840018435999922155164126438376121388807520369170986827372453213783182524649678068613730971632523308122487107305206

0.50479558133167022360694853677285714379276198632576623521064824024370584836558916398135557238740051323754897158874245464702766543
-0.94778447640432343565209727114072130988417793192689608197022502831750402572947030465928053098980687859368409451783442647245232115
-0.60922662852302335230275399449141452402440612247197407127019818360869779690664855466279451040778675605018078255307360170212302312
0.00419929907586840018435999922155164126438376121388807520369170986827372453213783182524649678068613730971632523308122487107305206

0.50479558133167022360694853677285714379276198632576623521064824024370584836558916398135557238740051323754897158874245464702766543
-0.94778447640432343565209727114072130988417793192689608197022502831750402572947030465928053098980687859368409451783442647245232115
-0.94778447640432343565209727114072130988417793192689608197022502831750402572947030465928053098980687859368409451783442647245232115
0.00419929907586840018435999922155164126438376121388807520369170986827372453213783182524649678068613730971632523308122487107305206

0.50479558133167022360694853677285714379276198632576623521064824024370584836558916398135557238740051323754897158874245464702766543
-0.60922662852302335230275399449141452402440612247197407127019818360869779690664855466279451040778675605018078255307360170212302312
-0.94778447640432343565209727114072130988417793192689608197022502831750402572947030465928053098980687859368409451783442647245232115
0.00419929907586840018435999922155164126438376121388807520369170986827372453213783182524649678068613730971632523308122487107305206

-0.98273082746857974153808589138637112873157619733755799826105709273376912064749459338356268232401181150408799607581069061265256945
-0.30133287317676751888414877426802638293813001048338600222971589503032094099712233896539596776412134910928534637953793885218246262
0.26679452811392700196032055704076864040128240515850199875183008049785918229211152573252133241214497211746133853115932007748760152
0.00118993679874651662359941254116322807320355446228437844314692466892842446386933963109626395867358569320220798602824936340357259

-0.98273082746857974153808589138637112873157619733755799826105709273376912064749459338356268232401181150408799607581069061265256945
-0.98273082746857974153808589138637112873157619733755799826105709273376912064749459338356268232401181150408799607581069061265256945
0.26679452811392700196032055704076864040128240515850199875183008049785918229211152573252133241214497211746133853115932007748760152
0.00118993679874651662359941254116322807320355446228437844314692466892842446386933963109626395867358569320220798602824936340357259

-0.30133287317676751888414877426802638293813001048338600222971589503032094099712233896539596776412134910928534637953793885218246262
-0.98273082746857974153808589138637112873157619733755799826105709273376912064749459338356268232401181150408799607581069061265256945
0.26679452811392700196032055704076864040128240515850199875183008049785918229211152573252133241214497211746133853115932007748760152
0.00118993679874651662359941254116322807320355446228437844314692466892842446386933963109626395867358569320220798602824936340357259

-0.30133287317676751888414877426802638293813001048338600222971589503032094099712233896539596776412134910928534637953793885218246262
0.26679452811392700196032055704076864040128240515850199875183008049785918229211152573252133241214497211746133853115932007748760152
-0.98273082746857974153808589138637112873157619733755799826105709273376912064749459338356268232401181150408799607581069061265256945
0.00118993679874651662359941254116322807320355446228437844314692466892842446386933963109626395867358569320220798602824936340357259

-0.98273082746857974153808589138637112873157619733755799826105709273376912064749459338356268232401181150408799607581069061265256945
0.26679452811392700196032055704076864040128240515850199875183008049785918229211152573252133241214497211746133853115932007748760152
-0.98273082746857974153808589138637112873157619733755799826105709273376912064749459338356268232401181150408799607581069061265256945
0.00118993679874651662359941254116322807320355446228437844314692466892842446386933963109626395867358569320220798602824936340357259

-0.98273082746857974153808589138637112873157619733755799826105709273376912064749459338356268232401181150408799607581069061265256945
0.26679452811392700196032055704076864040128240515850199875183008049785918229211152573252133241214497211746133853115932007748760152
-0.30133287317676751888414877426802638293813001048338600222971589503032094099712233896539596776412134910928534637953793885218246262
0.00118993679874651662359941254116322807320355446228437844314692466892842446386933963109626395867358569320220798602824936340357259

-0.98273082746857974153808589138637112873157619733755799826105709273376912064749459338356268232401181150408799607581069061265256945
-0.30133287317676751888414877426802638293813001048338600222971589503032094099712233896539596776412134910928534637953793885218246262
-0.98273082746857974153808589138637112873157619733755799826105709273376912064749459338356268232401181150408799607581069061265256945
0.00118993679874651662359941254116322807320355446228437844314692466892842446386933963109626395867358569320220798602824936340357259

-0.30133287317676751888414877426802638293813001048338600222971589503032094099712233896539596776412134910928534637953793885218246262
-0.98273082746857974153808589138637112873157619733755799826105709273376912064749459338356268232401181150408799607581069061265256945
-0.98273082746857974153808589138637112873157619733755799826105709273376912064749459338356268232401181150408799607581069061265256945
0.00118993679874651662359941254116322807320355446228437844314692466892842446386933963109626395867358569320220798602824936340357259

-0.98273082746857974153808589138637112873157619733755799826105709273376912064749459338356268232401181150408799607581069061265256945
-0.98273082746857974153808589138637112873157619733755799826105709273376912064749459338356268232401181150408799607581069061265256945
-0.30133287317676751888414877426802638293813001048338600222971589503032094099712233896539596776412134910928534637953793885218246262
0.00118993679874651662359941254116322807320355446228437844314692466892842446386933963109626395867358569320220798602824936340357259

0.26679452811392700196032055704076864040128240515850199875183008049785918229211152573252133241214497211746133853115932007748760152
-0.98273082746857974153808589138637112873157619733755799826105709273376912064749459338356268232401181150408799607581069061265256945
-0.30133287317676751888414877426802638293813001048338600222971589503032094099712233896539596776412134910928534637953793885218246262
0.00118993679874651662359941254116322807320355446228437844314692466892842446386933963109626395867358569320220798602824936340357259

0.26679452811392700196032055704076864040128240515850199875183008049785918229211152573252133241214497211746133853115932007748760152
-0.98273082746857974153808589138637112873157619733755799826105709273376912064749459338356268232401181150408799607581069061265256945
-0.98273082746857974153808589138637112873157619733755799826105709273376912064749459338356268232401181150408799607581069061265256945
0.00118993679874651662359941254116322807320355446228437844314692466892842446386933963109626395867358569320220798602824936340357259

0.26679452811392700196032055704076864040128240515850199875183008049785918229211152573252133241214497211746133853115932007748760152
-0.30133287317676751888414877426802638293813001048338600222971589503032094099712233896539596776412134910928534637953793885218246262
-0.98273082746857974153808589138637112873157619733755799826105709273376912064749459338356268232401181150408799607581069061265256945
0.00118993679874651662359941254116322807320355446228437844314692466892842446386933963109626395867358569320220798602824936340357259

-0.84303459478465485603625348336858266727419750500341746833061545498507447256439867916825446678050025273105266949306894443521325901
0.66995040612690088986803534120623866657593917780500646911684988429456441080097816327537867037119701856560559789053523810679759083
-0.98388121655759117779552837446907333202754416779817153245561897432441546567218080493886973681019651310350025890439734923637107282
0.00201045364660951238043998304044292907921963591051481610611393435136037796896815202697278751140579114439832492886919859512099332

-0.84303459478465485603625348336858266727419750500341746833061545498507447256439867916825446678050025273105266949306894443521325901
-0.84303459478465485603625348336858266727419750500341746833061545498507447256439867916825446678050025273105266949306894443521325901
-0.98388121655759117779552837446907333202754416779817153245561897432441546567218080493886973681019651310350025890439734923637107282
0.00201045364660951238043998304044292907921963591051481610611393435136037796896815202697278751140579114439832492886919859512099332

0.66995040612690088986803534120623866657593917780500646911684988429456441080097816327537867037119701856560559789053523810679759083
-0.84303459478465485603625348336858266727419750500341746833061545498507447256439867916825446678050025273105266949306894443521325901
-0.98388121655759117779552837446907333202754416779817153245561897432441546567218080493886973681019651310350025890439734923637107282
0.00201045364660951238043998304044292907921963591051481610611393435136037796896815202697278751140579114439832492886919859512099332

0.66995040612690088986803534120623866657593917780500646911684988429456441080097816327537867037119701856560559789053523810679759083
-0.98388121655759117779552837446907333202754416779817153245561897432441546567218080493886973681019651310350025890439734923637107282
-0.84303459478465485603625348336858266727419750500341746833061545498507447256439867916825446678050025273105266949306894443521325901
0.00201045364660951238043998304044292907921963591051481610611393435136037796896815202697278751140579114439832492886919859512099332

-0.84303459478465485603625348336858266727419750500341746833061545498507447256439867916825446678050025273105266949306894443521325901
-0.98388121655759117779552837446907333202754416779817153245561897432441546567218080493886973681019651310350025890439734923637107282
-0.84303459478465485603625348336858266727419750500341746833061545498507447256439867916825446678050025273105266949306894443521325901
0.00201045364660951238043998304044292907921963591051481610611393435136037796896815202697278751140579114439832492886919859512099332

-0.84303459478465485603625348336858266727419750500341746833061545498507447256439867916825446678050025273105266949306894443521325901
-0.98388121655759117779552837446907333202754416779817153245561897432441546567218080493886973681019651310350025890439734923637107282
0.66995040612690088986803534120623866657593917780500646911684988429456441080097816327537867037119701856560559789053523810679759083
0.00201045364660951238043998304044292907921963591051481610611393435136037796896815202697278751140579114439832492886919859512099332

-0.84303459478465485603625348336858266727419750500341746833061545498507447256439867916825446678050025273105266949306894443521325901
0.66995040612690088986803534120623866657593917780500646911684988429456441080097816327537867037119701856560559789053523810679759083
-0.84303459478465485603625348336858266727419750500341746833061545498507447256439867916825446678050025273105266949306894443521325901
0.00201045364660951238043998304044292907921963591051481610611393435136037796896815202697278751140579114439832492886919859512099332

0.66995040612690088986803534120623866657593917780500646911684988429456441080097816327537867037119701856560559789053523810679759083
-0.84303459478465485603625348336858266727419750500341746833061545498507447256439867916825446678050025273105266949306894443521325901
-0.84303459478465485603625348336858266727419750500341746833061545498507447256439867916825446678050025273105266949306894443521325901
0.00201045364660951238043998304044292907921963591051481610611393435136037796896815202697278751140579114439832492886919859512099332

-0.84303459478465485603625348336858266727419750500341746833061545498507447256439867916825446678050025273105266949306894443521325901
-0.84303459478465485603625348336858266727419750500341746833061545498507447256439867916825446678050025273105266949306894443521325901
0.66995040612690088986803534120623866657593917780500646911684988429456441080097816327537867037119701856560559789053523810679759083
0.00201045364660951238043998304044292907921963591051481610611393435136037796896815202697278751140579114439832492886919859512099332

-0.98388121655759117779552837446907333202754416779817153245561897432441546567218080493886973681019651310350025890439734923637107282
-0.84303459478465485603625348336858266727419750500341746833061545498507447256439867916825446678050025273105266949306894443521325901
0.66995040612690088986803534120623866657593917780500646911684988429456441080097816327537867037119701856560559789053523810679759083
0.00201045364660951238043998304044292907921963591051481610611393435136037796896815202697278751140579114439832492886919859512099332

-0.98388121655759117779552837446907333202754416779817153245561897432441546567218080493886973681019651310350025890439734923637107282
-0.84303459478465485603625348336858266727419750500341746833061545498507447256439867916825446678050025273105266949306894443521325901
-0.84303459478465485603625348336858266727419750500341746833061545498507447256439867916825446678050025273105266949306894443521325901
0.00201045364660951238043998304044292907921963591051481610611393435136037796896815202697278751140579114439832492886919859512099332

-0.98388121655759117779552837446907333202754416779817153245561897432441546567218080493886973681019651310350025890439734923637107282
0.66995040612690088986803534120623866657593917780500646911684988429456441080097816327537867037119701856560559789053523810679759083
-0.84303459478465485603625348336858266727419750500341746833061545498507447256439867916825446678050025273105266949306894443521325901
0.00201045364660951238043998304044292907921963591051481610611393435136037796896815202697278751140579114439832492886919859512099332

-0.52112200922143200372060695354991554852890873671714863795259547349823740981514561512751400181693978068945919381003097562342384336
0.03969301960790151368036289747117294248335667229901574775995062211779462573328652082704403711793582862175777321316022538848344273
-0.99744900116503750623914899037134184542553919886471847185475967512131980610299529057201603348405626724283938559309827414163575601
0.00331053032873440957682338352339757351106238469649333908171620272739056771461198869128365484616056434100365481024676589247679151

-0.52112200922143200372060695354991554852890873671714863795259547349823740981514561512751400181693978068945919381003097562342384336
-0.52112200922143200372060695354991554852890873671714863795259547349823740981514561512751400181693978068945919381003097562342384336
-0.99744900116503750623914899037134184542553919886471847185475967512131980610299529057201603348405626724283938559309827414163575601
0.00331053032873440957682338352339757351106238469649333908171620272739056771461198869128365484616056434100365481024676589247679151

0.03969301960790151368036289747117294248335667229901574775995062211779462573328652082704403711793582862175777321316022538848344273
-0.52112200922143200372060695354991554852890873671714863795259547349823740981514561512751400181693978068945919381003097562342384336
-0.99744900116503750623914899037134184542553919886471847185475967512131980610299529057201603348405626724283938559309827414163575601
0.00331053032873440957682338352339757351106238469649333908171620272739056771461198869128365484616056434100365481024676589247679151

0.03969301960790151368036289747117294248335667229901574775995062211779462573328652082704403711793582862175777321316022538848344273
-0.99744900116503750623914899037134184542553919886471847185475967512131980610299529057201603348405626724283938559309827414163575601
-0.52112200922143200372060695354991554852890873671714863795259547349823740981514561512751400181693978068945919381003097562342384336
0.00331053032873440957682338352339757351106238469649333908171620272739056771461198869128365484616056434100365481024676589247679151

-0.52112200922143200372060695354991554852890873671714863795259547349823740981514561512751400181693978068945919381003097562342384336
-0.99744900116503750623914899037134184542553919886471847185475967512131980610299529057201603348405626724283938559309827414163575601
-0.52112200922143200372060695354991554852890873671714863795259547349823740981514561512751400181693978068945919381003097562342384336
0.00331053032873440957682338352339757351106238469649333908171620272739056771461198869128365484616056434100365481024676589247679151

-0.52112200922143200372060695354991554852890873671714863795259547349823740981514561512751400181693978068945919381003097562342384336
-0.99744900116503750623914899037134184542553919886471847185475967512131980610299529057201603348405626724283938559309827414163575601
0.03969301960790151368036289747117294248335667229901574775995062211779462573328652082704403711793582862175777321316022538848344273
0.00331053032873440957682338352339757351106238469649333908171620272739056771461198869128365484616056434100365481024676589247679151

-0.52112200922143200372060695354991554852890873671714863795259547349823740981514561512751400181693978068945919381003097562342384336
0.03969301960790151368036289747117294248335667229901574775995062211779462573328652082704403711793582862175777321316022538848344273
-0.52112200922143200372060695354991554852890873671714863795259547349823740981514561512751400181693978068945919381003097562342384336
0.00331053032873440957682338352339757351106238469649333908171620272739056771461198869128365484616056434100365481024676589247679151

0.03969301960790151368036289747117294248335667229901574775995062211779462573328652082704403711793582862175777321316022538848344273
-0.52112200922143200372060695354991554852890873671714863795259547349823740981514561512751400181693978068945919381003097562342384336
-0.52112200922143200372060695354991554852890873671714863795259547349823740981514561512751400181693978068945919381003097562342384336
0.00331053032873440957682338352339757351106238469649333908171620272739056771461198869128365484616056434100365481024676589247679151

-0.52112200922143200372060695354991554852890873671714863795259547349823740981514561512751400181693978068945919381003097562342384336
-0.52112200922143200372060695354991554852890873671714863795259547349823740981514561512751400181693978068945919381003097562342384336
0.03969301960790151368036289747117294248335667229901574775995062211779462573328652082704403711793582862175777321316022538848344273
0.00331053032873440957682338352339757351106238469649333908171620272739056771461198869128365484616056434100365481024676589247679151

-0.99744900116503750623914899037134184542553919886471847185475967512131980610299529057201603348405626724283938559309827414163575601
-0.52112200922143200372060695354991554852890873671714863795259547349823740981514561512751400181693978068945919381003097562342384336
0.03969301960790151368036289747117294248335667229901574775995062211779462573328652082704403711793582862175777321316022538848344273
0.00331053032873440957682338352339757351106238469649333908171620272739056771461198869128365484616056434100365481024676589247679151

-0.99744900116503750623914899037134184542553919886471847185475967512131980610299529057201603348405626724283938559309827414163575601
-0.52112200922143200372060695354991554852890873671714863795259547349823740981514561512751400181693978068945919381003097562342384336
-0.52112200922143200372060695354991554852890873671714863795259547349823740981514561512751400181693978068945919381003097562342384336
0.00331053032873440957682338352339757351106238469649333908171620272739056771461198869128365484616056434100365481024676589247679151

-0.99744900116503750623914899037134184542553919886471847185475967512131980610299529057201603348405626724283938559309827414163575601
0.03969301960790151368036289747117294248335667229901574775995062211779462573328652082704403711793582862175777321316022538848344273
-0.52112200922143200372060695354991554852890873671714863795259547349823740981514561512751400181693978068945919381003097562342384336
0.00331053032873440957682338352339757351106238469649333908171620272739056771461198869128365484616056434100365481024676589247679151

-0.18057036467830897984618996213992293599910218490517872410536639756238731158199522781722526328761196795199064263131784829758832225
-0.69401906715295517195376657107647585237931725893383195676315067504611745274420404143004083084825168942235044809494610961058469996
-0.94484020349042686835385350464367827562247837125581059502611652982910792409180550293550864257652437467366826664241819379423865553
0.01226971522640174098666474007193449194492990574375176544549763800417398458963328532647419347226184765046498981613148824462255696

-0.18057036467830897984618996213992293599910218490517872410536639756238731158199522781722526328761196795199064263131784829758832225
-0.18057036467830897984618996213992293599910218490517872410536639756238731158199522781722526328761196795199064263131784829758832225
-0.94484020349042686835385350464367827562247837125581059502611652982910792409180550293550864257652437467366826664241819379423865553
0.01226971522640174098666474007193449194492990574375176544549763800417398458963328532647419347226184765046498981613148824462255696

-0.69401906715295517195376657107647585237931725893383195676315067504611745274420404143004083084825168942235044809494610961058469996
-0.18057036467830897984618996213992293599910218490517872410536639756238731158199522781722526328761196795199064263131784829758832225
-0.94484020349042686835385350464367827562247837125581059502611652982910792409180550293550864257652437467366826664241819379423865553
0.01226971522640174098666474007193449194492990574375176544549763800417398458963328532647419347226184765046498981613148824462255696

-0.69401906715295517195376657107647585237931725893383195676315067504611745274420404143004083084825168942235044809494610961058469996
-0.94484020349042686835385350464367827562247837125581059502611652982910792409180550293550864257652437467366826664241819379423865553
-0.18057036467830897984618996213992293599910218490517872410536639756238731158199522781722526328761196795199064263131784829758832225
0.01226971522640174098666474007193449194492990574375176544549763800417398458963328532647419347226184765046498981613148824462255696

-0.18057036467830897984618996213992293599910218490517872410536639756238731158199522781722526328761196795199064263131784829758832225
-0.94484020349042686835385350464367827562247837125581059502611652982910792409180550293550864257652437467366826664241819379423865553
-0.18057036467830897984618996213992293599910218490517872410536639756238731158199522781722526328761196795199064263131784829758832225
0.01226971522640174098666474007193449194492990574375176544549763800417398458963328532647419347226184765046498981613148824462255696

-0.18057036467830897984618996213992293599910218490517872410536639756238731158199522781722526328761196795199064263131784829758832225
-0.94484020349042686835385350464367827562247837125581059502611652982910792409180550293550864257652437467366826664241819379423865553
-0.69401906715295517195376657107647585237931725893383195676315067504611745274420404143004083084825168942235044809494610961058469996
0.01226971522640174098666474007193449194492990574375176544549763800417398458963328532647419347226184765046498981613148824462255696

-0.18057036467830897984618996213992293599910218490517872410536639756238731158199522781722526328761196795199064263131784829758832225
-0.69401906715295517195376657107647585237931725893383195676315067504611745274420404143004083084825168942235044809494610961058469996
-0.18057036467830897984618996213992293599910218490517872410536639756238731158199522781722526328761196795199064263131784829758832225
0.01226971522640174098666474007193449194492990574375176544549763800417398458963328532647419347226184765046498981613148824462255696

-0.69401906715295517195376657107647585237931725893383195676315067504611745274420404143004083084825168942235044809494610961058469996
-0.18057036467830897984618996213992293599910218490517872410536639756238731158199522781722526328761196795199064263131784829758832225
-0.18057036467830897984618996213992293599910218490517872410536639756238731158199522781722526328761196795199064263131784829758832225
0.01226971522640174098666474007193449194492990574375176544549763800417398458963328532647419347226184765046498981613148824462255696

-0.18057036467830897984618996213992293599910218490517872410536639756238731158199522781722526328761196795199064263131784829758832225
-0.18057036467830897984618996213992293599910218490517872410536639756238731158199522781722526328761196795199064263131784829758832225
-0.69401906715295517195376657107647585237931725893383195676315067504611745274420404143004083084825168942235044809494610961058469996
0.01226971522640174098666474007193449194492990574375176544549763800417398458963328532647419347226184765046498981613148824462255696

-0.94484020349042686835385350464367827562247837125581059502611652982910792409180550293550864257652437467366826664241819379423865553
-0.18057036467830897984618996213992293599910218490517872410536639756238731158199522781722526328761196795199064263131784829758832225
-0.69401906715295517195376657107647585237931725893383195676315067504611745274420404143004083084825168942235044809494610961058469996
0.01226971522640174098666474007193449194492990574375176544549763800417398458963328532647419347226184765046498981613148824462255696

-0.94484020349042686835385350464367827562247837125581059502611652982910792409180550293550864257652437467366826664241819379423865553
-0.18057036467830897984618996213992293599910218490517872410536639756238731158199522781722526328761196795199064263131784829758832225
-0.18057036467830897984618996213992293599910218490517872410536639756238731158199522781722526328761196795199064263131784829758832225
0.01226971522640174098666474007193449194492990574375176544549763800417398458963328532647419347226184765046498981613148824462255696

-0.94484020349042686835385350464367827562247837125581059502611652982910792409180550293550864257652437467366826664241819379423865553
-0.69401906715295517195376657107647585237931725893383195676315067504611745274420404143004083084825168942235044809494610961058469996
-0.18057036467830897984618996213992293599910218490517872410536639756238731158199522781722526328761196795199064263131784829758832225
0.01226971522640174098666474007193449194492990574375176544549763800417398458963328532647419347226184765046498981613148824462255696

-0.85057053727633713990731268954677676533253696903188809607259955432297484490004937209540311548845107273351972622584769061264417514
-0.42070281039770281848487860180615226355875260414192974998101709639761425106884423281450135037878587716543704406913237937652738737
0.12184388495037709829950398089970579422382654220570594212621620504356394086894297700530758135568802263247649652082776060181573765
0.01370193042770865834344291104950256819505581579794569206680691405608105425923851954195878248164831617801262587617686959090042392

-0.85057053727633713990731268954677676533253696903188809607259955432297484490004937209540311548845107273351972622584769061264417514
-0.85057053727633713990731268954677676533253696903188809607259955432297484490004937209540311548845107273351972622584769061264417514
0.12184388495037709829950398089970579422382654220570594212621620504356394086894297700530758135568802263247649652082776060181573765
0.01370193042770865834344291104950256819505581579794569206680691405608105425923851954195878248164831617801262587617686959090042392

-0.42070281039770281848487860180615226355875260414192974998101709639761425106884423281450135037878587716543704406913237937652738737
-0.85057053727633713990731268954677676533253696903188809607259955432297484490004937209540311548845107273351972622584769061264417514
0.12184388495037709829950398089970579422382654220570594212621620504356394086894297700530758135568802263247649652082776060181573765
0.01370193042770865834344291104950256819505581579794569206680691405608105425923851954195878248164831617801262587617686959090042392

-0.42070281039770281848487860180615226355875260414192974998101709639761425106884423281450135037878587716543704406913237937652738737
0.12184388495037709829950398089970579422382654220570594212621620504356394086894297700530758135568802263247649652082776060181573765
-0.85057053727633713990731268954677676533253696903188809607259955432297484490004937209540311548845107273351972622584769061264417514
0.01370193042770865834344291104950256819505581579794569206680691405608105425923851954195878248164831617801262587617686959090042392

-0.85057053727633713990731268954677676533253696903188809607259955432297484490004937209540311548845107273351972622584769061264417514
0.12184388495037709829950398089970579422382654220570594212621620504356394086894297700530758135568802263247649652082776060181573765
-0.85057053727633713990731268954677676533253696903188809607259955432297484490004937209540311548845107273351972622584769061264417514
0.01370193042770865834344291104950256819505581579794569206680691405608105425923851954195878248164831617801262587617686959090042392

-0.85057053727633713990731268954677676533253696903188809607259955432297484490004937209540311548845107273351972622584769061264417514
0.12184388495037709829950398089970579422382654220570594212621620504356394086894297700530758135568802263247649652082776060181573765
-0.42070281039770281848487860180615226355875260414192974998101709639761425106884423281450135037878587716543704406913237937652738737
0.01370193042770865834344291104950256819505581579794569206680691405608105425923851954195878248164831617801262587617686959090042392

-0.85057053727633713990731268954677676533253696903188809607259955432297484490004937209540311548845107273351972622584769061264417514
-0.42070281039770281848487860180615226355875260414192974998101709639761425106884423281450135037878587716543704406913237937652738737
-0.85057053727633713990731268954677676533253696903188809607259955432297484490004937209540311548845107273351972622584769061264417514
0.01370193042770865834344291104950256819505581579794569206680691405608105425923851954195878248164831617801262587617686959090042392

-0.42070281039770281848487860180615226355875260414192974998101709639761425106884423281450135037878587716543704406913237937652738737
-0.85057053727633713990731268954677676533253696903188809607259955432297484490004937209540311548845107273351972622584769061264417514
-0.85057053727633713990731268954677676533253696903188809607259955432297484490004937209540311548845107273351972622584769061264417514
0.01370193042770865834344291104950256819505581579794569206680691405608105425923851954195878248164831617801262587617686959090042392

-0.85057053727633713990731268954677676533253696903188809607259955432297484490004937209540311548845107273351972622584769061264417514
-0.85057053727633713990731268954677676533253696903188809607259955432297484490004937209540311548845107273351972622584769061264417514
-0.42070281039770281848487860180615226355875260414192974998101709639761425106884423281450135037878587716543704406913237937652738737
0.01370193042770865834344291104950256819505581579794569206680691405608105425923851954195878248164831617801262587617686959090042392

0.12184388495037709829950398089970579422382654220570594212621620504356394086894297700530758135568802263247649652082776060181573765
-0.85057053727633713990731268954677676533253696903188809607259955432297484490004937209540311548845107273351972622584769061264417514
-0.42070281039770281848487860180615226355875260414192974998101709639761425106884423281450135037878587716543704406913237937652738737
0.01370193042770865834344291104950256819505581579794569206680691405608105425923851954195878248164831617801262587617686959090042392

0.12184388495037709829950398089970579422382654220570594212621620504356394086894297700530758135568802263247649652082776060181573765
-0.85057053727633713990731268954677676533253696903188809607259955432297484490004937209540311548845107273351972622584769061264417514
-0.85057053727633713990731268954677676533253696903188809607259955432297484490004937209540311548845107273351972622584769061264417514
0.01370193042770865834344291104950256819505581579794569206680691405608105425923851954195878248164831617801262587617686959090042392

0.12184388495037709829950398089970579422382654220570594212621620504356394086894297700530758135568802263247649652082776060181573765
-0.42070281039770281848487860180615226355875260414192974998101709639761425106884423281450135037878587716543704406913237937652738737
-0.85057053727633713990731268954677676533253696903188809607259955432297484490004937209540311548845107273351972622584769061264417514
0.01370193042770865834344291104950256819505581579794569206680691405608105425923851954195878248164831617801262587617686959090042392

-0.56158630109225005510681558821504012805843768675207727739878149200986703657603780581857576670708471627698135105373775636948852868
0.00773103816061207184376590935310429653062468024173818683919141036537501718224474473447034504722429157480384585482119511086298849
-0.88455843597611196163013473292302404041374930673758363204162842634564094403016913309731881163305485902084114374734568237188593112
0.01643073667244420656416935081366082182621312757858391347069174490895486830534274556410806008480842040023825733164160461824152079

-0.56158630109225005510681558821504012805843768675207727739878149200986703657603780581857576670708471627698135105373775636948852868
-0.56158630109225005510681558821504012805843768675207727739878149200986703657603780581857576670708471627698135105373775636948852868
-0.88455843597611196163013473292302404041374930673758363204162842634564094403016913309731881163305485902084114374734568237188593112
0.01643073667244420656416935081366082182621312757858391347069174490895486830534274556410806008480842040023825733164160461824152079

0.00773103816061207184376590935310429653062468024173818683919141036537501718224474473447034504722429157480384585482119511086298849
-0.56158630109225005510681558821504012805843768675207727739878149200986703657603780581857576670708471627698135105373775636948852868
-0.88455843597611196163013473292302404041374930673758363204162842634564094403016913309731881163305485902084114374734568237188593112
0.01643073667244420656416935081366082182621312757858391347069174490895486830534274556410806008480842040023825733164160461824152079

0.00773103816061207184376590935310429653062468024173818683919141036537501718224474473447034504722429157480384585482119511086298849
-0.88455843597611196163013473292302404041374930673758363204162842634564094403016913309731881163305485902084114374734568237188593112
-0.56158630109225005510681558821504012805843768675207727739878149200986703657603780581857576670708471627698135105373775636948852868
0.01643073667244420656416935081366082182621312757858391347069174490895486830534274556410806008480842040023825733164160461824152079

-0.56158630109225005510681558821504012805843768675207727739878149200986703657603780581857576670708471627698135105373775636948852868
-0.88455843597611196163013473292302404041374930673758363204162842634564094403016913309731881163305485902084114374734568237188593112
-0.56158630109225005510681558821504012805843768675207727739878149200986703657603780581857576670708471627698135105373775636948852868
0.01643073667244420656416935081366082182621312757858391347069174490895486830534274556410806008480842040023825733164160461824152079

-0.56158630109225005510681558821504012805843768675207727739878149200986703657603780581857576670708471627698135105373775636948852868
-0.88455843597611196163013473292302404041374930673758363204162842634564094403016913309731881163305485902084114374734568237188593112
0.00773103816061207184376590935310429653062468024173818683919141036537501718224474473447034504722429157480384585482119511086298849
0.01643073667244420656416935081366082182621312757858391347069174490895486830534274556410806008480842040023825733164160461824152079

-0.56158630109225005510681558821504012805843768675207727739878149200986703657603780581857576670708471627698135105373775636948852868
0.00773103816061207184376590935310429653062468024173818683919141036537501718224474473447034504722429157480384585482119511086298849
-0.56158630109225005510681558821504012805843768675207727739878149200986703657603780581857576670708471627698135105373775636948852868
0.01643073667244420656416935081366082182621312757858391347069174490895486830534274556410806008480842040023825733164160461824152079

0.00773103816061207184376590935310429653062468024173818683919141036537501718224474473447034504722429157480384585482119511086298849
-0.56158630109225005510681558821504012805843768675207727739878149200986703657603780581857576670708471627698135105373775636948852868
-0.56158630109225005510681558821504012805843768675207727739878149200986703657603780581857576670708471627698135105373775636948852868
0.01643073667244420656416935081366082182621312757858391347069174490895486830534274556410806008480842040023825733164160461824152079

-0.56158630109225005510681558821504012805843768675207727739878149200986703657603780581857576670708471627698135105373775636948852868
-0.56158630109225005510681558821504012805843768675207727739878149200986703657603780581857576670708471627698135105373775636948852868
0.00773103816061207184376590935310429653062468024173818683919141036537501718224474473447034504722429157480384585482119511086298849
0.01643073667244420656416935081366082182621312757858391347069174490895486830534274556410806008480842040023825733164160461824152079

-0.88455843597611196163013473292302404041374930673758363204162842634564094403016913309731881163305485902084114374734568237188593112
-0.56158630109225005510681558821504012805843768675207727739878149200986703657603780581857576670708471627698135105373775636948852868
0.00773103816061207184376590935310429653062468024173818683919141036537501718224474473447034504722429157480384585482119511086298849
0.01643073667244420656416935081366082182621312757858391347069174490895486830534274556410806008480842040023825733164160461824152079

-0.88455843597611196163013473292302404041374930673758363204162842634564094403016913309731881163305485902084114374734568237188593112
-0.56158630109225005510681558821504012805843768675207727739878149200986703657603780581857576670708471627698135105373775636948852868
-0.56158630109225005510681558821504012805843768675207727739878149200986703657603780581857576670708471627698135105373775636948852868
0.01643073667244420656416935081366082182621312757858391347069174490895486830534274556410806008480842040023825733164160461824152079

-0.88455843597611196163013473292302404041374930673758363204162842634564094403016913309731881163305485902084114374734568237188593112
0.00773103816061207184376590935310429653062468024173818683919141036537501718224474473447034504722429157480384585482119511086298849
-0.56158630109225005510681558821504012805843768675207727739878149200986703657603780581857576670708471627698135105373775636948852868
0.01643073667244420656416935081366082182621312757858391347069174490895486830534274556410806008480842040023825733164160461824152079

0.36772482026191044461579806732890746169839215467707247100757967177775227007952032312713817553763501348658779889544156865611887565
-0.95434406134734169464301459898360159683755878076376117695724944930900337310200684085029007102173441576275576656930921506968463454
-0.77650972996067034386911703776908400723499751263373484974424476151650482150084738148893693853114422657262767886944525430586419031
0.00504349071136454364920094457759221923650403151111100442107399627913248845856143994234565394819705503621462180321798544552516829

-0.63687102895389840610366643057622185762583586127957644430608546095224407547666610078791116598475637115120435345668709928057005079
-0.95434406134734169464301459898360159683755878076376117695724944930900337310200684085029007102173441576275576656930921506968463454
-0.77650972996067034386911703776908400723499751263373484974424476151650482150084738148893693853114422657262767886944525430586419031
0.00504349071136454364920094457759221923650403151111100442107399627913248845856143994234565394819705503621462180321798544552516829

-0.63687102895389840610366643057622185762583586127957644430608546095224407547666610078791116598475637115120435345668709928057005079
0.36772482026191044461579806732890746169839215467707247100757967177775227007952032312713817553763501348658779889544156865611887565
-0.77650972996067034386911703776908400723499751263373484974424476151650482150084738148893693853114422657262767886944525430586419031
0.00504349071136454364920094457759221923650403151111100442107399627913248845856143994234565394819705503621462180321798544552516829

0.36772482026191044461579806732890746169839215467707247100757967177775227007952032312713817553763501348658779889544156865611887565
-0.63687102895389840610366643057622185762583586127957644430608546095224407547666610078791116598475637115120435345668709928057005079
-0.77650972996067034386911703776908400723499751263373484974424476151650482150084738148893693853114422657262767886944525430586419031
0.00504349071136454364920094457759221923650403151111100442107399627913248845856143994234565394819705503621462180321798544552516829

-0.95434406134734169464301459898360159683755878076376117695724944930900337310200684085029007102173441576275576656930921506968463454
-0.63687102895389840610366643057622185762583586127957644430608546095224407547666610078791116598475637115120435345668709928057005079
-0.77650972996067034386911703776908400723499751263373484974424476151650482150084738148893693853114422657262767886944525430586419031
0.00504349071136454364920094457759221923650403151111100442107399627913248845856143994234565394819705503621462180321798544552516829

-0.95434406134734169464301459898360159683755878076376117695724944930900337310200684085029007102173441576275576656930921506968463454
0.36772482026191044461579806732890746169839215467707247100757967177775227007952032312713817553763501348658779889544156865611887565
-0.77650972996067034386911703776908400723499751263373484974424476151650482150084738148893693853114422657262767886944525430586419031
0.00504349071136454364920094457759221923650403151111100442107399627913248845856143994234565394819705503621462180321798544552516829

-0.95434406134734169464301459898360159683755878076376117695724944930900337310200684085029007102173441576275576656930921506968463454
-0.77650972996067034386911703776908400723499751263373484974424476151650482150084738148893693853114422657262767886944525430586419031
0.36772482026191044461579806732890746169839215467707247100757967177775227007952032312713817553763501348658779889544156865611887565
0.00504349071136454364920094457759221923650403151111100442107399627913248845856143994234565394819705503621462180321798544552516829

-0.95434406134734169464301459898360159683755878076376117695724944930900337310200684085029007102173441576275576656930921506968463454
-0.77650972996067034386911703776908400723499751263373484974424476151650482150084738148893693853114422657262767886944525430586419031
-0.63687102895389840610366643057622185762583586127957644430608546095224407547666610078791116598475637115120435345668709928057005079
0.00504349071136454364920094457759221923650403151111100442107399627913248845856143994234565394819705503621462180321798544552516829

0.36772482026191044461579806732890746169839215467707247100757967177775227007952032312713817553763501348658779889544156865611887565
-0.77650972996067034386911703776908400723499751263373484974424476151650482150084738148893693853114422657262767886944525430586419031
-0.63687102895389840610366643057622185762583586127957644430608546095224407547666610078791116598475637115120435345668709928057005079
0.00504349071136454364920094457759221923650403151111100442107399627913248845856143994234565394819705503621462180321798544552516829

-0.63687102895389840610366643057622185762583586127957644430608546095224407547666610078791116598475637115120435345668709928057005079
-0.77650972996067034386911703776908400723499751263373484974424476151650482150084738148893693853114422657262767886944525430586419031
0.36772482026191044461579806732890746169839215467707247100757967177775227007952032312713817553763501348658779889544156865611887565
0.00504349071136454364920094457759221923650403151111100442107399627913248845856143994234565394819705503621462180321798544552516829

-0.63687102895389840610366643057622185762583586127957644430608546095224407547666610078791116598475637115120435345668709928057005079
-0.77650972996067034386911703776908400723499751263373484974424476151650482150084738148893693853114422657262767886944525430586419031
-0.95434406134734169464301459898360159683755878076376117695724944930900337310200684085029007102173441576275576656930921506968463454
0.00504349071136454364920094457759221923650403151111100442107399627913248845856143994234565394819705503621462180321798544552516829

0.36772482026191044461579806732890746169839215467707247100757967177775227007952032312713817553763501348658779889544156865611887565
-0.77650972996067034386911703776908400723499751263373484974424476151650482150084738148893693853114422657262767886944525430586419031
-0.95434406134734169464301459898360159683755878076376117695724944930900337310200684085029007102173441576275576656930921506968463454
0.00504349071136454364920094457759221923650403151111100442107399627913248845856143994234565394819705503621462180321798544552516829

-0.63687102895389840610366643057622185762583586127957644430608546095224407547666610078791116598475637115120435345668709928057005079
-0.95434406134734169464301459898360159683755878076376117695724944930900337310200684085029007102173441576275576656930921506968463454
0.36772482026191044461579806732890746169839215467707247100757967177775227007952032312713817553763501348658779889544156865611887565
0.00504349071136454364920094457759221923650403151111100442107399627913248845856143994234565394819705503621462180321798544552516829

0.36772482026191044461579806732890746169839215467707247100757967177775227007952032312713817553763501348658779889544156865611887565
-0.95434406134734169464301459898360159683755878076376117695724944930900337310200684085029007102173441576275576656930921506968463454
-0.63687102895389840610366643057622185762583586127957644430608546095224407547666610078791116598475637115120435345668709928057005079
0.00504349071136454364920094457759221923650403151111100442107399627913248845856143994234565394819705503621462180321798544552516829

-0.95434406134734169464301459898360159683755878076376117695724944930900337310200684085029007102173441576275576656930921506968463454
0.36772482026191044461579806732890746169839215467707247100757967177775227007952032312713817553763501348658779889544156865611887565
-0.63687102895389840610366643057622185762583586127957644430608546095224407547666610078791116598475637115120435345668709928057005079
0.00504349071136454364920094457759221923650403151111100442107399627913248845856143994234565394819705503621462180321798544552516829

-0.95434406134734169464301459898360159683755878076376117695724944930900337310200684085029007102173441576275576656930921506968463454
-0.63687102895389840610366643057622185762583586127957644430608546095224407547666610078791116598475637115120435345668709928057005079
0.36772482026191044461579806732890746169839215467707247100757967177775227007952032312713817553763501348658779889544156865611887565
0.00504349071136454364920094457759221923650403151111100442107399627913248845856143994234565394819705503621462180321798544552516829

0.36772482026191044461579806732890746169839215467707247100757967177775227007952032312713817553763501348658779889544156865611887565
-0.63687102895389840610366643057622185762583586127957644430608546095224407547666610078791116598475637115120435345668709928057005079
-0.95434406134734169464301459898360159683755878076376117695724944930900337310200684085029007102173441576275576656930921506968463454
0.00504349071136454364920094457759221923650403151111100442107399627913248845856143994234565394819705503621462180321798544552516829

-0.63687102895389840610366643057622185762583586127957644430608546095224407547666610078791116598475637115120435345668709928057005079
0.36772482026191044461579806732890746169839215467707247100757967177775227007952032312713817553763501348658779889544156865611887565
-0.95434406134734169464301459898360159683755878076376117695724944930900337310200684085029007102173441576275576656930921506968463454
0.00504349071136454364920094457759221923650403151111100442107399627913248845856143994234565394819705503621462180321798544552516829

-0.77650972996067034386911703776908400723499751263373484974424476151650482150084738148893693853114422657262767886944525430586419031
0.36772482026191044461579806732890746169839215467707247100757967177775227007952032312713817553763501348658779889544156865611887565
-0.95434406134734169464301459898360159683755878076376117695724944930900337310200684085029007102173441576275576656930921506968463454
0.00504349071136454364920094457759221923650403151111100442107399627913248845856143994234565394819705503621462180321798544552516829

-0.77650972996067034386911703776908400723499751263373484974424476151650482150084738148893693853114422657262767886944525430586419031
-0.63687102895389840610366643057622185762583586127957644430608546095224407547666610078791116598475637115120435345668709928057005079
-0.95434406134734169464301459898360159683755878076376117695724944930900337310200684085029007102173441576275576656930921506968463454
0.00504349071136454364920094457759221923650403151111100442107399627913248845856143994234565394819705503621462180321798544552516829

-0.77650972996067034386911703776908400723499751263373484974424476151650482150084738148893693853114422657262767886944525430586419031
-0.63687102895389840610366643057622185762583586127957644430608546095224407547666610078791116598475637115120435345668709928057005079
0.36772482026191044461579806732890746169839215467707247100757967177775227007952032312713817553763501348658779889544156865611887565
0.00504349071136454364920094457759221923650403151111100442107399627913248845856143994234565394819705503621462180321798544552516829

-0.77650972996067034386911703776908400723499751263373484974424476151650482150084738148893693853114422657262767886944525430586419031
0.36772482026191044461579806732890746169839215467707247100757967177775227007952032312713817553763501348658779889544156865611887565
-0.63687102895389840610366643057622185762583586127957644430608546095224407547666610078791116598475637115120435345668709928057005079
0.00504349071136454364920094457759221923650403151111100442107399627913248845856143994234565394819705503621462180321798544552516829

-0.77650972996067034386911703776908400723499751263373484974424476151650482150084738148893693853114422657262767886944525430586419031
-0.95434406134734169464301459898360159683755878076376117695724944930900337310200684085029007102173441576275576656930921506968463454
-0.63687102895389840610366643057622185762583586127957644430608546095224407547666610078791116598475637115120435345668709928057005079
0.00504349071136454364920094457759221923650403151111100442107399627913248845856143994234565394819705503621462180321798544552516829

-0.77650972996067034386911703776908400723499751263373484974424476151650482150084738148893693853114422657262767886944525430586419031
-0.95434406134734169464301459898360159683755878076376117695724944930900337310200684085029007102173441576275576656930921506968463454
0.36772482026191044461579806732890746169839215467707247100757967177775227007952032312713817553763501348658779889544156865611887565
0.00504349071136454364920094457759221923650403151111100442107399627913248845856143994234565394819705503621462180321798544552516829

0.18124523164977673906947382999291402012776145909812147129900754731663633135516842431875768940468540805976250166396958257377816901
-0.99375690049109769421984710398948072549479707648836961106046915650540776537703403380774446753023526962190252017693656919851413796
-0.83213783418904053073071265643541838477049558047095692698374102384373928538029595864910361624199524181499620524511390475908591801
0.00291952733095206727066501357717998117359574946539066345876487015971376482084580440401202884324281917280364138342163685117312166

-0.35535049696963851411891406956801490986246880213879493325479736696748928059783843186190960563245489662286377624191910861617811303
-0.99375690049109769421984710398948072549479707648836961106046915650540776537703403380774446753023526962190252017693656919851413796
-0.83213783418904053073071265643541838477049558047095692698374102384373928538029595864910361624199524181499620524511390475908591801
0.00291952733095206727066501357717998117359574946539066345876487015971376482084580440401202884324281917280364138342163685117312166

-0.35535049696963851411891406956801490986246880213879493325479736696748928059783843186190960563245489662286377624191910861617811303
0.18124523164977673906947382999291402012776145909812147129900754731663633135516842431875768940468540805976250166396958257377816901
-0.83213783418904053073071265643541838477049558047095692698374102384373928538029595864910361624199524181499620524511390475908591801
0.00291952733095206727066501357717998117359574946539066345876487015971376482084580440401202884324281917280364138342163685117312166

0.18124523164977673906947382999291402012776145909812147129900754731663633135516842431875768940468540805976250166396958257377816901
-0.35535049696963851411891406956801490986246880213879493325479736696748928059783843186190960563245489662286377624191910861617811303
-0.83213783418904053073071265643541838477049558047095692698374102384373928538029595864910361624199524181499620524511390475908591801
0.00291952733095206727066501357717998117359574946539066345876487015971376482084580440401202884324281917280364138342163685117312166

-0.99375690049109769421984710398948072549479707648836961106046915650540776537703403380774446753023526962190252017693656919851413796
-0.35535049696963851411891406956801490986246880213879493325479736696748928059783843186190960563245489662286377624191910861617811303
-0.83213783418904053073071265643541838477049558047095692698374102384373928538029595864910361624199524181499620524511390475908591801
0.00291952733095206727066501357717998117359574946539066345876487015971376482084580440401202884324281917280364138342163685117312166

-0.99375690049109769421984710398948072549479707648836961106046915650540776537703403380774446753023526962190252017693656919851413796
0.18124523164977673906947382999291402012776145909812147129900754731663633135516842431875768940468540805976250166396958257377816901
-0.83213783418904053073071265643541838477049558047095692698374102384373928538029595864910361624199524181499620524511390475908591801
0.00291952733095206727066501357717998117359574946539066345876487015971376482084580440401202884324281917280364138342163685117312166

-0.99375690049109769421984710398948072549479707648836961106046915650540776537703403380774446753023526962190252017693656919851413796
-0.83213783418904053073071265643541838477049558047095692698374102384373928538029595864910361624199524181499620524511390475908591801
0.18124523164977673906947382999291402012776145909812147129900754731663633135516842431875768940468540805976250166396958257377816901
0.00291952733095206727066501357717998117359574946539066345876487015971376482084580440401202884324281917280364138342163685117312166

-0.99375690049109769421984710398948072549479707648836961106046915650540776537703403380774446753023526962190252017693656919851413796
-0.83213783418904053073071265643541838477049558047095692698374102384373928538029595864910361624199524181499620524511390475908591801
-0.35535049696963851411891406956801490986246880213879493325479736696748928059783843186190960563245489662286377624191910861617811303
0.00291952733095206727066501357717998117359574946539066345876487015971376482084580440401202884324281917280364138342163685117312166

0.18124523164977673906947382999291402012776145909812147129900754731663633135516842431875768940468540805976250166396958257377816901
-0.83213783418904053073071265643541838477049558047095692698374102384373928538029595864910361624199524181499620524511390475908591801
-0.35535049696963851411891406956801490986246880213879493325479736696748928059783843186190960563245489662286377624191910861617811303
0.00291952733095206727066501357717998117359574946539066345876487015971376482084580440401202884324281917280364138342163685117312166

-0.35535049696963851411891406956801490986246880213879493325479736696748928059783843186190960563245489662286377624191910861617811303
-0.83213783418904053073071265643541838477049558047095692698374102384373928538029595864910361624199524181499620524511390475908591801
0.18124523164977673906947382999291402012776145909812147129900754731663633135516842431875768940468540805976250166396958257377816901
0.00291952733095206727066501357717998117359574946539066345876487015971376482084580440401202884324281917280364138342163685117312166

-0.35535049696963851411891406956801490986246880213879493325479736696748928059783843186190960563245489662286377624191910861617811303
-0.83213783418904053073071265643541838477049558047095692698374102384373928538029595864910361624199524181499620524511390475908591801
-0.99375690049109769421984710398948072549479707648836961106046915650540776537703403380774446753023526962190252017693656919851413796
0.00291952733095206727066501357717998117359574946539066345876487015971376482084580440401202884324281917280364138342163685117312166

0.18124523164977673906947382999291402012776145909812147129900754731663633135516842431875768940468540805976250166396958257377816901
-0.83213783418904053073071265643541838477049558047095692698374102384373928538029595864910361624199524181499620524511390475908591801
-0.99375690049109769421984710398948072549479707648836961106046915650540776537703403380774446753023526962190252017693656919851413796
0.00291952733095206727066501357717998117359574946539066345876487015971376482084580440401202884324281917280364138342163685117312166

-0.35535049696963851411891406956801490986246880213879493325479736696748928059783843186190960563245489662286377624191910861617811303
-0.99375690049109769421984710398948072549479707648836961106046915650540776537703403380774446753023526962190252017693656919851413796
0.18124523164977673906947382999291402012776145909812147129900754731663633135516842431875768940468540805976250166396958257377816901
0.00291952733095206727066501357717998117359574946539066345876487015971376482084580440401202884324281917280364138342163685117312166

0.18124523164977673906947382999291402012776145909812147129900754731663633135516842431875768940468540805976250166396958257377816901
-0.99375690049109769421984710398948072549479707648836961106046915650540776537703403380774446753023526962190252017693656919851413796
-0.35535049696963851411891406956801490986246880213879493325479736696748928059783843186190960563245489662286377624191910861617811303
0.00291952733095206727066501357717998117359574946539066345876487015971376482084580440401202884324281917280364138342163685117312166

-0.99375690049109769421984710398948072549479707648836961106046915650540776537703403380774446753023526962190252017693656919851413796
0.18124523164977673906947382999291402012776145909812147129900754731663633135516842431875768940468540805976250166396958257377816901
-0.35535049696963851411891406956801490986246880213879493325479736696748928059783843186190960563245489662286377624191910861617811303
0.00291952733095206727066501357717998117359574946539066345876487015971376482084580440401202884324281917280364138342163685117312166

-0.99375690049109769421984710398948072549479707648836961106046915650540776537703403380774446753023526962190252017693656919851413796
-0.35535049696963851411891406956801490986246880213879493325479736696748928059783843186190960563245489662286377624191910861617811303
0.18124523164977673906947382999291402012776145909812147129900754731663633135516842431875768940468540805976250166396958257377816901
0.00291952733095206727066501357717998117359574946539066345876487015971376482084580440401202884324281917280364138342163685117312166

0.18124523164977673906947382999291402012776145909812147129900754731663633135516842431875768940468540805976250166396958257377816901
-0.35535049696963851411891406956801490986246880213879493325479736696748928059783843186190960563245489662286377624191910861617811303
-0.99375690049109769421984710398948072549479707648836961106046915650540776537703403380774446753023526962190252017693656919851413796
0.00291952733095206727066501357717998117359574946539066345876487015971376482084580440401202884324281917280364138342163685117312166

-0.35535049696963851411891406956801490986246880213879493325479736696748928059783843186190960563245489662286377624191910861617811303
0.18124523164977673906947382999291402012776145909812147129900754731663633135516842431875768940468540805976250166396958257377816901
-0.99375690049109769421984710398948072549479707648836961106046915650540776537703403380774446753023526962190252017693656919851413796
0.00291952733095206727066501357717998117359574946539066345876487015971376482084580440401202884324281917280364138342163685117312166

-0.83213783418904053073071265643541838477049558047095692698374102384373928538029595864910361624199524181499620524511390475908591801
0.18124523164977673906947382999291402012776145909812147129900754731663633135516842431875768940468540805976250166396958257377816901
-0.99375690049109769421984710398948072549479707648836961106046915650540776537703403380774446753023526962190252017693656919851413796
0.00291952733095206727066501357717998117359574946539066345876487015971376482084580440401202884324281917280364138342163685117312166

-0.83213783418904053073071265643541838477049558047095692698374102384373928538029595864910361624199524181499620524511390475908591801
-0.35535049696963851411891406956801490986246880213879493325479736696748928059783843186190960563245489662286377624191910861617811303
-0.99375690049109769421984710398948072549479707648836961106046915650540776537703403380774446753023526962190252017693656919851413796
0.00291952733095206727066501357717998117359574946539066345876487015971376482084580440401202884324281917280364138342163685117312166

-0.83213783418904053073071265643541838477049558047095692698374102384373928538029595864910361624199524181499620524511390475908591801
-0.35535049696963851411891406956801490986246880213879493325479736696748928059783843186190960563245489662286377624191910861617811303
0.18124523164977673906947382999291402012776145909812147129900754731663633135516842431875768940468540805976250166396958257377816901
0.00291952733095206727066501357717998117359574946539066345876487015971376482084580440401202884324281917280364138342163685117312166

-0.83213783418904053073071265643541838477049558047095692698374102384373928538029595864910361624199524181499620524511390475908591801
0.18124523164977673906947382999291402012776145909812147129900754731663633135516842431875768940468540805976250166396958257377816901
-0.35535049696963851411891406956801490986246880213879493325479736696748928059783843186190960563245489662286377624191910861617811303
0.00291952733095206727066501357717998117359574946539066345876487015971376482084580440401202884324281917280364138342163685117312166

-0.83213783418904053073071265643541838477049558047095692698374102384373928538029595864910361624199524181499620524511390475908591801
-0.99375690049109769421984710398948072549479707648836961106046915650540776537703403380774446753023526962190252017693656919851413796
-0.35535049696963851411891406956801490986246880213879493325479736696748928059783843186190960563245489662286377624191910861617811303
0.00291952733095206727066501357717998117359574946539066345876487015971376482084580440401202884324281917280364138342163685117312166

-0.83213783418904053073071265643541838477049558047095692698374102384373928538029595864910361624199524181499620524511390475908591801
-0.99375690049109769421984710398948072549479707648836961106046915650540776537703403380774446753023526962190252017693656919851413796
0.18124523164977673906947382999291402012776145909812147129900754731663633135516842431875768940468540805976250166396958257377816901
0.00291952733095206727066501357717998117359574946539066345876487015971376482084580440401202884324281917280364138342163685117312166

-0.50000000000000000000000000000000000000000000000000000000000000000000000000000000000000000000000000000000000000000000000000000000
-0.50000000000000000000000000000000000000000000000000000000000000000000000000000000000000000000000000000000000000000000000000000000
-0.50000000000000000000000000000000000000000000000000000000000000000000000000000000000000000000000000000000000000000000000000000000
0.02904824990580462685577074405684574682821194297925357815272536433474721208752961352548918587639117780542059496637032066376845375

