centroid       numS31         numS22         numS211        numS1111       
false (1)      4 (4)          2 (6)          6 (12)         1 (24)         

-0.96474136534847298115180827526721760369266511219008506305442956075584491763873152442120950287415867314252210444319619684257704072
-0.96474136534847298115180827526721760369266511219008506305442956075584491763873152442120950287415867314252210444319619684257704072
0.89422409604541894345542482580165281107799533657025518916328868226753475291619457326362850862247601942756631332958859052773112217
0.00089273104439742423634393817741332077839258856404355330324291809062407613015312261111986310077089068330809139290391652592741485

-0.96474136534847298115180827526721760369266511219008506305442956075584491763873152442120950287415867314252210444319619684257704072
0.89422409604541894345542482580165281107799533657025518916328868226753475291619457326362850862247601942756631332958859052773112217
-0.96474136534847298115180827526721760369266511219008506305442956075584491763873152442120950287415867314252210444319619684257704072
0.00089273104439742423634393817741332077839258856404355330324291809062407613015312261111986310077089068330809139290391652592741485

-0.96474136534847298115180827526721760369266511219008506305442956075584491763873152442120950287415867314252210444319619684257704072
-0.96474136534847298115180827526721760369266511219008506305442956075584491763873152442120950287415867314252210444319619684257704072
-0.96474136534847298115180827526721760369266511219008506305442956075584491763873152442120950287415867314252210444319619684257704072
0.00089273104439742423634393817741332077839258856404355330324291809062407613015312261111986310077089068330809139290391652592741485

0.89422409604541894345542482580165281107799533657025518916328868226753475291619457326362850862247601942756631332958859052773112217
-0.96474136534847298115180827526721760369266511219008506305442956075584491763873152442120950287415867314252210444319619684257704072
-0.96474136534847298115180827526721760369266511219008506305442956075584491763873152442120950287415867314252210444319619684257704072
0.00089273104439742423634393817741332077839258856404355330324291809062407613015312261111986310077089068330809139290391652592741485

-0.84521069725225315542328132879670862992706533671486028844501234184133434557896137097859125334277311234000907451935059146824805788
-0.84521069725225315542328132879670862992706533671486028844501234184133434557896137097859125334277311234000907451935059146824805788
0.53563209175675946626984398639012588978119601014458086533503702552400303673688411293577376002831933702002722355805177440474417364
0.00618818338469858821050896413625471536632362658031765236359187263067268259354623236293722056525325059127111500669787631214975256

-0.84521069725225315542328132879670862992706533671486028844501234184133434557896137097859125334277311234000907451935059146824805788
0.53563209175675946626984398639012588978119601014458086533503702552400303673688411293577376002831933702002722355805177440474417364
-0.84521069725225315542328132879670862992706533671486028844501234184133434557896137097859125334277311234000907451935059146824805788
0.00618818338469858821050896413625471536632362658031765236359187263067268259354623236293722056525325059127111500669787631214975256

-0.84521069725225315542328132879670862992706533671486028844501234184133434557896137097859125334277311234000907451935059146824805788
-0.84521069725225315542328132879670862992706533671486028844501234184133434557896137097859125334277311234000907451935059146824805788
-0.84521069725225315542328132879670862992706533671486028844501234184133434557896137097859125334277311234000907451935059146824805788
0.00618818338469858821050896413625471536632362658031765236359187263067268259354623236293722056525325059127111500669787631214975256

0.53563209175675946626984398639012588978119601014458086533503702552400303673688411293577376002831933702002722355805177440474417364
-0.84521069725225315542328132879670862992706533671486028844501234184133434557896137097859125334277311234000907451935059146824805788
-0.84521069725225315542328132879670862992706533671486028844501234184133434557896137097859125334277311234000907451935059146824805788
0.00618818338469858821050896413625471536632362658031765236359187263067268259354623236293722056525325059127111500669787631214975256

-0.42030573818444455014911883860321463631526031862017842528831076396942846567392068620113230845087585356092373086194703770367609597
-0.42030573818444455014911883860321463631526031862017842528831076396942846567392068620113230845087585356092373086194703770367609597
-0.73908278544666634955264348419035609105421904413946472413506770809171460297823794139660307464737243931722880741415888688897171208
0.03428630782140492183378246263102985195958771043433585074230966102949103394956732408162394472115221128089291320616138113329859092

-0.42030573818444455014911883860321463631526031862017842528831076396942846567392068620113230845087585356092373086194703770367609597
-0.73908278544666634955264348419035609105421904413946472413506770809171460297823794139660307464737243931722880741415888688897171208
-0.42030573818444455014911883860321463631526031862017842528831076396942846567392068620113230845087585356092373086194703770367609597
0.03428630782140492183378246263102985195958771043433585074230966102949103394956732408162394472115221128089291320616138113329859092

-0.42030573818444455014911883860321463631526031862017842528831076396942846567392068620113230845087585356092373086194703770367609597
-0.42030573818444455014911883860321463631526031862017842528831076396942846567392068620113230845087585356092373086194703770367609597
-0.42030573818444455014911883860321463631526031862017842528831076396942846567392068620113230845087585356092373086194703770367609597
0.03428630782140492183378246263102985195958771043433585074230966102949103394956732408162394472115221128089291320616138113329859092

-0.73908278544666634955264348419035609105421904413946472413506770809171460297823794139660307464737243931722880741415888688897171208
-0.42030573818444455014911883860321463631526031862017842528831076396942846567392068620113230845087585356092373086194703770367609597
-0.42030573818444455014911883860321463631526031862017842528831076396942846567392068620113230845087585356092373086194703770367609597
0.03428630782140492183378246263102985195958771043433585074230966102949103394956732408162394472115221128089291320616138113329859092

-0.64109335668983816197713413419877665640103297074176546538527440165152967075290520448609466272655933709303621603630821729722712959
-0.64109335668983816197713413419877665640103297074176546538527440165152967075290520448609466272655933709303621603630821729722712959
-0.07671992993048551406859759740367003079690108777470360384417679504541098774128438654171601182032198872089135189107534810831861124
0.02677320631510760838508552124115533685298316118315201173505184893433090597593262466766685821753188531692947981530518557048698912

-0.64109335668983816197713413419877665640103297074176546538527440165152967075290520448609466272655933709303621603630821729722712959
-0.07671992993048551406859759740367003079690108777470360384417679504541098774128438654171601182032198872089135189107534810831861124
-0.64109335668983816197713413419877665640103297074176546538527440165152967075290520448609466272655933709303621603630821729722712959
0.02677320631510760838508552124115533685298316118315201173505184893433090597593262466766685821753188531692947981530518557048698912

-0.64109335668983816197713413419877665640103297074176546538527440165152967075290520448609466272655933709303621603630821729722712959
-0.64109335668983816197713413419877665640103297074176546538527440165152967075290520448609466272655933709303621603630821729722712959
-0.64109335668983816197713413419877665640103297074176546538527440165152967075290520448609466272655933709303621603630821729722712959
0.02677320631510760838508552124115533685298316118315201173505184893433090597593262466766685821753188531692947981530518557048698912

-0.07671992993048551406859759740367003079690108777470360384417679504541098774128438654171601182032198872089135189107534810831861124
-0.64109335668983816197713413419877665640103297074176546538527440165152967075290520448609466272655933709303621603630821729722712959
-0.64109335668983816197713413419877665640103297074176546538527440165152967075290520448609466272655933709303621603630821729722712959
0.02677320631510760838508552124115533685298316118315201173505184893433090597593262466766685821753188531692947981530518557048698912

-0.05364452645288209534255649614405671934501967232633802565680183357966568444608478133785327107490314632431577337253990031312317722
-0.94635547354711790465744350385594328065498032767366197434319816642033431555391521866214672892509685367568422662746009968687682278
-0.94635547354711790465744350385594328065498032767366197434319816642033431555391521866214672892509685367568422662746009968687682278
0.00760701417604540899143400441663386985069763297363839107004883920076597038885322987972807712880308401711622709798820347343649651

-0.94635547354711790465744350385594328065498032767366197434319816642033431555391521866214672892509685367568422662746009968687682278
-0.05364452645288209534255649614405671934501967232633802565680183357966568444608478133785327107490314632431577337253990031312317722
-0.94635547354711790465744350385594328065498032767366197434319816642033431555391521866214672892509685367568422662746009968687682278
0.00760701417604540899143400441663386985069763297363839107004883920076597038885322987972807712880308401711622709798820347343649651

-0.94635547354711790465744350385594328065498032767366197434319816642033431555391521866214672892509685367568422662746009968687682278
-0.94635547354711790465744350385594328065498032767366197434319816642033431555391521866214672892509685367568422662746009968687682278
-0.05364452645288209534255649614405671934501967232633802565680183357966568444608478133785327107490314632431577337253990031312317722
0.00760701417604540899143400441663386985069763297363839107004883920076597038885322987972807712880308401711622709798820347343649651

-0.05364452645288209534255649614405671934501967232633802565680183357966568444608478133785327107490314632431577337253990031312317722
-0.05364452645288209534255649614405671934501967232633802565680183357966568444608478133785327107490314632431577337253990031312317722
-0.94635547354711790465744350385594328065498032767366197434319816642033431555391521866214672892509685367568422662746009968687682278
0.00760701417604540899143400441663386985069763297363839107004883920076597038885322987972807712880308401711622709798820347343649651

-0.05364452645288209534255649614405671934501967232633802565680183357966568444608478133785327107490314632431577337253990031312317722
-0.94635547354711790465744350385594328065498032767366197434319816642033431555391521866214672892509685367568422662746009968687682278
-0.05364452645288209534255649614405671934501967232633802565680183357966568444608478133785327107490314632431577337253990031312317722
0.00760701417604540899143400441663386985069763297363839107004883920076597038885322987972807712880308401711622709798820347343649651

-0.94635547354711790465744350385594328065498032767366197434319816642033431555391521866214672892509685367568422662746009968687682278
-0.05364452645288209534255649614405671934501967232633802565680183357966568444608478133785327107490314632431577337253990031312317722
-0.05364452645288209534255649614405671934501967232633802565680183357966568444608478133785327107490314632431577337253990031312317722
0.00760701417604540899143400441663386985069763297363839107004883920076597038885322987972807712880308401711622709798820347343649651

-0.20785308735535853859320031717101222144221066901566427679558241740939813783404023368421752691022958406641588905760617362519248613
-0.79214691264464146140679968282898777855778933098433572320441758259060186216595976631578247308977041593358411094239382637480751387
-0.79214691264464146140679968282898777855778933098433572320441758259060186216595976631578247308977041593358411094239382637480751387
0.02766731982663752271386408848320925376863849749494255967549580531554199020464379994307682467276256137843067991785640223885269321

-0.79214691264464146140679968282898777855778933098433572320441758259060186216595976631578247308977041593358411094239382637480751387
-0.20785308735535853859320031717101222144221066901566427679558241740939813783404023368421752691022958406641588905760617362519248613
-0.79214691264464146140679968282898777855778933098433572320441758259060186216595976631578247308977041593358411094239382637480751387
0.02766731982663752271386408848320925376863849749494255967549580531554199020464379994307682467276256137843067991785640223885269321

-0.79214691264464146140679968282898777855778933098433572320441758259060186216595976631578247308977041593358411094239382637480751387
-0.79214691264464146140679968282898777855778933098433572320441758259060186216595976631578247308977041593358411094239382637480751387
-0.20785308735535853859320031717101222144221066901566427679558241740939813783404023368421752691022958406641588905760617362519248613
0.02766731982663752271386408848320925376863849749494255967549580531554199020464379994307682467276256137843067991785640223885269321

-0.20785308735535853859320031717101222144221066901566427679558241740939813783404023368421752691022958406641588905760617362519248613
-0.20785308735535853859320031717101222144221066901566427679558241740939813783404023368421752691022958406641588905760617362519248613
-0.79214691264464146140679968282898777855778933098433572320441758259060186216595976631578247308977041593358411094239382637480751387
0.02766731982663752271386408848320925376863849749494255967549580531554199020464379994307682467276256137843067991785640223885269321

-0.20785308735535853859320031717101222144221066901566427679558241740939813783404023368421752691022958406641588905760617362519248613
-0.79214691264464146140679968282898777855778933098433572320441758259060186216595976631578247308977041593358411094239382637480751387
-0.20785308735535853859320031717101222144221066901566427679558241740939813783404023368421752691022958406641588905760617362519248613
0.02766731982663752271386408848320925376863849749494255967549580531554199020464379994307682467276256137843067991785640223885269321

-0.79214691264464146140679968282898777855778933098433572320441758259060186216595976631578247308977041593358411094239382637480751387
-0.20785308735535853859320031717101222144221066901566427679558241740939813783404023368421752691022958406641588905760617362519248613
-0.20785308735535853859320031717101222144221066901566427679558241740939813783404023368421752691022958406641588905760617362519248613
0.02766731982663752271386408848320925376863849749494255967549580531554199020464379994307682467276256137843067991785640223885269321

-0.95381562408463815653278471506704459746601199347468555981704934954031414791716618192650361797096996065836639226559354545181859447
-0.78376943523498090147781006167677086960179305767812939711798573709686682451280761227812264682206795450892748974290882807318913383
0.69140068340425721454337949181086006453381704462750051675208443617749512034713997613112988276400787582566027427409591897682632276
0.00363606349949887997762160775656138165284530600857777082449210898664613884859769198106553686637647551798768318733968283279638303

-0.95381562408463815653278471506704459746601199347468555981704934954031414791716618192650361797096996065836639226559354545181859447
-0.95381562408463815653278471506704459746601199347468555981704934954031414791716618192650361797096996065836639226559354545181859447
0.69140068340425721454337949181086006453381704462750051675208443617749512034713997613112988276400787582566027427409591897682632276
0.00363606349949887997762160775656138165284530600857777082449210898664613884859769198106553686637647551798768318733968283279638303

-0.78376943523498090147781006167677086960179305767812939711798573709686682451280761227812264682206795450892748974290882807318913383
-0.95381562408463815653278471506704459746601199347468555981704934954031414791716618192650361797096996065836639226559354545181859447
0.69140068340425721454337949181086006453381704462750051675208443617749512034713997613112988276400787582566027427409591897682632276
0.00363606349949887997762160775656138165284530600857777082449210898664613884859769198106553686637647551798768318733968283279638303

-0.78376943523498090147781006167677086960179305767812939711798573709686682451280761227812264682206795450892748974290882807318913383
0.69140068340425721454337949181086006453381704462750051675208443617749512034713997613112988276400787582566027427409591897682632276
-0.95381562408463815653278471506704459746601199347468555981704934954031414791716618192650361797096996065836639226559354545181859447
0.00363606349949887997762160775656138165284530600857777082449210898664613884859769198106553686637647551798768318733968283279638303

-0.95381562408463815653278471506704459746601199347468555981704934954031414791716618192650361797096996065836639226559354545181859447
0.69140068340425721454337949181086006453381704462750051675208443617749512034713997613112988276400787582566027427409591897682632276
-0.95381562408463815653278471506704459746601199347468555981704934954031414791716618192650361797096996065836639226559354545181859447
0.00363606349949887997762160775656138165284530600857777082449210898664613884859769198106553686637647551798768318733968283279638303

-0.95381562408463815653278471506704459746601199347468555981704934954031414791716618192650361797096996065836639226559354545181859447
0.69140068340425721454337949181086006453381704462750051675208443617749512034713997613112988276400787582566027427409591897682632276
-0.78376943523498090147781006167677086960179305767812939711798573709686682451280761227812264682206795450892748974290882807318913383
0.00363606349949887997762160775656138165284530600857777082449210898664613884859769198106553686637647551798768318733968283279638303

-0.95381562408463815653278471506704459746601199347468555981704934954031414791716618192650361797096996065836639226559354545181859447
-0.78376943523498090147781006167677086960179305767812939711798573709686682451280761227812264682206795450892748974290882807318913383
-0.95381562408463815653278471506704459746601199347468555981704934954031414791716618192650361797096996065836639226559354545181859447
0.00363606349949887997762160775656138165284530600857777082449210898664613884859769198106553686637647551798768318733968283279638303

-0.78376943523498090147781006167677086960179305767812939711798573709686682451280761227812264682206795450892748974290882807318913383
-0.95381562408463815653278471506704459746601199347468555981704934954031414791716618192650361797096996065836639226559354545181859447
-0.95381562408463815653278471506704459746601199347468555981704934954031414791716618192650361797096996065836639226559354545181859447
0.00363606349949887997762160775656138165284530600857777082449210898664613884859769198106553686637647551798768318733968283279638303

-0.95381562408463815653278471506704459746601199347468555981704934954031414791716618192650361797096996065836639226559354545181859447
-0.95381562408463815653278471506704459746601199347468555981704934954031414791716618192650361797096996065836639226559354545181859447
-0.78376943523498090147781006167677086960179305767812939711798573709686682451280761227812264682206795450892748974290882807318913383
0.00363606349949887997762160775656138165284530600857777082449210898664613884859769198106553686637647551798768318733968283279638303

0.69140068340425721454337949181086006453381704462750051675208443617749512034713997613112988276400787582566027427409591897682632276
-0.95381562408463815653278471506704459746601199347468555981704934954031414791716618192650361797096996065836639226559354545181859447
-0.78376943523498090147781006167677086960179305767812939711798573709686682451280761227812264682206795450892748974290882807318913383
0.00363606349949887997762160775656138165284530600857777082449210898664613884859769198106553686637647551798768318733968283279638303

0.69140068340425721454337949181086006453381704462750051675208443617749512034713997613112988276400787582566027427409591897682632276
-0.95381562408463815653278471506704459746601199347468555981704934954031414791716618192650361797096996065836639226559354545181859447
-0.95381562408463815653278471506704459746601199347468555981704934954031414791716618192650361797096996065836639226559354545181859447
0.00363606349949887997762160775656138165284530600857777082449210898664613884859769198106553686637647551798768318733968283279638303

0.69140068340425721454337949181086006453381704462750051675208443617749512034713997613112988276400787582566027427409591897682632276
-0.78376943523498090147781006167677086960179305767812939711798573709686682451280761227812264682206795450892748974290882807318913383
-0.95381562408463815653278471506704459746601199347468555981704934954031414791716618192650361797096996065836639226559354545181859447
0.00363606349949887997762160775656138165284530600857777082449210898664613884859769198106553686637647551798768318733968283279638303

-0.95694861990233681245104884501576687575520709540001819276445836982835654812952861146588269049804388266699860863202857197834674592
-0.45773102733785019204828018022754844417754136725586601652755012925629111747345315204687459620466025981803681252520136711072567514
0.37162826714252381695037787025908219568795555805590240205646686891300421373251037497863997720074802515203402978925851106741916698
0.00482233081395501790212184515169415068331992431337906704732994700250696016180545853489600929176067545014169320299973683757270793

-0.95694861990233681245104884501576687575520709540001819276445836982835654812952861146588269049804388266699860863202857197834674592
-0.95694861990233681245104884501576687575520709540001819276445836982835654812952861146588269049804388266699860863202857197834674592
0.37162826714252381695037787025908219568795555805590240205646686891300421373251037497863997720074802515203402978925851106741916698
0.00482233081395501790212184515169415068331992431337906704732994700250696016180545853489600929176067545014169320299973683757270793

-0.45773102733785019204828018022754844417754136725586601652755012925629111747345315204687459620466025981803681252520136711072567514
-0.95694861990233681245104884501576687575520709540001819276445836982835654812952861146588269049804388266699860863202857197834674592
0.37162826714252381695037787025908219568795555805590240205646686891300421373251037497863997720074802515203402978925851106741916698
0.00482233081395501790212184515169415068331992431337906704732994700250696016180545853489600929176067545014169320299973683757270793

-0.45773102733785019204828018022754844417754136725586601652755012925629111747345315204687459620466025981803681252520136711072567514
0.37162826714252381695037787025908219568795555805590240205646686891300421373251037497863997720074802515203402978925851106741916698
-0.95694861990233681245104884501576687575520709540001819276445836982835654812952861146588269049804388266699860863202857197834674592
0.00482233081395501790212184515169415068331992431337906704732994700250696016180545853489600929176067545014169320299973683757270793

-0.95694861990233681245104884501576687575520709540001819276445836982835654812952861146588269049804388266699860863202857197834674592
0.37162826714252381695037787025908219568795555805590240205646686891300421373251037497863997720074802515203402978925851106741916698
-0.95694861990233681245104884501576687575520709540001819276445836982835654812952861146588269049804388266699860863202857197834674592
0.00482233081395501790212184515169415068331992431337906704732994700250696016180545853489600929176067545014169320299973683757270793

-0.95694861990233681245104884501576687575520709540001819276445836982835654812952861146588269049804388266699860863202857197834674592
0.37162826714252381695037787025908219568795555805590240205646686891300421373251037497863997720074802515203402978925851106741916698
-0.45773102733785019204828018022754844417754136725586601652755012925629111747345315204687459620466025981803681252520136711072567514
0.00482233081395501790212184515169415068331992431337906704732994700250696016180545853489600929176067545014169320299973683757270793

-0.95694861990233681245104884501576687575520709540001819276445836982835654812952861146588269049804388266699860863202857197834674592
-0.45773102733785019204828018022754844417754136725586601652755012925629111747345315204687459620466025981803681252520136711072567514
-0.95694861990233681245104884501576687575520709540001819276445836982835654812952861146588269049804388266699860863202857197834674592
0.00482233081395501790212184515169415068331992431337906704732994700250696016180545853489600929176067545014169320299973683757270793

-0.45773102733785019204828018022754844417754136725586601652755012925629111747345315204687459620466025981803681252520136711072567514
-0.95694861990233681245104884501576687575520709540001819276445836982835654812952861146588269049804388266699860863202857197834674592
-0.95694861990233681245104884501576687575520709540001819276445836982835654812952861146588269049804388266699860863202857197834674592
0.00482233081395501790212184515169415068331992431337906704732994700250696016180545853489600929176067545014169320299973683757270793

-0.95694861990233681245104884501576687575520709540001819276445836982835654812952861146588269049804388266699860863202857197834674592
-0.95694861990233681245104884501576687575520709540001819276445836982835654812952861146588269049804388266699860863202857197834674592
-0.45773102733785019204828018022754844417754136725586601652755012925629111747345315204687459620466025981803681252520136711072567514
0.00482233081395501790212184515169415068331992431337906704732994700250696016180545853489600929176067545014169320299973683757270793

0.37162826714252381695037787025908219568795555805590240205646686891300421373251037497863997720074802515203402978925851106741916698
-0.95694861990233681245104884501576687575520709540001819276445836982835654812952861146588269049804388266699860863202857197834674592
-0.45773102733785019204828018022754844417754136725586601652755012925629111747345315204687459620466025981803681252520136711072567514
0.00482233081395501790212184515169415068331992431337906704732994700250696016180545853489600929176067545014169320299973683757270793

0.37162826714252381695037787025908219568795555805590240205646686891300421373251037497863997720074802515203402978925851106741916698
-0.95694861990233681245104884501576687575520709540001819276445836982835654812952861146588269049804388266699860863202857197834674592
-0.95694861990233681245104884501576687575520709540001819276445836982835654812952861146588269049804388266699860863202857197834674592
0.00482233081395501790212184515169415068331992431337906704732994700250696016180545853489600929176067545014169320299973683757270793

0.37162826714252381695037787025908219568795555805590240205646686891300421373251037497863997720074802515203402978925851106741916698
-0.45773102733785019204828018022754844417754136725586601652755012925629111747345315204687459620466025981803681252520136711072567514
-0.95694861990233681245104884501576687575520709540001819276445836982835654812952861146588269049804388266699860863202857197834674592
0.00482233081395501790212184515169415068331992431337906704732994700250696016180545853489600929176067545014169320299973683757270793

-0.73226484985691712772885043708201673904838657998330496820315296637055824297465316659114131911028387836526769689370525153516107684
0.45113039389772004368215548778906416209445660139952812520614700089652399871973367452203999392326164619750374759382827086443071259
-0.98660069418388578822445461362503068399768344143291818879984106815540751277042734133975735570269388946696835380641776779410855891
0.00522255024221951758716900242070991530675152698333062731726778008195710209528415740724354225931896613949101857061926064425718580

-0.73226484985691712772885043708201673904838657998330496820315296637055824297465316659114131911028387836526769689370525153516107684
-0.73226484985691712772885043708201673904838657998330496820315296637055824297465316659114131911028387836526769689370525153516107684
-0.98660069418388578822445461362503068399768344143291818879984106815540751277042734133975735570269388946696835380641776779410855891
0.00522255024221951758716900242070991530675152698333062731726778008195710209528415740724354225931896613949101857061926064425718580

0.45113039389772004368215548778906416209445660139952812520614700089652399871973367452203999392326164619750374759382827086443071259
-0.73226484985691712772885043708201673904838657998330496820315296637055824297465316659114131911028387836526769689370525153516107684
-0.98660069418388578822445461362503068399768344143291818879984106815540751277042734133975735570269388946696835380641776779410855891
0.00522255024221951758716900242070991530675152698333062731726778008195710209528415740724354225931896613949101857061926064425718580

0.45113039389772004368215548778906416209445660139952812520614700089652399871973367452203999392326164619750374759382827086443071259
-0.98660069418388578822445461362503068399768344143291818879984106815540751277042734133975735570269388946696835380641776779410855891
-0.73226484985691712772885043708201673904838657998330496820315296637055824297465316659114131911028387836526769689370525153516107684
0.00522255024221951758716900242070991530675152698333062731726778008195710209528415740724354225931896613949101857061926064425718580

-0.73226484985691712772885043708201673904838657998330496820315296637055824297465316659114131911028387836526769689370525153516107684
-0.98660069418388578822445461362503068399768344143291818879984106815540751277042734133975735570269388946696835380641776779410855891
-0.73226484985691712772885043708201673904838657998330496820315296637055824297465316659114131911028387836526769689370525153516107684
0.00522255024221951758716900242070991530675152698333062731726778008195710209528415740724354225931896613949101857061926064425718580

-0.73226484985691712772885043708201673904838657998330496820315296637055824297465316659114131911028387836526769689370525153516107684
-0.98660069418388578822445461362503068399768344143291818879984106815540751277042734133975735570269388946696835380641776779410855891
0.45113039389772004368215548778906416209445660139952812520614700089652399871973367452203999392326164619750374759382827086443071259
0.00522255024221951758716900242070991530675152698333062731726778008195710209528415740724354225931896613949101857061926064425718580

-0.73226484985691712772885043708201673904838657998330496820315296637055824297465316659114131911028387836526769689370525153516107684
0.45113039389772004368215548778906416209445660139952812520614700089652399871973367452203999392326164619750374759382827086443071259
-0.73226484985691712772885043708201673904838657998330496820315296637055824297465316659114131911028387836526769689370525153516107684
0.00522255024221951758716900242070991530675152698333062731726778008195710209528415740724354225931896613949101857061926064425718580

0.45113039389772004368215548778906416209445660139952812520614700089652399871973367452203999392326164619750374759382827086443071259
-0.73226484985691712772885043708201673904838657998330496820315296637055824297465316659114131911028387836526769689370525153516107684
-0.73226484985691712772885043708201673904838657998330496820315296637055824297465316659114131911028387836526769689370525153516107684
0.00522255024221951758716900242070991530675152698333062731726778008195710209528415740724354225931896613949101857061926064425718580

-0.73226484985691712772885043708201673904838657998330496820315296637055824297465316659114131911028387836526769689370525153516107684
-0.73226484985691712772885043708201673904838657998330496820315296637055824297465316659114131911028387836526769689370525153516107684
0.45113039389772004368215548778906416209445660139952812520614700089652399871973367452203999392326164619750374759382827086443071259
0.00522255024221951758716900242070991530675152698333062731726778008195710209528415740724354225931896613949101857061926064425718580

-0.98660069418388578822445461362503068399768344143291818879984106815540751277042734133975735570269388946696835380641776779410855891
-0.73226484985691712772885043708201673904838657998330496820315296637055824297465316659114131911028387836526769689370525153516107684
0.45113039389772004368215548778906416209445660139952812520614700089652399871973367452203999392326164619750374759382827086443071259
0.00522255024221951758716900242070991530675152698333062731726778008195710209528415740724354225931896613949101857061926064425718580

-0.98660069418388578822445461362503068399768344143291818879984106815540751277042734133975735570269388946696835380641776779410855891
-0.73226484985691712772885043708201673904838657998330496820315296637055824297465316659114131911028387836526769689370525153516107684
-0.73226484985691712772885043708201673904838657998330496820315296637055824297465316659114131911028387836526769689370525153516107684
0.00522255024221951758716900242070991530675152698333062731726778008195710209528415740724354225931896613949101857061926064425718580

-0.98660069418388578822445461362503068399768344143291818879984106815540751277042734133975735570269388946696835380641776779410855891
0.45113039389772004368215548778906416209445660139952812520614700089652399871973367452203999392326164619750374759382827086443071259
-0.73226484985691712772885043708201673904838657998330496820315296637055824297465316659114131911028387836526769689370525153516107684
0.00522255024221951758716900242070991530675152698333062731726778008195710209528415740724354225931896613949101857061926064425718580

-0.26248101889049074787552869532518126360733995875009021611246536694484222663169983239660744598001097673784099240179377596855548266
-0.51116369572218225057344383009517910597869861694343934593272471944859835173406499786919910005233449586059548070012397806521520760
-0.96387426649683625367549877925445836680662146555638022184234454666171719500253533733758600798764355066372253449628846999767382708
0.00755611276621954868983914406217965666671147689480372493388170271337839815719779066178958026739117569310479671334777034999357300

-0.26248101889049074787552869532518126360733995875009021611246536694484222663169983239660744598001097673784099240179377596855548266
-0.26248101889049074787552869532518126360733995875009021611246536694484222663169983239660744598001097673784099240179377596855548266
-0.96387426649683625367549877925445836680662146555638022184234454666171719500253533733758600798764355066372253449628846999767382708
0.00755611276621954868983914406217965666671147689480372493388170271337839815719779066178958026739117569310479671334777034999357300

-0.51116369572218225057344383009517910597869861694343934593272471944859835173406499786919910005233449586059548070012397806521520760
-0.26248101889049074787552869532518126360733995875009021611246536694484222663169983239660744598001097673784099240179377596855548266
-0.96387426649683625367549877925445836680662146555638022184234454666171719500253533733758600798764355066372253449628846999767382708
0.00755611276621954868983914406217965666671147689480372493388170271337839815719779066178958026739117569310479671334777034999357300

-0.51116369572218225057344383009517910597869861694343934593272471944859835173406499786919910005233449586059548070012397806521520760
-0.96387426649683625367549877925445836680662146555638022184234454666171719500253533733758600798764355066372253449628846999767382708
-0.26248101889049074787552869532518126360733995875009021611246536694484222663169983239660744598001097673784099240179377596855548266
0.00755611276621954868983914406217965666671147689480372493388170271337839815719779066178958026739117569310479671334777034999357300

-0.26248101889049074787552869532518126360733995875009021611246536694484222663169983239660744598001097673784099240179377596855548266
-0.96387426649683625367549877925445836680662146555638022184234454666171719500253533733758600798764355066372253449628846999767382708
-0.26248101889049074787552869532518126360733995875009021611246536694484222663169983239660744598001097673784099240179377596855548266
0.00755611276621954868983914406217965666671147689480372493388170271337839815719779066178958026739117569310479671334777034999357300

-0.26248101889049074787552869532518126360733995875009021611246536694484222663169983239660744598001097673784099240179377596855548266
-0.96387426649683625367549877925445836680662146555638022184234454666171719500253533733758600798764355066372253449628846999767382708
-0.51116369572218225057344383009517910597869861694343934593272471944859835173406499786919910005233449586059548070012397806521520760
0.00755611276621954868983914406217965666671147689480372493388170271337839815719779066178958026739117569310479671334777034999357300

-0.26248101889049074787552869532518126360733995875009021611246536694484222663169983239660744598001097673784099240179377596855548266
-0.51116369572218225057344383009517910597869861694343934593272471944859835173406499786919910005233449586059548070012397806521520760
-0.26248101889049074787552869532518126360733995875009021611246536694484222663169983239660744598001097673784099240179377596855548266
0.00755611276621954868983914406217965666671147689480372493388170271337839815719779066178958026739117569310479671334777034999357300

-0.51116369572218225057344383009517910597869861694343934593272471944859835173406499786919910005233449586059548070012397806521520760
-0.26248101889049074787552869532518126360733995875009021611246536694484222663169983239660744598001097673784099240179377596855548266
-0.26248101889049074787552869532518126360733995875009021611246536694484222663169983239660744598001097673784099240179377596855548266
0.00755611276621954868983914406217965666671147689480372493388170271337839815719779066178958026739117569310479671334777034999357300

-0.26248101889049074787552869532518126360733995875009021611246536694484222663169983239660744598001097673784099240179377596855548266
-0.26248101889049074787552869532518126360733995875009021611246536694484222663169983239660744598001097673784099240179377596855548266
-0.51116369572218225057344383009517910597869861694343934593272471944859835173406499786919910005233449586059548070012397806521520760
0.00755611276621954868983914406217965666671147689480372493388170271337839815719779066178958026739117569310479671334777034999357300

-0.96387426649683625367549877925445836680662146555638022184234454666171719500253533733758600798764355066372253449628846999767382708
-0.26248101889049074787552869532518126360733995875009021611246536694484222663169983239660744598001097673784099240179377596855548266
-0.51116369572218225057344383009517910597869861694343934593272471944859835173406499786919910005233449586059548070012397806521520760
0.00755611276621954868983914406217965666671147689480372493388170271337839815719779066178958026739117569310479671334777034999357300

-0.96387426649683625367549877925445836680662146555638022184234454666171719500253533733758600798764355066372253449628846999767382708
-0.26248101889049074787552869532518126360733995875009021611246536694484222663169983239660744598001097673784099240179377596855548266
-0.26248101889049074787552869532518126360733995875009021611246536694484222663169983239660744598001097673784099240179377596855548266
0.00755611276621954868983914406217965666671147689480372493388170271337839815719779066178958026739117569310479671334777034999357300

-0.96387426649683625367549877925445836680662146555638022184234454666171719500253533733758600798764355066372253449628846999767382708
-0.51116369572218225057344383009517910597869861694343934593272471944859835173406499786919910005233449586059548070012397806521520760
-0.26248101889049074787552869532518126360733995875009021611246536694484222663169983239660744598001097673784099240179377596855548266
0.00755611276621954868983914406217965666671147689480372493388170271337839815719779066178958026739117569310479671334777034999357300

-0.84188413538853578457575870942978544010058901515381582860831468310420423310528703887818462057687927840703958991990075559560880879
-0.59128564572645898057249881371533017380442893835959947992631491022998223251830017275753310862281712240479830043817171166177745794
0.27505391650353054972401623257490105400560696866723113714294427643839069872887425051390234977657567921887748027797322285299507552
0.01519391968031246921486404497027606165604125690258444121230327276240680999762270554946530893665543591879082466834246338292419496

-0.84188413538853578457575870942978544010058901515381582860831468310420423310528703887818462057687927840703958991990075559560880879
-0.84188413538853578457575870942978544010058901515381582860831468310420423310528703887818462057687927840703958991990075559560880879
0.27505391650353054972401623257490105400560696866723113714294427643839069872887425051390234977657567921887748027797322285299507552
0.01519391968031246921486404497027606165604125690258444121230327276240680999762270554946530893665543591879082466834246338292419496

-0.59128564572645898057249881371533017380442893835959947992631491022998223251830017275753310862281712240479830043817171166177745794
-0.84188413538853578457575870942978544010058901515381582860831468310420423310528703887818462057687927840703958991990075559560880879
0.27505391650353054972401623257490105400560696866723113714294427643839069872887425051390234977657567921887748027797322285299507552
0.01519391968031246921486404497027606165604125690258444121230327276240680999762270554946530893665543591879082466834246338292419496

-0.59128564572645898057249881371533017380442893835959947992631491022998223251830017275753310862281712240479830043817171166177745794
0.27505391650353054972401623257490105400560696866723113714294427643839069872887425051390234977657567921887748027797322285299507552
-0.84188413538853578457575870942978544010058901515381582860831468310420423310528703887818462057687927840703958991990075559560880879
0.01519391968031246921486404497027606165604125690258444121230327276240680999762270554946530893665543591879082466834246338292419496

-0.84188413538853578457575870942978544010058901515381582860831468310420423310528703887818462057687927840703958991990075559560880879
0.27505391650353054972401623257490105400560696866723113714294427643839069872887425051390234977657567921887748027797322285299507552
-0.84188413538853578457575870942978544010058901515381582860831468310420423310528703887818462057687927840703958991990075559560880879
0.01519391968031246921486404497027606165604125690258444121230327276240680999762270554946530893665543591879082466834246338292419496

-0.84188413538853578457575870942978544010058901515381582860831468310420423310528703887818462057687927840703958991990075559560880879
0.27505391650353054972401623257490105400560696866723113714294427643839069872887425051390234977657567921887748027797322285299507552
-0.59128564572645898057249881371533017380442893835959947992631491022998223251830017275753310862281712240479830043817171166177745794
0.01519391968031246921486404497027606165604125690258444121230327276240680999762270554946530893665543591879082466834246338292419496

-0.84188413538853578457575870942978544010058901515381582860831468310420423310528703887818462057687927840703958991990075559560880879
-0.59128564572645898057249881371533017380442893835959947992631491022998223251830017275753310862281712240479830043817171166177745794
-0.84188413538853578457575870942978544010058901515381582860831468310420423310528703887818462057687927840703958991990075559560880879
0.01519391968031246921486404497027606165604125690258444121230327276240680999762270554946530893665543591879082466834246338292419496

-0.59128564572645898057249881371533017380442893835959947992631491022998223251830017275753310862281712240479830043817171166177745794
-0.84188413538853578457575870942978544010058901515381582860831468310420423310528703887818462057687927840703958991990075559560880879
-0.84188413538853578457575870942978544010058901515381582860831468310420423310528703887818462057687927840703958991990075559560880879
0.01519391968031246921486404497027606165604125690258444121230327276240680999762270554946530893665543591879082466834246338292419496

-0.84188413538853578457575870942978544010058901515381582860831468310420423310528703887818462057687927840703958991990075559560880879
-0.84188413538853578457575870942978544010058901515381582860831468310420423310528703887818462057687927840703958991990075559560880879
-0.59128564572645898057249881371533017380442893835959947992631491022998223251830017275753310862281712240479830043817171166177745794
0.01519391968031246921486404497027606165604125690258444121230327276240680999762270554946530893665543591879082466834246338292419496

0.27505391650353054972401623257490105400560696866723113714294427643839069872887425051390234977657567921887748027797322285299507552
-0.84188413538853578457575870942978544010058901515381582860831468310420423310528703887818462057687927840703958991990075559560880879
-0.59128564572645898057249881371533017380442893835959947992631491022998223251830017275753310862281712240479830043817171166177745794
0.01519391968031246921486404497027606165604125690258444121230327276240680999762270554946530893665543591879082466834246338292419496

0.27505391650353054972401623257490105400560696866723113714294427643839069872887425051390234977657567921887748027797322285299507552
-0.84188413538853578457575870942978544010058901515381582860831468310420423310528703887818462057687927840703958991990075559560880879
-0.84188413538853578457575870942978544010058901515381582860831468310420423310528703887818462057687927840703958991990075559560880879
0.01519391968031246921486404497027606165604125690258444121230327276240680999762270554946530893665543591879082466834246338292419496

0.27505391650353054972401623257490105400560696866723113714294427643839069872887425051390234977657567921887748027797322285299507552
-0.59128564572645898057249881371533017380442893835959947992631491022998223251830017275753310862281712240479830043817171166177745794
-0.84188413538853578457575870942978544010058901515381582860831468310420423310528703887818462057687927840703958991990075559560880879
0.01519391968031246921486404497027606165604125690258444121230327276240680999762270554946530893665543591879082466834246338292419496

-0.54674727668456002262561035879861765642812829609201927018845519743760703406967136636596334889295825506569289086127054959733097203
-0.01676947042591635033775837232017763515036639847345029849357198726064093680320895676426358643294019590948373098713784367933869044
-0.88973597620496360441102091008258705199337700934251116112951761786414499505744831050380971578114329395913048729032105712599936550
0.01748684150263665231394223291439663434116224545685334873751873109796709637546083381442793176160424544706117790046721658772667462

-0.54674727668456002262561035879861765642812829609201927018845519743760703406967136636596334889295825506569289086127054959733097203
-0.54674727668456002262561035879861765642812829609201927018845519743760703406967136636596334889295825506569289086127054959733097203
-0.88973597620496360441102091008258705199337700934251116112951761786414499505744831050380971578114329395913048729032105712599936550
0.01748684150263665231394223291439663434116224545685334873751873109796709637546083381442793176160424544706117790046721658772667462

-0.01676947042591635033775837232017763515036639847345029849357198726064093680320895676426358643294019590948373098713784367933869044
-0.54674727668456002262561035879861765642812829609201927018845519743760703406967136636596334889295825506569289086127054959733097203
-0.88973597620496360441102091008258705199337700934251116112951761786414499505744831050380971578114329395913048729032105712599936550
0.01748684150263665231394223291439663434116224545685334873751873109796709637546083381442793176160424544706117790046721658772667462

-0.01676947042591635033775837232017763515036639847345029849357198726064093680320895676426358643294019590948373098713784367933869044
-0.88973597620496360441102091008258705199337700934251116112951761786414499505744831050380971578114329395913048729032105712599936550
-0.54674727668456002262561035879861765642812829609201927018845519743760703406967136636596334889295825506569289086127054959733097203
0.01748684150263665231394223291439663434116224545685334873751873109796709637546083381442793176160424544706117790046721658772667462

-0.54674727668456002262561035879861765642812829609201927018845519743760703406967136636596334889295825506569289086127054959733097203
-0.88973597620496360441102091008258705199337700934251116112951761786414499505744831050380971578114329395913048729032105712599936550
-0.54674727668456002262561035879861765642812829609201927018845519743760703406967136636596334889295825506569289086127054959733097203
0.01748684150263665231394223291439663434116224545685334873751873109796709637546083381442793176160424544706117790046721658772667462

-0.54674727668456002262561035879861765642812829609201927018845519743760703406967136636596334889295825506569289086127054959733097203
-0.88973597620496360441102091008258705199337700934251116112951761786414499505744831050380971578114329395913048729032105712599936550
-0.01676947042591635033775837232017763515036639847345029849357198726064093680320895676426358643294019590948373098713784367933869044
0.01748684150263665231394223291439663434116224545685334873751873109796709637546083381442793176160424544706117790046721658772667462

-0.54674727668456002262561035879861765642812829609201927018845519743760703406967136636596334889295825506569289086127054959733097203
-0.01676947042591635033775837232017763515036639847345029849357198726064093680320895676426358643294019590948373098713784367933869044
-0.54674727668456002262561035879861765642812829609201927018845519743760703406967136636596334889295825506569289086127054959733097203
0.01748684150263665231394223291439663434116224545685334873751873109796709637546083381442793176160424544706117790046721658772667462

-0.01676947042591635033775837232017763515036639847345029849357198726064093680320895676426358643294019590948373098713784367933869044
-0.54674727668456002262561035879861765642812829609201927018845519743760703406967136636596334889295825506569289086127054959733097203
-0.54674727668456002262561035879861765642812829609201927018845519743760703406967136636596334889295825506569289086127054959733097203
0.01748684150263665231394223291439663434116224545685334873751873109796709637546083381442793176160424544706117790046721658772667462

-0.54674727668456002262561035879861765642812829609201927018845519743760703406967136636596334889295825506569289086127054959733097203
-0.54674727668456002262561035879861765642812829609201927018845519743760703406967136636596334889295825506569289086127054959733097203
-0.01676947042591635033775837232017763515036639847345029849357198726064093680320895676426358643294019590948373098713784367933869044
0.01748684150263665231394223291439663434116224545685334873751873109796709637546083381442793176160424544706117790046721658772667462

-0.88973597620496360441102091008258705199337700934251116112951761786414499505744831050380971578114329395913048729032105712599936550
-0.54674727668456002262561035879861765642812829609201927018845519743760703406967136636596334889295825506569289086127054959733097203
-0.01676947042591635033775837232017763515036639847345029849357198726064093680320895676426358643294019590948373098713784367933869044
0.01748684150263665231394223291439663434116224545685334873751873109796709637546083381442793176160424544706117790046721658772667462

-0.88973597620496360441102091008258705199337700934251116112951761786414499505744831050380971578114329395913048729032105712599936550
-0.54674727668456002262561035879861765642812829609201927018845519743760703406967136636596334889295825506569289086127054959733097203
-0.54674727668456002262561035879861765642812829609201927018845519743760703406967136636596334889295825506569289086127054959733097203
0.01748684150263665231394223291439663434116224545685334873751873109796709637546083381442793176160424544706117790046721658772667462

-0.88973597620496360441102091008258705199337700934251116112951761786414499505744831050380971578114329395913048729032105712599936550
-0.01676947042591635033775837232017763515036639847345029849357198726064093680320895676426358643294019590948373098713784367933869044
-0.54674727668456002262561035879861765642812829609201927018845519743760703406967136636596334889295825506569289086127054959733097203
0.01748684150263665231394223291439663434116224545685334873751873109796709637546083381442793176160424544706117790046721658772667462

0.08386469816551875223763395807447239520994477936496623943421448590274867033482874649343364124786776695323081010339115155334408561
-0.97179044479174924864287454023976038229302348912791718221179806170962416986050456634856118152118524226195699080549664112274424912
-0.75466165507392525115710866917196842544174996927370045847786736686153000292833903499761018732606905808956214471812559916001612838
0.00842132470819568934216527932837700367109114019833764980873990632319419614766376183818572764615928414464663177652494555287077388

-0.35741259829984425243765074866274358747517132096334859874454905733159449754598514514726227240061346660171167457976891127058370811
-0.97179044479174924864287454023976038229302348912791718221179806170962416986050456634856118152118524226195699080549664112274424912
-0.75466165507392525115710866917196842544174996927370045847786736686153000292833903499761018732606905808956214471812559916001612838
0.00842132470819568934216527932837700367109114019833764980873990632319419614766376183818572764615928414464663177652494555287077388

-0.35741259829984425243765074866274358747517132096334859874454905733159449754598514514726227240061346660171167457976891127058370811
0.08386469816551875223763395807447239520994477936496623943421448590274867033482874649343364124786776695323081010339115155334408561
-0.75466165507392525115710866917196842544174996927370045847786736686153000292833903499761018732606905808956214471812559916001612838
0.00842132470819568934216527932837700367109114019833764980873990632319419614766376183818572764615928414464663177652494555287077388

0.08386469816551875223763395807447239520994477936496623943421448590274867033482874649343364124786776695323081010339115155334408561
-0.35741259829984425243765074866274358747517132096334859874454905733159449754598514514726227240061346660171167457976891127058370811
-0.75466165507392525115710866917196842544174996927370045847786736686153000292833903499761018732606905808956214471812559916001612838
0.00842132470819568934216527932837700367109114019833764980873990632319419614766376183818572764615928414464663177652494555287077388

-0.97179044479174924864287454023976038229302348912791718221179806170962416986050456634856118152118524226195699080549664112274424912
-0.35741259829984425243765074866274358747517132096334859874454905733159449754598514514726227240061346660171167457976891127058370811
-0.75466165507392525115710866917196842544174996927370045847786736686153000292833903499761018732606905808956214471812559916001612838
0.00842132470819568934216527932837700367109114019833764980873990632319419614766376183818572764615928414464663177652494555287077388

-0.97179044479174924864287454023976038229302348912791718221179806170962416986050456634856118152118524226195699080549664112274424912
0.08386469816551875223763395807447239520994477936496623943421448590274867033482874649343364124786776695323081010339115155334408561
-0.75466165507392525115710866917196842544174996927370045847786736686153000292833903499761018732606905808956214471812559916001612838
0.00842132470819568934216527932837700367109114019833764980873990632319419614766376183818572764615928414464663177652494555287077388

-0.97179044479174924864287454023976038229302348912791718221179806170962416986050456634856118152118524226195699080549664112274424912
-0.75466165507392525115710866917196842544174996927370045847786736686153000292833903499761018732606905808956214471812559916001612838
0.08386469816551875223763395807447239520994477936496623943421448590274867033482874649343364124786776695323081010339115155334408561
0.00842132470819568934216527932837700367109114019833764980873990632319419614766376183818572764615928414464663177652494555287077388

-0.97179044479174924864287454023976038229302348912791718221179806170962416986050456634856118152118524226195699080549664112274424912
-0.75466165507392525115710866917196842544174996927370045847786736686153000292833903499761018732606905808956214471812559916001612838
-0.35741259829984425243765074866274358747517132096334859874454905733159449754598514514726227240061346660171167457976891127058370811
0.00842132470819568934216527932837700367109114019833764980873990632319419614766376183818572764615928414464663177652494555287077388

0.08386469816551875223763395807447239520994477936496623943421448590274867033482874649343364124786776695323081010339115155334408561
-0.75466165507392525115710866917196842544174996927370045847786736686153000292833903499761018732606905808956214471812559916001612838
-0.35741259829984425243765074866274358747517132096334859874454905733159449754598514514726227240061346660171167457976891127058370811
0.00842132470819568934216527932837700367109114019833764980873990632319419614766376183818572764615928414464663177652494555287077388

-0.35741259829984425243765074866274358747517132096334859874454905733159449754598514514726227240061346660171167457976891127058370811
-0.75466165507392525115710866917196842544174996927370045847786736686153000292833903499761018732606905808956214471812559916001612838
0.08386469816551875223763395807447239520994477936496623943421448590274867033482874649343364124786776695323081010339115155334408561
0.00842132470819568934216527932837700367109114019833764980873990632319419614766376183818572764615928414464663177652494555287077388

-0.35741259829984425243765074866274358747517132096334859874454905733159449754598514514726227240061346660171167457976891127058370811
-0.75466165507392525115710866917196842544174996927370045847786736686153000292833903499761018732606905808956214471812559916001612838
-0.97179044479174924864287454023976038229302348912791718221179806170962416986050456634856118152118524226195699080549664112274424912
0.00842132470819568934216527932837700367109114019833764980873990632319419614766376183818572764615928414464663177652494555287077388

0.08386469816551875223763395807447239520994477936496623943421448590274867033482874649343364124786776695323081010339115155334408561
-0.75466165507392525115710866917196842544174996927370045847786736686153000292833903499761018732606905808956214471812559916001612838
-0.97179044479174924864287454023976038229302348912791718221179806170962416986050456634856118152118524226195699080549664112274424912
0.00842132470819568934216527932837700367109114019833764980873990632319419614766376183818572764615928414464663177652494555287077388

-0.35741259829984425243765074866274358747517132096334859874454905733159449754598514514726227240061346660171167457976891127058370811
-0.97179044479174924864287454023976038229302348912791718221179806170962416986050456634856118152118524226195699080549664112274424912
0.08386469816551875223763395807447239520994477936496623943421448590274867033482874649343364124786776695323081010339115155334408561
0.00842132470819568934216527932837700367109114019833764980873990632319419614766376183818572764615928414464663177652494555287077388

0.08386469816551875223763395807447239520994477936496623943421448590274867033482874649343364124786776695323081010339115155334408561
-0.97179044479174924864287454023976038229302348912791718221179806170962416986050456634856118152118524226195699080549664112274424912
-0.35741259829984425243765074866274358747517132096334859874454905733159449754598514514726227240061346660171167457976891127058370811
0.00842132470819568934216527932837700367109114019833764980873990632319419614766376183818572764615928414464663177652494555287077388

-0.97179044479174924864287454023976038229302348912791718221179806170962416986050456634856118152118524226195699080549664112274424912
0.08386469816551875223763395807447239520994477936496623943421448590274867033482874649343364124786776695323081010339115155334408561
-0.35741259829984425243765074866274358747517132096334859874454905733159449754598514514726227240061346660171167457976891127058370811
0.00842132470819568934216527932837700367109114019833764980873990632319419614766376183818572764615928414464663177652494555287077388

-0.97179044479174924864287454023976038229302348912791718221179806170962416986050456634856118152118524226195699080549664112274424912
-0.35741259829984425243765074866274358747517132096334859874454905733159449754598514514726227240061346660171167457976891127058370811
0.08386469816551875223763395807447239520994477936496623943421448590274867033482874649343364124786776695323081010339115155334408561
0.00842132470819568934216527932837700367109114019833764980873990632319419614766376183818572764615928414464663177652494555287077388

0.08386469816551875223763395807447239520994477936496623943421448590274867033482874649343364124786776695323081010339115155334408561
-0.35741259829984425243765074866274358747517132096334859874454905733159449754598514514726227240061346660171167457976891127058370811
-0.97179044479174924864287454023976038229302348912791718221179806170962416986050456634856118152118524226195699080549664112274424912
0.00842132470819568934216527932837700367109114019833764980873990632319419614766376183818572764615928414464663177652494555287077388

-0.35741259829984425243765074866274358747517132096334859874454905733159449754598514514726227240061346660171167457976891127058370811
0.08386469816551875223763395807447239520994477936496623943421448590274867033482874649343364124786776695323081010339115155334408561
-0.97179044479174924864287454023976038229302348912791718221179806170962416986050456634856118152118524226195699080549664112274424912
0.00842132470819568934216527932837700367109114019833764980873990632319419614766376183818572764615928414464663177652494555287077388

-0.75466165507392525115710866917196842544174996927370045847786736686153000292833903499761018732606905808956214471812559916001612838
0.08386469816551875223763395807447239520994477936496623943421448590274867033482874649343364124786776695323081010339115155334408561
-0.97179044479174924864287454023976038229302348912791718221179806170962416986050456634856118152118524226195699080549664112274424912
0.00842132470819568934216527932837700367109114019833764980873990632319419614766376183818572764615928414464663177652494555287077388

-0.75466165507392525115710866917196842544174996927370045847786736686153000292833903499761018732606905808956214471812559916001612838
-0.35741259829984425243765074866274358747517132096334859874454905733159449754598514514726227240061346660171167457976891127058370811
-0.97179044479174924864287454023976038229302348912791718221179806170962416986050456634856118152118524226195699080549664112274424912
0.00842132470819568934216527932837700367109114019833764980873990632319419614766376183818572764615928414464663177652494555287077388

-0.75466165507392525115710866917196842544174996927370045847786736686153000292833903499761018732606905808956214471812559916001612838
-0.35741259829984425243765074866274358747517132096334859874454905733159449754598514514726227240061346660171167457976891127058370811
0.08386469816551875223763395807447239520994477936496623943421448590274867033482874649343364124786776695323081010339115155334408561
0.00842132470819568934216527932837700367109114019833764980873990632319419614766376183818572764615928414464663177652494555287077388

-0.75466165507392525115710866917196842544174996927370045847786736686153000292833903499761018732606905808956214471812559916001612838
0.08386469816551875223763395807447239520994477936496623943421448590274867033482874649343364124786776695323081010339115155334408561
-0.35741259829984425243765074866274358747517132096334859874454905733159449754598514514726227240061346660171167457976891127058370811
0.00842132470819568934216527932837700367109114019833764980873990632319419614766376183818572764615928414464663177652494555287077388

-0.75466165507392525115710866917196842544174996927370045847786736686153000292833903499761018732606905808956214471812559916001612838
-0.97179044479174924864287454023976038229302348912791718221179806170962416986050456634856118152118524226195699080549664112274424912
-0.35741259829984425243765074866274358747517132096334859874454905733159449754598514514726227240061346660171167457976891127058370811
0.00842132470819568934216527932837700367109114019833764980873990632319419614766376183818572764615928414464663177652494555287077388

-0.75466165507392525115710866917196842544174996927370045847786736686153000292833903499761018732606905808956214471812559916001612838
-0.97179044479174924864287454023976038229302348912791718221179806170962416986050456634856118152118524226195699080549664112274424912
0.08386469816551875223763395807447239520994477936496623943421448590274867033482874649343364124786776695323081010339115155334408561
0.00842132470819568934216527932837700367109114019833764980873990632319419614766376183818572764615928414464663177652494555287077388

