centroid       numS31         numS22         numS211        numS1111       
false (1)      4 (4)          0 (6)          5 (12)         1 (24)         

-0.34927113006532071528126126068619659335610580299750131181531124194015753920815908546462668749272532615663237343602933988025876195
-0.34927113006532071528126126068619659335610580299750131181531124194015753920815908546462668749272532615663237343602933988025876195
-0.95218660980403785415621621794141021993168259100749606455406627417952738237552274360611993752182402153010287969191198035922371414
0.02001840971877748121938811747383909429351939998250041117824780992128335749936456336622835675502359447493291069311616914731950847

-0.34927113006532071528126126068619659335610580299750131181531124194015753920815908546462668749272532615663237343602933988025876195
-0.95218660980403785415621621794141021993168259100749606455406627417952738237552274360611993752182402153010287969191198035922371414
-0.34927113006532071528126126068619659335610580299750131181531124194015753920815908546462668749272532615663237343602933988025876195
0.02001840971877748121938811747383909429351939998250041117824780992128335749936456336622835675502359447493291069311616914731950847

-0.34927113006532071528126126068619659335610580299750131181531124194015753920815908546462668749272532615663237343602933988025876195
-0.34927113006532071528126126068619659335610580299750131181531124194015753920815908546462668749272532615663237343602933988025876195
-0.34927113006532071528126126068619659335610580299750131181531124194015753920815908546462668749272532615663237343602933988025876195
0.02001840971877748121938811747383909429351939998250041117824780992128335749936456336622835675502359447493291069311616914731950847

-0.95218660980403785415621621794141021993168259100749606455406627417952738237552274360611993752182402153010287969191198035922371414
-0.34927113006532071528126126068619659335610580299750131181531124194015753920815908546462668749272532615663237343602933988025876195
-0.34927113006532071528126126068619659335610580299750131181531124194015753920815908546462668749272532615663237343602933988025876195
0.02001840971877748121938811747383909429351939998250041117824780992128335749936456336622835675502359447493291069311616914731950847

-0.76992913936896941544302635308780679094311895007147042579515325188136964104462484525822067048542816882405518692896863686430766090
-0.76992913936896941544302635308780679094311895007147042579515325188136964104462484525822067048542816882405518692896863686430766090
0.30978741810690824632907905926342037282935685021441127738545975564410892313387453577466201145628450647216556078690591059292298269
0.00639736605871390689617314831182722031711669187380104187592728820221395464754182880637792747741511279113111573819664961860797123

-0.76992913936896941544302635308780679094311895007147042579515325188136964104462484525822067048542816882405518692896863686430766090
0.30978741810690824632907905926342037282935685021441127738545975564410892313387453577466201145628450647216556078690591059292298269
-0.76992913936896941544302635308780679094311895007147042579515325188136964104462484525822067048542816882405518692896863686430766090
0.00639736605871390689617314831182722031711669187380104187592728820221395464754182880637792747741511279113111573819664961860797123

-0.76992913936896941544302635308780679094311895007147042579515325188136964104462484525822067048542816882405518692896863686430766090
-0.76992913936896941544302635308780679094311895007147042579515325188136964104462484525822067048542816882405518692896863686430766090
-0.76992913936896941544302635308780679094311895007147042579515325188136964104462484525822067048542816882405518692896863686430766090
0.00639736605871390689617314831182722031711669187380104187592728820221395464754182880637792747741511279113111573819664961860797123

0.30978741810690824632907905926342037282935685021441127738545975564410892313387453577466201145628450647216556078690591059292298269
-0.76992913936896941544302635308780679094311895007147042579515325188136964104462484525822067048542816882405518692896863686430766090
-0.76992913936896941544302635308780679094311895007147042579515325188136964104462484525822067048542816882405518692896863686430766090
0.00639736605871390689617314831182722031711669187380104187592728820221395464754182880637792747741511279113111573819664961860797123

-0.41910285836117769221790143999856984706313436551164824802703430690315496398768264065935063760793410977114577953830043017888607839
-0.41910285836117769221790143999856984706313436551164824802703430690315496398768264065935063760793410977114577953830043017888607839
-0.74269142491646692334629568000429045881059690346505525591889707929053510803695207802194808717619767068656266138509870946334176482
0.03985860955221078801869084500178570879625361899886689349851331243510626370292877088933130416415106381075463691942860918661977380

-0.41910285836117769221790143999856984706313436551164824802703430690315496398768264065935063760793410977114577953830043017888607839
-0.74269142491646692334629568000429045881059690346505525591889707929053510803695207802194808717619767068656266138509870946334176482
-0.41910285836117769221790143999856984706313436551164824802703430690315496398768264065935063760793410977114577953830043017888607839
0.03985860955221078801869084500178570879625361899886689349851331243510626370292877088933130416415106381075463691942860918661977380

-0.41910285836117769221790143999856984706313436551164824802703430690315496398768264065935063760793410977114577953830043017888607839
-0.41910285836117769221790143999856984706313436551164824802703430690315496398768264065935063760793410977114577953830043017888607839
-0.41910285836117769221790143999856984706313436551164824802703430690315496398768264065935063760793410977114577953830043017888607839
0.03985860955221078801869084500178570879625361899886689349851331243510626370292877088933130416415106381075463691942860918661977380

-0.74269142491646692334629568000429045881059690346505525591889707929053510803695207802194808717619767068656266138509870946334176482
-0.41910285836117769221790143999856984706313436551164824802703430690315496398768264065935063760793410977114577953830043017888607839
-0.41910285836117769221790143999856984706313436551164824802703430690315496398768264065935063760793410977114577953830043017888607839
0.03985860955221078801869084500178570879625361899886689349851331243510626370292877088933130416415106381075463691942860918661977380

-0.70805238283140839638706752590495844831524753639734339918288815269693158654800575598823297160680856260495555348827140918180428059
-0.70805238283140839638706752590495844831524753639734339918288815269693158654800575598823297160680856260495555348827140918180428059
0.12415714849422518916120257771487534494574260919203019754866445809079475964401726796469891482042568781486666046481422754541284176
0.01802515370971513303751122876339540016994816192366640126377396778287200216834759703381469069650285557166095880842859213857235515

-0.70805238283140839638706752590495844831524753639734339918288815269693158654800575598823297160680856260495555348827140918180428059
0.12415714849422518916120257771487534494574260919203019754866445809079475964401726796469891482042568781486666046481422754541284176
-0.70805238283140839638706752590495844831524753639734339918288815269693158654800575598823297160680856260495555348827140918180428059
0.01802515370971513303751122876339540016994816192366640126377396778287200216834759703381469069650285557166095880842859213857235515

-0.70805238283140839638706752590495844831524753639734339918288815269693158654800575598823297160680856260495555348827140918180428059
-0.70805238283140839638706752590495844831524753639734339918288815269693158654800575598823297160680856260495555348827140918180428059
-0.70805238283140839638706752590495844831524753639734339918288815269693158654800575598823297160680856260495555348827140918180428059
0.01802515370971513303751122876339540016994816192366640126377396778287200216834759703381469069650285557166095880842859213857235515

0.12415714849422518916120257771487534494574260919203019754866445809079475964401726796469891482042568781486666046481422754541284176
-0.70805238283140839638706752590495844831524753639734339918288815269693158654800575598823297160680856260495555348827140918180428059
-0.70805238283140839638706752590495844831524753639734339918288815269693158654800575598823297160680856260495555348827140918180428059
0.01802515370971513303751122876339540016994816192366640126377396778287200216834759703381469069650285557166095880842859213857235515

-0.96701949349577547411972304963176597104873665168447691816566307665294997284158648597785919125238709163997169031067976084940980531
-0.84614288526593755518753574187000089693171669734543884024015613230835074169295701620285339899702378848581504065667184423978053574
0.78018187225748850342698184113353283902919000071439267657148228561425068737612998815857178150179797176575842127803136593860014636
0.00221779500934485488117588846290996707160061004919240298452365872305141498753183278091711468099640465085485206292965080372690825

-0.96701949349577547411972304963176597104873665168447691816566307665294997284158648597785919125238709163997169031067976084940980531
-0.96701949349577547411972304963176597104873665168447691816566307665294997284158648597785919125238709163997169031067976084940980531
0.78018187225748850342698184113353283902919000071439267657148228561425068737612998815857178150179797176575842127803136593860014636
0.00221779500934485488117588846290996707160061004919240298452365872305141498753183278091711468099640465085485206292965080372690825

-0.84614288526593755518753574187000089693171669734543884024015613230835074169295701620285339899702378848581504065667184423978053574
-0.96701949349577547411972304963176597104873665168447691816566307665294997284158648597785919125238709163997169031067976084940980531
0.78018187225748850342698184113353283902919000071439267657148228561425068737612998815857178150179797176575842127803136593860014636
0.00221779500934485488117588846290996707160061004919240298452365872305141498753183278091711468099640465085485206292965080372690825

-0.84614288526593755518753574187000089693171669734543884024015613230835074169295701620285339899702378848581504065667184423978053574
0.78018187225748850342698184113353283902919000071439267657148228561425068737612998815857178150179797176575842127803136593860014636
-0.96701949349577547411972304963176597104873665168447691816566307665294997284158648597785919125238709163997169031067976084940980531
0.00221779500934485488117588846290996707160061004919240298452365872305141498753183278091711468099640465085485206292965080372690825

-0.96701949349577547411972304963176597104873665168447691816566307665294997284158648597785919125238709163997169031067976084940980531
0.78018187225748850342698184113353283902919000071439267657148228561425068737612998815857178150179797176575842127803136593860014636
-0.96701949349577547411972304963176597104873665168447691816566307665294997284158648597785919125238709163997169031067976084940980531
0.00221779500934485488117588846290996707160061004919240298452365872305141498753183278091711468099640465085485206292965080372690825

-0.96701949349577547411972304963176597104873665168447691816566307665294997284158648597785919125238709163997169031067976084940980531
0.78018187225748850342698184113353283902919000071439267657148228561425068737612998815857178150179797176575842127803136593860014636
-0.84614288526593755518753574187000089693171669734543884024015613230835074169295701620285339899702378848581504065667184423978053574
0.00221779500934485488117588846290996707160061004919240298452365872305141498753183278091711468099640465085485206292965080372690825

-0.96701949349577547411972304963176597104873665168447691816566307665294997284158648597785919125238709163997169031067976084940980531
-0.84614288526593755518753574187000089693171669734543884024015613230835074169295701620285339899702378848581504065667184423978053574
-0.96701949349577547411972304963176597104873665168447691816566307665294997284158648597785919125238709163997169031067976084940980531
0.00221779500934485488117588846290996707160061004919240298452365872305141498753183278091711468099640465085485206292965080372690825

-0.84614288526593755518753574187000089693171669734543884024015613230835074169295701620285339899702378848581504065667184423978053574
-0.96701949349577547411972304963176597104873665168447691816566307665294997284158648597785919125238709163997169031067976084940980531
-0.96701949349577547411972304963176597104873665168447691816566307665294997284158648597785919125238709163997169031067976084940980531
0.00221779500934485488117588846290996707160061004919240298452365872305141498753183278091711468099640465085485206292965080372690825

-0.96701949349577547411972304963176597104873665168447691816566307665294997284158648597785919125238709163997169031067976084940980531
-0.96701949349577547411972304963176597104873665168447691816566307665294997284158648597785919125238709163997169031067976084940980531
-0.84614288526593755518753574187000089693171669734543884024015613230835074169295701620285339899702378848581504065667184423978053574
0.00221779500934485488117588846290996707160061004919240298452365872305141498753183278091711468099640465085485206292965080372690825

0.78018187225748850342698184113353283902919000071439267657148228561425068737612998815857178150179797176575842127803136593860014636
-0.96701949349577547411972304963176597104873665168447691816566307665294997284158648597785919125238709163997169031067976084940980531
-0.84614288526593755518753574187000089693171669734543884024015613230835074169295701620285339899702378848581504065667184423978053574
0.00221779500934485488117588846290996707160061004919240298452365872305141498753183278091711468099640465085485206292965080372690825

0.78018187225748850342698184113353283902919000071439267657148228561425068737612998815857178150179797176575842127803136593860014636
-0.96701949349577547411972304963176597104873665168447691816566307665294997284158648597785919125238709163997169031067976084940980531
-0.96701949349577547411972304963176597104873665168447691816566307665294997284158648597785919125238709163997169031067976084940980531
0.00221779500934485488117588846290996707160061004919240298452365872305141498753183278091711468099640465085485206292965080372690825

0.78018187225748850342698184113353283902919000071439267657148228561425068737612998815857178150179797176575842127803136593860014636
-0.84614288526593755518753574187000089693171669734543884024015613230835074169295701620285339899702378848581504065667184423978053574
-0.96701949349577547411972304963176597104873665168447691816566307665294997284158648597785919125238709163997169031067976084940980531
0.00221779500934485488117588846290996707160061004919240298452365872305141498753183278091711468099640465085485206292965080372690825

-0.94676522813174436773379279080108201170014764403746144970349403659480758226441394001715213196216796153450944541141617144367556794
-0.50437607876507786589906341143963348240257734726279461826869337706983350497802332659596357941305363375815241735958522832095004198
0.39790653502856660136664899304179750580287263533771751767568145025944866950685120663026784333738955682717130818241757120830117786
0.00763249689187709614802292328832646953522386896949017584845705519070987459537383492953975279128248726530926760635037651535362848

-0.94676522813174436773379279080108201170014764403746144970349403659480758226441394001715213196216796153450944541141617144367556794
-0.94676522813174436773379279080108201170014764403746144970349403659480758226441394001715213196216796153450944541141617144367556794
0.39790653502856660136664899304179750580287263533771751767568145025944866950685120663026784333738955682717130818241757120830117786
0.00763249689187709614802292328832646953522386896949017584845705519070987459537383492953975279128248726530926760635037651535362848

-0.50437607876507786589906341143963348240257734726279461826869337706983350497802332659596357941305363375815241735958522832095004198
-0.94676522813174436773379279080108201170014764403746144970349403659480758226441394001715213196216796153450944541141617144367556794
0.39790653502856660136664899304179750580287263533771751767568145025944866950685120663026784333738955682717130818241757120830117786
0.00763249689187709614802292328832646953522386896949017584845705519070987459537383492953975279128248726530926760635037651535362848

-0.50437607876507786589906341143963348240257734726279461826869337706983350497802332659596357941305363375815241735958522832095004198
0.39790653502856660136664899304179750580287263533771751767568145025944866950685120663026784333738955682717130818241757120830117786
-0.94676522813174436773379279080108201170014764403746144970349403659480758226441394001715213196216796153450944541141617144367556794
0.00763249689187709614802292328832646953522386896949017584845705519070987459537383492953975279128248726530926760635037651535362848

-0.94676522813174436773379279080108201170014764403746144970349403659480758226441394001715213196216796153450944541141617144367556794
0.39790653502856660136664899304179750580287263533771751767568145025944866950685120663026784333738955682717130818241757120830117786
-0.94676522813174436773379279080108201170014764403746144970349403659480758226441394001715213196216796153450944541141617144367556794
0.00763249689187709614802292328832646953522386896949017584845705519070987459537383492953975279128248726530926760635037651535362848

-0.94676522813174436773379279080108201170014764403746144970349403659480758226441394001715213196216796153450944541141617144367556794
0.39790653502856660136664899304179750580287263533771751767568145025944866950685120663026784333738955682717130818241757120830117786
-0.50437607876507786589906341143963348240257734726279461826869337706983350497802332659596357941305363375815241735958522832095004198
0.00763249689187709614802292328832646953522386896949017584845705519070987459537383492953975279128248726530926760635037651535362848

-0.94676522813174436773379279080108201170014764403746144970349403659480758226441394001715213196216796153450944541141617144367556794
-0.50437607876507786589906341143963348240257734726279461826869337706983350497802332659596357941305363375815241735958522832095004198
-0.94676522813174436773379279080108201170014764403746144970349403659480758226441394001715213196216796153450944541141617144367556794
0.00763249689187709614802292328832646953522386896949017584845705519070987459537383492953975279128248726530926760635037651535362848

-0.50437607876507786589906341143963348240257734726279461826869337706983350497802332659596357941305363375815241735958522832095004198
-0.94676522813174436773379279080108201170014764403746144970349403659480758226441394001715213196216796153450944541141617144367556794
-0.94676522813174436773379279080108201170014764403746144970349403659480758226441394001715213196216796153450944541141617144367556794
0.00763249689187709614802292328832646953522386896949017584845705519070987459537383492953975279128248726530926760635037651535362848

-0.94676522813174436773379279080108201170014764403746144970349403659480758226441394001715213196216796153450944541141617144367556794
-0.94676522813174436773379279080108201170014764403746144970349403659480758226441394001715213196216796153450944541141617144367556794
-0.50437607876507786589906341143963348240257734726279461826869337706983350497802332659596357941305363375815241735958522832095004198
0.00763249689187709614802292328832646953522386896949017584845705519070987459537383492953975279128248726530926760635037651535362848

0.39790653502856660136664899304179750580287263533771751767568145025944866950685120663026784333738955682717130818241757120830117786
-0.94676522813174436773379279080108201170014764403746144970349403659480758226441394001715213196216796153450944541141617144367556794
-0.50437607876507786589906341143963348240257734726279461826869337706983350497802332659596357941305363375815241735958522832095004198
0.00763249689187709614802292328832646953522386896949017584845705519070987459537383492953975279128248726530926760635037651535362848

0.39790653502856660136664899304179750580287263533771751767568145025944866950685120663026784333738955682717130818241757120830117786
-0.94676522813174436773379279080108201170014764403746144970349403659480758226441394001715213196216796153450944541141617144367556794
-0.94676522813174436773379279080108201170014764403746144970349403659480758226441394001715213196216796153450944541141617144367556794
0.00763249689187709614802292328832646953522386896949017584845705519070987459537383492953975279128248726530926760635037651535362848

0.39790653502856660136664899304179750580287263533771751767568145025944866950685120663026784333738955682717130818241757120830117786
-0.50437607876507786589906341143963348240257734726279461826869337706983350497802332659596357941305363375815241735958522832095004198
-0.94676522813174436773379279080108201170014764403746144970349403659480758226441394001715213196216796153450944541141617144367556794
0.00763249689187709614802292328832646953522386896949017584845705519070987459537383492953975279128248726530926760635037651535362848

-0.76321142226141982650675353196779180367039098927129828584648384601846406445353135293081793452787355471022092902306132032058473456
0.47488685853106397277300526798845780068066199457288180403306175939133440023709357255264822778253916891640113016654075116772263701
-0.94846401400822431975949820405287419333988001603028523234009406735440627133003086669101235872679205949595927212041811052655316789
0.01105024263924091977118512571654515423678241686076428653645685355839288340558977818955748070126529812908197197453499090329322238

-0.76321142226141982650675353196779180367039098927129828584648384601846406445353135293081793452787355471022092902306132032058473456
-0.76321142226141982650675353196779180367039098927129828584648384601846406445353135293081793452787355471022092902306132032058473456
-0.94846401400822431975949820405287419333988001603028523234009406735440627133003086669101235872679205949595927212041811052655316789
0.01105024263924091977118512571654515423678241686076428653645685355839288340558977818955748070126529812908197197453499090329322238

0.47488685853106397277300526798845780068066199457288180403306175939133440023709357255264822778253916891640113016654075116772263701
-0.76321142226141982650675353196779180367039098927129828584648384601846406445353135293081793452787355471022092902306132032058473456
-0.94846401400822431975949820405287419333988001603028523234009406735440627133003086669101235872679205949595927212041811052655316789
0.01105024263924091977118512571654515423678241686076428653645685355839288340558977818955748070126529812908197197453499090329322238

0.47488685853106397277300526798845780068066199457288180403306175939133440023709357255264822778253916891640113016654075116772263701
-0.94846401400822431975949820405287419333988001603028523234009406735440627133003086669101235872679205949595927212041811052655316789
-0.76321142226141982650675353196779180367039098927129828584648384601846406445353135293081793452787355471022092902306132032058473456
0.01105024263924091977118512571654515423678241686076428653645685355839288340558977818955748070126529812908197197453499090329322238

-0.76321142226141982650675353196779180367039098927129828584648384601846406445353135293081793452787355471022092902306132032058473456
-0.94846401400822431975949820405287419333988001603028523234009406735440627133003086669101235872679205949595927212041811052655316789
-0.76321142226141982650675353196779180367039098927129828584648384601846406445353135293081793452787355471022092902306132032058473456
0.01105024263924091977118512571654515423678241686076428653645685355839288340558977818955748070126529812908197197453499090329322238

-0.76321142226141982650675353196779180367039098927129828584648384601846406445353135293081793452787355471022092902306132032058473456
-0.94846401400822431975949820405287419333988001603028523234009406735440627133003086669101235872679205949595927212041811052655316789
0.47488685853106397277300526798845780068066199457288180403306175939133440023709357255264822778253916891640113016654075116772263701
0.01105024263924091977118512571654515423678241686076428653645685355839288340558977818955748070126529812908197197453499090329322238

-0.76321142226141982650675353196779180367039098927129828584648384601846406445353135293081793452787355471022092902306132032058473456
0.47488685853106397277300526798845780068066199457288180403306175939133440023709357255264822778253916891640113016654075116772263701
-0.76321142226141982650675353196779180367039098927129828584648384601846406445353135293081793452787355471022092902306132032058473456
0.01105024263924091977118512571654515423678241686076428653645685355839288340558977818955748070126529812908197197453499090329322238

0.47488685853106397277300526798845780068066199457288180403306175939133440023709357255264822778253916891640113016654075116772263701
-0.76321142226141982650675353196779180367039098927129828584648384601846406445353135293081793452787355471022092902306132032058473456
-0.76321142226141982650675353196779180367039098927129828584648384601846406445353135293081793452787355471022092902306132032058473456
0.01105024263924091977118512571654515423678241686076428653645685355839288340558977818955748070126529812908197197453499090329322238

-0.76321142226141982650675353196779180367039098927129828584648384601846406445353135293081793452787355471022092902306132032058473456
-0.76321142226141982650675353196779180367039098927129828584648384601846406445353135293081793452787355471022092902306132032058473456
0.47488685853106397277300526798845780068066199457288180403306175939133440023709357255264822778253916891640113016654075116772263701
0.01105024263924091977118512571654515423678241686076428653645685355839288340558977818955748070126529812908197197453499090329322238

-0.94846401400822431975949820405287419333988001603028523234009406735440627133003086669101235872679205949595927212041811052655316789
-0.76321142226141982650675353196779180367039098927129828584648384601846406445353135293081793452787355471022092902306132032058473456
0.47488685853106397277300526798845780068066199457288180403306175939133440023709357255264822778253916891640113016654075116772263701
0.01105024263924091977118512571654515423678241686076428653645685355839288340558977818955748070126529812908197197453499090329322238

-0.94846401400822431975949820405287419333988001603028523234009406735440627133003086669101235872679205949595927212041811052655316789
-0.76321142226141982650675353196779180367039098927129828584648384601846406445353135293081793452787355471022092902306132032058473456
-0.76321142226141982650675353196779180367039098927129828584648384601846406445353135293081793452787355471022092902306132032058473456
0.01105024263924091977118512571654515423678241686076428653645685355839288340558977818955748070126529812908197197453499090329322238

-0.94846401400822431975949820405287419333988001603028523234009406735440627133003086669101235872679205949595927212041811052655316789
0.47488685853106397277300526798845780068066199457288180403306175939133440023709357255264822778253916891640113016654075116772263701
-0.76321142226141982650675353196779180367039098927129828584648384601846406445353135293081793452787355471022092902306132032058473456
0.01105024263924091977118512571654515423678241686076428653645685355839288340558977818955748070126529812908197197453499090329322238

-0.05863336877686785455958601774032112933679642629620140934019972607868951069278739284682275178425441057387032573535964878138111610
-0.92050521190908857247685513076111376488095903410479045300699438878601526846283966192082990658133491626031216569304161331448323049
-0.96222805053717571840397283375824397644544811330280672831260615905660571015158555238552458985015626259194718283623908912275453731
0.00518976400027542193890089763162362458435512917045013980788226784096830306126490095109349755372074067747612334102509651556327852

-0.05863336877686785455958601774032112933679642629620140934019972607868951069278739284682275178425441057387032573535964878138111610
-0.05863336877686785455958601774032112933679642629620140934019972607868951069278739284682275178425441057387032573535964878138111610
-0.96222805053717571840397283375824397644544811330280672831260615905660571015158555238552458985015626259194718283623908912275453731
0.00518976400027542193890089763162362458435512917045013980788226784096830306126490095109349755372074067747612334102509651556327852

-0.92050521190908857247685513076111376488095903410479045300699438878601526846283966192082990658133491626031216569304161331448323049
-0.05863336877686785455958601774032112933679642629620140934019972607868951069278739284682275178425441057387032573535964878138111610
-0.96222805053717571840397283375824397644544811330280672831260615905660571015158555238552458985015626259194718283623908912275453731
0.00518976400027542193890089763162362458435512917045013980788226784096830306126490095109349755372074067747612334102509651556327852

-0.92050521190908857247685513076111376488095903410479045300699438878601526846283966192082990658133491626031216569304161331448323049
-0.96222805053717571840397283375824397644544811330280672831260615905660571015158555238552458985015626259194718283623908912275453731
-0.05863336877686785455958601774032112933679642629620140934019972607868951069278739284682275178425441057387032573535964878138111610
0.00518976400027542193890089763162362458435512917045013980788226784096830306126490095109349755372074067747612334102509651556327852

-0.05863336877686785455958601774032112933679642629620140934019972607868951069278739284682275178425441057387032573535964878138111610
-0.96222805053717571840397283375824397644544811330280672831260615905660571015158555238552458985015626259194718283623908912275453731
-0.05863336877686785455958601774032112933679642629620140934019972607868951069278739284682275178425441057387032573535964878138111610
0.00518976400027542193890089763162362458435512917045013980788226784096830306126490095109349755372074067747612334102509651556327852

-0.05863336877686785455958601774032112933679642629620140934019972607868951069278739284682275178425441057387032573535964878138111610
-0.96222805053717571840397283375824397644544811330280672831260615905660571015158555238552458985015626259194718283623908912275453731
-0.92050521190908857247685513076111376488095903410479045300699438878601526846283966192082990658133491626031216569304161331448323049
0.00518976400027542193890089763162362458435512917045013980788226784096830306126490095109349755372074067747612334102509651556327852

-0.05863336877686785455958601774032112933679642629620140934019972607868951069278739284682275178425441057387032573535964878138111610
-0.92050521190908857247685513076111376488095903410479045300699438878601526846283966192082990658133491626031216569304161331448323049
-0.05863336877686785455958601774032112933679642629620140934019972607868951069278739284682275178425441057387032573535964878138111610
0.00518976400027542193890089763162362458435512917045013980788226784096830306126490095109349755372074067747612334102509651556327852

-0.92050521190908857247685513076111376488095903410479045300699438878601526846283966192082990658133491626031216569304161331448323049
-0.05863336877686785455958601774032112933679642629620140934019972607868951069278739284682275178425441057387032573535964878138111610
-0.05863336877686785455958601774032112933679642629620140934019972607868951069278739284682275178425441057387032573535964878138111610
0.00518976400027542193890089763162362458435512917045013980788226784096830306126490095109349755372074067747612334102509651556327852

-0.05863336877686785455958601774032112933679642629620140934019972607868951069278739284682275178425441057387032573535964878138111610
-0.05863336877686785455958601774032112933679642629620140934019972607868951069278739284682275178425441057387032573535964878138111610
-0.92050521190908857247685513076111376488095903410479045300699438878601526846283966192082990658133491626031216569304161331448323049
0.00518976400027542193890089763162362458435512917045013980788226784096830306126490095109349755372074067747612334102509651556327852

-0.96222805053717571840397283375824397644544811330280672831260615905660571015158555238552458985015626259194718283623908912275453731
-0.05863336877686785455958601774032112933679642629620140934019972607868951069278739284682275178425441057387032573535964878138111610
-0.92050521190908857247685513076111376488095903410479045300699438878601526846283966192082990658133491626031216569304161331448323049
0.00518976400027542193890089763162362458435512917045013980788226784096830306126490095109349755372074067747612334102509651556327852

-0.96222805053717571840397283375824397644544811330280672831260615905660571015158555238552458985015626259194718283623908912275453731
-0.05863336877686785455958601774032112933679642629620140934019972607868951069278739284682275178425441057387032573535964878138111610
-0.05863336877686785455958601774032112933679642629620140934019972607868951069278739284682275178425441057387032573535964878138111610
0.00518976400027542193890089763162362458435512917045013980788226784096830306126490095109349755372074067747612334102509651556327852

-0.96222805053717571840397283375824397644544811330280672831260615905660571015158555238552458985015626259194718283623908912275453731
-0.92050521190908857247685513076111376488095903410479045300699438878601526846283966192082990658133491626031216569304161331448323049
-0.05863336877686785455958601774032112933679642629620140934019972607868951069278739284682275178425441057387032573535964878138111610
0.00518976400027542193890089763162362458435512917045013980788226784096830306126490095109349755372074067747612334102509651556327852

-0.75370533983983358004151718406561710102838973900155562455367180751614162915568249927744753914399390938755590918364725036946157478
-0.41719648784855503737519346760955383458968011409359056909307602488147043391803226089851610534758101651290156852912485612693594902
-0.07539283247177780254177216425921196335354040790329818179958036008624630777060274054658881636443116471198661310358064313414090142
0.02336387342972217435674145109692927234948146668333978140637381464026686175440278541185644719907111106908673578898602377917097178

-0.75370533983983358004151718406561710102838973900155562455367180751614162915568249927744753914399390938755590918364725036946157478
-0.75370533983983358004151718406561710102838973900155562455367180751614162915568249927744753914399390938755590918364725036946157478
-0.07539283247177780254177216425921196335354040790329818179958036008624630777060274054658881636443116471198661310358064313414090142
0.02336387342972217435674145109692927234948146668333978140637381464026686175440278541185644719907111106908673578898602377917097178

-0.41719648784855503737519346760955383458968011409359056909307602488147043391803226089851610534758101651290156852912485612693594902
-0.75370533983983358004151718406561710102838973900155562455367180751614162915568249927744753914399390938755590918364725036946157478
-0.07539283247177780254177216425921196335354040790329818179958036008624630777060274054658881636443116471198661310358064313414090142
0.02336387342972217435674145109692927234948146668333978140637381464026686175440278541185644719907111106908673578898602377917097178

-0.41719648784855503737519346760955383458968011409359056909307602488147043391803226089851610534758101651290156852912485612693594902
-0.07539283247177780254177216425921196335354040790329818179958036008624630777060274054658881636443116471198661310358064313414090142
-0.75370533983983358004151718406561710102838973900155562455367180751614162915568249927744753914399390938755590918364725036946157478
0.02336387342972217435674145109692927234948146668333978140637381464026686175440278541185644719907111106908673578898602377917097178

-0.75370533983983358004151718406561710102838973900155562455367180751614162915568249927744753914399390938755590918364725036946157478
-0.07539283247177780254177216425921196335354040790329818179958036008624630777060274054658881636443116471198661310358064313414090142
-0.75370533983983358004151718406561710102838973900155562455367180751614162915568249927744753914399390938755590918364725036946157478
0.02336387342972217435674145109692927234948146668333978140637381464026686175440278541185644719907111106908673578898602377917097178

-0.75370533983983358004151718406561710102838973900155562455367180751614162915568249927744753914399390938755590918364725036946157478
-0.07539283247177780254177216425921196335354040790329818179958036008624630777060274054658881636443116471198661310358064313414090142
-0.41719648784855503737519346760955383458968011409359056909307602488147043391803226089851610534758101651290156852912485612693594902
0.02336387342972217435674145109692927234948146668333978140637381464026686175440278541185644719907111106908673578898602377917097178

-0.75370533983983358004151718406561710102838973900155562455367180751614162915568249927744753914399390938755590918364725036946157478
-0.41719648784855503737519346760955383458968011409359056909307602488147043391803226089851610534758101651290156852912485612693594902
-0.75370533983983358004151718406561710102838973900155562455367180751614162915568249927744753914399390938755590918364725036946157478
0.02336387342972217435674145109692927234948146668333978140637381464026686175440278541185644719907111106908673578898602377917097178

-0.41719648784855503737519346760955383458968011409359056909307602488147043391803226089851610534758101651290156852912485612693594902
-0.75370533983983358004151718406561710102838973900155562455367180751614162915568249927744753914399390938755590918364725036946157478
-0.75370533983983358004151718406561710102838973900155562455367180751614162915568249927744753914399390938755590918364725036946157478
0.02336387342972217435674145109692927234948146668333978140637381464026686175440278541185644719907111106908673578898602377917097178

-0.75370533983983358004151718406561710102838973900155562455367180751614162915568249927744753914399390938755590918364725036946157478
-0.75370533983983358004151718406561710102838973900155562455367180751614162915568249927744753914399390938755590918364725036946157478
-0.41719648784855503737519346760955383458968011409359056909307602488147043391803226089851610534758101651290156852912485612693594902
0.02336387342972217435674145109692927234948146668333978140637381464026686175440278541185644719907111106908673578898602377917097178

-0.07539283247177780254177216425921196335354040790329818179958036008624630777060274054658881636443116471198661310358064313414090142
-0.75370533983983358004151718406561710102838973900155562455367180751614162915568249927744753914399390938755590918364725036946157478
-0.41719648784855503737519346760955383458968011409359056909307602488147043391803226089851610534758101651290156852912485612693594902
0.02336387342972217435674145109692927234948146668333978140637381464026686175440278541185644719907111106908673578898602377917097178

-0.07539283247177780254177216425921196335354040790329818179958036008624630777060274054658881636443116471198661310358064313414090142
-0.75370533983983358004151718406561710102838973900155562455367180751614162915568249927744753914399390938755590918364725036946157478
-0.75370533983983358004151718406561710102838973900155562455367180751614162915568249927744753914399390938755590918364725036946157478
0.02336387342972217435674145109692927234948146668333978140637381464026686175440278541185644719907111106908673578898602377917097178

-0.07539283247177780254177216425921196335354040790329818179958036008624630777060274054658881636443116471198661310358064313414090142
-0.41719648784855503737519346760955383458968011409359056909307602488147043391803226089851610534758101651290156852912485612693594902
-0.75370533983983358004151718406561710102838973900155562455367180751614162915568249927744753914399390938755590918364725036946157478
0.02336387342972217435674145109692927234948146668333978140637381464026686175440278541185644719907111106908673578898602377917097178

0.05723079653774150954908798181201797792438050612865010715526262049698774394667505148212016490584639696078744531157724172047437331
-0.94863379742305892085964067782667605825129635457523016343072681160240681204982720994697135885867362903986122711492168505359417282
-0.71317609697233982990308753057213387670653308262059853858489869926899632286970573139526232453418312676493678136567890550380749505
0.01677854639708910381224852253224707440402749755913137096096500085528162365044352940811469591020543021823780980878081628181494941

-0.39542090214234275878635977341320804296655106893282140513963710962558460902714211013988648151298964115598943683097665116307270543
-0.94863379742305892085964067782667605825129635457523016343072681160240681204982720994697135885867362903986122711492168505359417282
-0.71317609697233982990308753057213387670653308262059853858489869926899632286970573139526232453418312676493678136567890550380749505
0.01677854639708910381224852253224707440402749755913137096096500085528162365044352940811469591020543021823780980878081628181494941

-0.39542090214234275878635977341320804296655106893282140513963710962558460902714211013988648151298964115598943683097665116307270543
0.05723079653774150954908798181201797792438050612865010715526262049698774394667505148212016490584639696078744531157724172047437331
-0.71317609697233982990308753057213387670653308262059853858489869926899632286970573139526232453418312676493678136567890550380749505
0.01677854639708910381224852253224707440402749755913137096096500085528162365044352940811469591020543021823780980878081628181494941

0.05723079653774150954908798181201797792438050612865010715526262049698774394667505148212016490584639696078744531157724172047437331
-0.39542090214234275878635977341320804296655106893282140513963710962558460902714211013988648151298964115598943683097665116307270543
-0.71317609697233982990308753057213387670653308262059853858489869926899632286970573139526232453418312676493678136567890550380749505
0.01677854639708910381224852253224707440402749755913137096096500085528162365044352940811469591020543021823780980878081628181494941

-0.94863379742305892085964067782667605825129635457523016343072681160240681204982720994697135885867362903986122711492168505359417282
-0.39542090214234275878635977341320804296655106893282140513963710962558460902714211013988648151298964115598943683097665116307270543
-0.71317609697233982990308753057213387670653308262059853858489869926899632286970573139526232453418312676493678136567890550380749505
0.01677854639708910381224852253224707440402749755913137096096500085528162365044352940811469591020543021823780980878081628181494941

-0.94863379742305892085964067782667605825129635457523016343072681160240681204982720994697135885867362903986122711492168505359417282
0.05723079653774150954908798181201797792438050612865010715526262049698774394667505148212016490584639696078744531157724172047437331
-0.71317609697233982990308753057213387670653308262059853858489869926899632286970573139526232453418312676493678136567890550380749505
0.01677854639708910381224852253224707440402749755913137096096500085528162365044352940811469591020543021823780980878081628181494941

-0.94863379742305892085964067782667605825129635457523016343072681160240681204982720994697135885867362903986122711492168505359417282
-0.71317609697233982990308753057213387670653308262059853858489869926899632286970573139526232453418312676493678136567890550380749505
0.05723079653774150954908798181201797792438050612865010715526262049698774394667505148212016490584639696078744531157724172047437331
0.01677854639708910381224852253224707440402749755913137096096500085528162365044352940811469591020543021823780980878081628181494941

-0.94863379742305892085964067782667605825129635457523016343072681160240681204982720994697135885867362903986122711492168505359417282
-0.71317609697233982990308753057213387670653308262059853858489869926899632286970573139526232453418312676493678136567890550380749505
-0.39542090214234275878635977341320804296655106893282140513963710962558460902714211013988648151298964115598943683097665116307270543
0.01677854639708910381224852253224707440402749755913137096096500085528162365044352940811469591020543021823780980878081628181494941

0.05723079653774150954908798181201797792438050612865010715526262049698774394667505148212016490584639696078744531157724172047437331
-0.71317609697233982990308753057213387670653308262059853858489869926899632286970573139526232453418312676493678136567890550380749505
-0.39542090214234275878635977341320804296655106893282140513963710962558460902714211013988648151298964115598943683097665116307270543
0.01677854639708910381224852253224707440402749755913137096096500085528162365044352940811469591020543021823780980878081628181494941

-0.39542090214234275878635977341320804296655106893282140513963710962558460902714211013988648151298964115598943683097665116307270543
-0.71317609697233982990308753057213387670653308262059853858489869926899632286970573139526232453418312676493678136567890550380749505
0.05723079653774150954908798181201797792438050612865010715526262049698774394667505148212016490584639696078744531157724172047437331
0.01677854639708910381224852253224707440402749755913137096096500085528162365044352940811469591020543021823780980878081628181494941

-0.39542090214234275878635977341320804296655106893282140513963710962558460902714211013988648151298964115598943683097665116307270543
-0.71317609697233982990308753057213387670653308262059853858489869926899632286970573139526232453418312676493678136567890550380749505
-0.94863379742305892085964067782667605825129635457523016343072681160240681204982720994697135885867362903986122711492168505359417282
0.01677854639708910381224852253224707440402749755913137096096500085528162365044352940811469591020543021823780980878081628181494941

0.05723079653774150954908798181201797792438050612865010715526262049698774394667505148212016490584639696078744531157724172047437331
-0.71317609697233982990308753057213387670653308262059853858489869926899632286970573139526232453418312676493678136567890550380749505
-0.94863379742305892085964067782667605825129635457523016343072681160240681204982720994697135885867362903986122711492168505359417282
0.01677854639708910381224852253224707440402749755913137096096500085528162365044352940811469591020543021823780980878081628181494941

-0.39542090214234275878635977341320804296655106893282140513963710962558460902714211013988648151298964115598943683097665116307270543
-0.94863379742305892085964067782667605825129635457523016343072681160240681204982720994697135885867362903986122711492168505359417282
0.05723079653774150954908798181201797792438050612865010715526262049698774394667505148212016490584639696078744531157724172047437331
0.01677854639708910381224852253224707440402749755913137096096500085528162365044352940811469591020543021823780980878081628181494941

0.05723079653774150954908798181201797792438050612865010715526262049698774394667505148212016490584639696078744531157724172047437331
-0.94863379742305892085964067782667605825129635457523016343072681160240681204982720994697135885867362903986122711492168505359417282
-0.39542090214234275878635977341320804296655106893282140513963710962558460902714211013988648151298964115598943683097665116307270543
0.01677854639708910381224852253224707440402749755913137096096500085528162365044352940811469591020543021823780980878081628181494941

-0.94863379742305892085964067782667605825129635457523016343072681160240681204982720994697135885867362903986122711492168505359417282
0.05723079653774150954908798181201797792438050612865010715526262049698774394667505148212016490584639696078744531157724172047437331
-0.39542090214234275878635977341320804296655106893282140513963710962558460902714211013988648151298964115598943683097665116307270543
0.01677854639708910381224852253224707440402749755913137096096500085528162365044352940811469591020543021823780980878081628181494941

-0.94863379742305892085964067782667605825129635457523016343072681160240681204982720994697135885867362903986122711492168505359417282
-0.39542090214234275878635977341320804296655106893282140513963710962558460902714211013988648151298964115598943683097665116307270543
0.05723079653774150954908798181201797792438050612865010715526262049698774394667505148212016490584639696078744531157724172047437331
0.01677854639708910381224852253224707440402749755913137096096500085528162365044352940811469591020543021823780980878081628181494941

0.05723079653774150954908798181201797792438050612865010715526262049698774394667505148212016490584639696078744531157724172047437331
-0.39542090214234275878635977341320804296655106893282140513963710962558460902714211013988648151298964115598943683097665116307270543
-0.94863379742305892085964067782667605825129635457523016343072681160240681204982720994697135885867362903986122711492168505359417282
0.01677854639708910381224852253224707440402749755913137096096500085528162365044352940811469591020543021823780980878081628181494941

-0.39542090214234275878635977341320804296655106893282140513963710962558460902714211013988648151298964115598943683097665116307270543
0.05723079653774150954908798181201797792438050612865010715526262049698774394667505148212016490584639696078744531157724172047437331
-0.94863379742305892085964067782667605825129635457523016343072681160240681204982720994697135885867362903986122711492168505359417282
0.01677854639708910381224852253224707440402749755913137096096500085528162365044352940811469591020543021823780980878081628181494941

-0.71317609697233982990308753057213387670653308262059853858489869926899632286970573139526232453418312676493678136567890550380749505
0.05723079653774150954908798181201797792438050612865010715526262049698774394667505148212016490584639696078744531157724172047437331
-0.94863379742305892085964067782667605825129635457523016343072681160240681204982720994697135885867362903986122711492168505359417282
0.01677854639708910381224852253224707440402749755913137096096500085528162365044352940811469591020543021823780980878081628181494941

-0.71317609697233982990308753057213387670653308262059853858489869926899632286970573139526232453418312676493678136567890550380749505
-0.39542090214234275878635977341320804296655106893282140513963710962558460902714211013988648151298964115598943683097665116307270543
-0.94863379742305892085964067782667605825129635457523016343072681160240681204982720994697135885867362903986122711492168505359417282
0.01677854639708910381224852253224707440402749755913137096096500085528162365044352940811469591020543021823780980878081628181494941

-0.71317609697233982990308753057213387670653308262059853858489869926899632286970573139526232453418312676493678136567890550380749505
-0.39542090214234275878635977341320804296655106893282140513963710962558460902714211013988648151298964115598943683097665116307270543
0.05723079653774150954908798181201797792438050612865010715526262049698774394667505148212016490584639696078744531157724172047437331
0.01677854639708910381224852253224707440402749755913137096096500085528162365044352940811469591020543021823780980878081628181494941

-0.71317609697233982990308753057213387670653308262059853858489869926899632286970573139526232453418312676493678136567890550380749505
0.05723079653774150954908798181201797792438050612865010715526262049698774394667505148212016490584639696078744531157724172047437331
-0.39542090214234275878635977341320804296655106893282140513963710962558460902714211013988648151298964115598943683097665116307270543
0.01677854639708910381224852253224707440402749755913137096096500085528162365044352940811469591020543021823780980878081628181494941

-0.71317609697233982990308753057213387670653308262059853858489869926899632286970573139526232453418312676493678136567890550380749505
-0.94863379742305892085964067782667605825129635457523016343072681160240681204982720994697135885867362903986122711492168505359417282
-0.39542090214234275878635977341320804296655106893282140513963710962558460902714211013988648151298964115598943683097665116307270543
0.01677854639708910381224852253224707440402749755913137096096500085528162365044352940811469591020543021823780980878081628181494941

-0.71317609697233982990308753057213387670653308262059853858489869926899632286970573139526232453418312676493678136567890550380749505
-0.94863379742305892085964067782667605825129635457523016343072681160240681204982720994697135885867362903986122711492168505359417282
0.05723079653774150954908798181201797792438050612865010715526262049698774394667505148212016490584639696078744531157724172047437331
0.01677854639708910381224852253224707440402749755913137096096500085528162365044352940811469591020543021823780980878081628181494941

