centroid       numS31         numS22         numS211        numS1111       
true (1)       3 (4)          2 (6)          8 (12)         1 (24)         

-0.34076829249110370597419682151592136984039153803404153214607801247229227949303396539202041412051159612355178545251034579652866527
-0.34076829249110370597419682151592136984039153803404153214607801247229227949303396539202041412051159612355178545251034579652866527
-0.97769512252668888207740953545223589047882538589787540356176596258312316152089810382393875763846521162934464364246896261041400418
0.00892907861007654400841151106584921273737543024761140371568624068103789246784052472919791464113970489172921063833002559001836602

-0.34076829249110370597419682151592136984039153803404153214607801247229227949303396539202041412051159612355178545251034579652866527
-0.97769512252668888207740953545223589047882538589787540356176596258312316152089810382393875763846521162934464364246896261041400418
-0.34076829249110370597419682151592136984039153803404153214607801247229227949303396539202041412051159612355178545251034579652866527
0.00892907861007654400841151106584921273737543024761140371568624068103789246784052472919791464113970489172921063833002559001836602

-0.34076829249110370597419682151592136984039153803404153214607801247229227949303396539202041412051159612355178545251034579652866527
-0.34076829249110370597419682151592136984039153803404153214607801247229227949303396539202041412051159612355178545251034579652866527
-0.34076829249110370597419682151592136984039153803404153214607801247229227949303396539202041412051159612355178545251034579652866527
0.00892907861007654400841151106584921273737543024761140371568624068103789246784052472919791464113970489172921063833002559001836602

-0.97769512252668888207740953545223589047882538589787540356176596258312316152089810382393875763846521162934464364246896261041400418
-0.34076829249110370597419682151592136984039153803404153214607801247229227949303396539202041412051159612355178545251034579652866527
-0.34076829249110370597419682151592136984039153803404153214607801247229227949303396539202041412051159612355178545251034579652866527
0.00892907861007654400841151106584921273737543024761140371568624068103789246784052472919791464113970489172921063833002559001836602

-0.64196983473995443747593168375719275755862559693457472907152107266158759755304256383600013982728491592997146451599255293456402840
-0.64196983473995443747593168375719275755862559693457472907152107266158759755304256383600013982728491592997146451599255293456402840
-0.07409049578013668757220494872842172732412320919627581278543678201523720734087230849199958051814525221008560645202234119630791480
0.02574306481157203075708703664921277118488735668695927047629264389457212380942652721781344993463702358567330634778441243398713254

-0.64196983473995443747593168375719275755862559693457472907152107266158759755304256383600013982728491592997146451599255293456402840
-0.07409049578013668757220494872842172732412320919627581278543678201523720734087230849199958051814525221008560645202234119630791480
-0.64196983473995443747593168375719275755862559693457472907152107266158759755304256383600013982728491592997146451599255293456402840
0.02574306481157203075708703664921277118488735668695927047629264389457212380942652721781344993463702358567330634778441243398713254

-0.64196983473995443747593168375719275755862559693457472907152107266158759755304256383600013982728491592997146451599255293456402840
-0.64196983473995443747593168375719275755862559693457472907152107266158759755304256383600013982728491592997146451599255293456402840
-0.64196983473995443747593168375719275755862559693457472907152107266158759755304256383600013982728491592997146451599255293456402840
0.02574306481157203075708703664921277118488735668695927047629264389457212380942652721781344993463702358567330634778441243398713254

-0.07409049578013668757220494872842172732412320919627581278543678201523720734087230849199958051814525221008560645202234119630791480
-0.64196983473995443747593168375719275755862559693457472907152107266158759755304256383600013982728491592997146451599255293456402840
-0.64196983473995443747593168375719275755862559693457472907152107266158759755304256383600013982728491592997146451599255293456402840
0.02574306481157203075708703664921277118488735668695927047629264389457212380942652721781344993463702358567330634778441243398713254

-0.96339048502761440206085475875995990747856559883058527056731053475274919090130264672987818191484450804953918502029175551678468555
-0.96339048502761440206085475875995990747856559883058527056731053475274919090130264672987818191484450804953918502029175551678468555
0.89017145508284320618256427627987972243569679649175581170193160425824757270390794018963454574453352414861755506087526655035405665
0.00089062835470640810351316294446300536678660410218826635089363527881227355632046135718479261118764971641637611598301472532948002

-0.96339048502761440206085475875995990747856559883058527056731053475274919090130264672987818191484450804953918502029175551678468555
0.89017145508284320618256427627987972243569679649175581170193160425824757270390794018963454574453352414861755506087526655035405665
-0.96339048502761440206085475875995990747856559883058527056731053475274919090130264672987818191484450804953918502029175551678468555
0.00089062835470640810351316294446300536678660410218826635089363527881227355632046135718479261118764971641637611598301472532948002

-0.96339048502761440206085475875995990747856559883058527056731053475274919090130264672987818191484450804953918502029175551678468555
-0.96339048502761440206085475875995990747856559883058527056731053475274919090130264672987818191484450804953918502029175551678468555
-0.96339048502761440206085475875995990747856559883058527056731053475274919090130264672987818191484450804953918502029175551678468555
0.00089062835470640810351316294446300536678660410218826635089363527881227355632046135718479261118764971641637611598301472532948002

0.89017145508284320618256427627987972243569679649175581170193160425824757270390794018963454574453352414861755506087526655035405665
-0.96339048502761440206085475875995990747856559883058527056731053475274919090130264672987818191484450804953918502029175551678468555
-0.96339048502761440206085475875995990747856559883058527056731053475274919090130264672987818191484450804953918502029175551678468555
0.00089062835470640810351316294446300536678660410218826635089363527881227355632046135718479261118764971641637611598301472532948002

-0.03148216160790511181933436212381796719219564280706260216163061928123625638021320876908620536319132928005460415727787790356499971
-0.96851783839209488818066563787618203280780435719293739783836938071876374361978679123091379463680867071994539584272212209643500029
-0.96851783839209488818066563787618203280780435719293739783836938071876374361978679123091379463680867071994539584272212209643500029
0.00338222109328188707940447687740923908907738090542864742978826976964396650496312183250168269547657445496024442612969178885269322

-0.96851783839209488818066563787618203280780435719293739783836938071876374361978679123091379463680867071994539584272212209643500029
-0.03148216160790511181933436212381796719219564280706260216163061928123625638021320876908620536319132928005460415727787790356499971
-0.96851783839209488818066563787618203280780435719293739783836938071876374361978679123091379463680867071994539584272212209643500029
0.00338222109328188707940447687740923908907738090542864742978826976964396650496312183250168269547657445496024442612969178885269322

-0.96851783839209488818066563787618203280780435719293739783836938071876374361978679123091379463680867071994539584272212209643500029
-0.96851783839209488818066563787618203280780435719293739783836938071876374361978679123091379463680867071994539584272212209643500029
-0.03148216160790511181933436212381796719219564280706260216163061928123625638021320876908620536319132928005460415727787790356499971
0.00338222109328188707940447687740923908907738090542864742978826976964396650496312183250168269547657445496024442612969178885269322

-0.03148216160790511181933436212381796719219564280706260216163061928123625638021320876908620536319132928005460415727787790356499971
-0.03148216160790511181933436212381796719219564280706260216163061928123625638021320876908620536319132928005460415727787790356499971
-0.96851783839209488818066563787618203280780435719293739783836938071876374361978679123091379463680867071994539584272212209643500029
0.00338222109328188707940447687740923908907738090542864742978826976964396650496312183250168269547657445496024442612969178885269322

-0.03148216160790511181933436212381796719219564280706260216163061928123625638021320876908620536319132928005460415727787790356499971
-0.96851783839209488818066563787618203280780435719293739783836938071876374361978679123091379463680867071994539584272212209643500029
-0.03148216160790511181933436212381796719219564280706260216163061928123625638021320876908620536319132928005460415727787790356499971
0.00338222109328188707940447687740923908907738090542864742978826976964396650496312183250168269547657445496024442612969178885269322

-0.96851783839209488818066563787618203280780435719293739783836938071876374361978679123091379463680867071994539584272212209643500029
-0.03148216160790511181933436212381796719219564280706260216163061928123625638021320876908620536319132928005460415727787790356499971
-0.03148216160790511181933436212381796719219564280706260216163061928123625638021320876908620536319132928005460415727787790356499971
0.00338222109328188707940447687740923908907738090542864742978826976964396650496312183250168269547657445496024442612969178885269322

-0.12461240124543676277290581001076391863403888400519963036534252033179369197743412791927764566005752819417482121294038603108984636
-0.87538759875456323722709418998923608136596111599480036963465747966820630802256587208072235433994247180582517878705961396891015364
-0.87538759875456323722709418998923608136596111599480036963465747966820630802256587208072235433994247180582517878705961396891015364
0.01141935283157087858358988019706477696664187252607866177432850434271096177367302530786741482841378703660837484163828190551964776

-0.87538759875456323722709418998923608136596111599480036963465747966820630802256587208072235433994247180582517878705961396891015364
-0.12461240124543676277290581001076391863403888400519963036534252033179369197743412791927764566005752819417482121294038603108984636
-0.87538759875456323722709418998923608136596111599480036963465747966820630802256587208072235433994247180582517878705961396891015364
0.01141935283157087858358988019706477696664187252607866177432850434271096177367302530786741482841378703660837484163828190551964776

-0.87538759875456323722709418998923608136596111599480036963465747966820630802256587208072235433994247180582517878705961396891015364
-0.87538759875456323722709418998923608136596111599480036963465747966820630802256587208072235433994247180582517878705961396891015364
-0.12461240124543676277290581001076391863403888400519963036534252033179369197743412791927764566005752819417482121294038603108984636
0.01141935283157087858358988019706477696664187252607866177432850434271096177367302530786741482841378703660837484163828190551964776

-0.12461240124543676277290581001076391863403888400519963036534252033179369197743412791927764566005752819417482121294038603108984636
-0.12461240124543676277290581001076391863403888400519963036534252033179369197743412791927764566005752819417482121294038603108984636
-0.87538759875456323722709418998923608136596111599480036963465747966820630802256587208072235433994247180582517878705961396891015364
0.01141935283157087858358988019706477696664187252607866177432850434271096177367302530786741482841378703660837484163828190551964776

-0.12461240124543676277290581001076391863403888400519963036534252033179369197743412791927764566005752819417482121294038603108984636
-0.87538759875456323722709418998923608136596111599480036963465747966820630802256587208072235433994247180582517878705961396891015364
-0.12461240124543676277290581001076391863403888400519963036534252033179369197743412791927764566005752819417482121294038603108984636
0.01141935283157087858358988019706477696664187252607866177432850434271096177367302530786741482841378703660837484163828190551964776

-0.87538759875456323722709418998923608136596111599480036963465747966820630802256587208072235433994247180582517878705961396891015364
-0.12461240124543676277290581001076391863403888400519963036534252033179369197743412791927764566005752819417482121294038603108984636
-0.12461240124543676277290581001076391863403888400519963036534252033179369197743412791927764566005752819417482121294038603108984636
0.01141935283157087858358988019706477696664187252607866177432850434271096177367302530786741482841378703660837484163828190551964776

-0.95294856351028079404822079824985232131898360562881565606751861387910404362268485517160166740345479305339261038448702493230398805
-0.79530472819024443778321242202091346003239203465636031909903807992345715722418315436461795277270478452781657235016429538413149905
0.70120185521080602587965401852061810267035924591399163123407530768166524446955286470782128757961437063460179311913834524873947515
0.00336905523372519517173987587723224098659937533218948866275110855614860108608797410048209609173730125337099175843652058744625060

-0.95294856351028079404822079824985232131898360562881565606751861387910404362268485517160166740345479305339261038448702493230398805
-0.95294856351028079404822079824985232131898360562881565606751861387910404362268485517160166740345479305339261038448702493230398805
0.70120185521080602587965401852061810267035924591399163123407530768166524446955286470782128757961437063460179311913834524873947515
0.00336905523372519517173987587723224098659937533218948866275110855614860108608797410048209609173730125337099175843652058744625060

-0.79530472819024443778321242202091346003239203465636031909903807992345715722418315436461795277270478452781657235016429538413149905
-0.95294856351028079404822079824985232131898360562881565606751861387910404362268485517160166740345479305339261038448702493230398805
0.70120185521080602587965401852061810267035924591399163123407530768166524446955286470782128757961437063460179311913834524873947515
0.00336905523372519517173987587723224098659937533218948866275110855614860108608797410048209609173730125337099175843652058744625060

-0.79530472819024443778321242202091346003239203465636031909903807992345715722418315436461795277270478452781657235016429538413149905
0.70120185521080602587965401852061810267035924591399163123407530768166524446955286470782128757961437063460179311913834524873947515
-0.95294856351028079404822079824985232131898360562881565606751861387910404362268485517160166740345479305339261038448702493230398805
0.00336905523372519517173987587723224098659937533218948866275110855614860108608797410048209609173730125337099175843652058744625060

-0.95294856351028079404822079824985232131898360562881565606751861387910404362268485517160166740345479305339261038448702493230398805
0.70120185521080602587965401852061810267035924591399163123407530768166524446955286470782128757961437063460179311913834524873947515
-0.95294856351028079404822079824985232131898360562881565606751861387910404362268485517160166740345479305339261038448702493230398805
0.00336905523372519517173987587723224098659937533218948866275110855614860108608797410048209609173730125337099175843652058744625060

-0.95294856351028079404822079824985232131898360562881565606751861387910404362268485517160166740345479305339261038448702493230398805
0.70120185521080602587965401852061810267035924591399163123407530768166524446955286470782128757961437063460179311913834524873947515
-0.79530472819024443778321242202091346003239203465636031909903807992345715722418315436461795277270478452781657235016429538413149905
0.00336905523372519517173987587723224098659937533218948866275110855614860108608797410048209609173730125337099175843652058744625060

-0.95294856351028079404822079824985232131898360562881565606751861387910404362268485517160166740345479305339261038448702493230398805
-0.79530472819024443778321242202091346003239203465636031909903807992345715722418315436461795277270478452781657235016429538413149905
-0.95294856351028079404822079824985232131898360562881565606751861387910404362268485517160166740345479305339261038448702493230398805
0.00336905523372519517173987587723224098659937533218948866275110855614860108608797410048209609173730125337099175843652058744625060

-0.79530472819024443778321242202091346003239203465636031909903807992345715722418315436461795277270478452781657235016429538413149905
-0.95294856351028079404822079824985232131898360562881565606751861387910404362268485517160166740345479305339261038448702493230398805
-0.95294856351028079404822079824985232131898360562881565606751861387910404362268485517160166740345479305339261038448702493230398805
0.00336905523372519517173987587723224098659937533218948866275110855614860108608797410048209609173730125337099175843652058744625060

-0.95294856351028079404822079824985232131898360562881565606751861387910404362268485517160166740345479305339261038448702493230398805
-0.95294856351028079404822079824985232131898360562881565606751861387910404362268485517160166740345479305339261038448702493230398805
-0.79530472819024443778321242202091346003239203465636031909903807992345715722418315436461795277270478452781657235016429538413149905
0.00336905523372519517173987587723224098659937533218948866275110855614860108608797410048209609173730125337099175843652058744625060

0.70120185521080602587965401852061810267035924591399163123407530768166524446955286470782128757961437063460179311913834524873947515
-0.95294856351028079404822079824985232131898360562881565606751861387910404362268485517160166740345479305339261038448702493230398805
-0.79530472819024443778321242202091346003239203465636031909903807992345715722418315436461795277270478452781657235016429538413149905
0.00336905523372519517173987587723224098659937533218948866275110855614860108608797410048209609173730125337099175843652058744625060

0.70120185521080602587965401852061810267035924591399163123407530768166524446955286470782128757961437063460179311913834524873947515
-0.95294856351028079404822079824985232131898360562881565606751861387910404362268485517160166740345479305339261038448702493230398805
-0.95294856351028079404822079824985232131898360562881565606751861387910404362268485517160166740345479305339261038448702493230398805
0.00336905523372519517173987587723224098659937533218948866275110855614860108608797410048209609173730125337099175843652058744625060

0.70120185521080602587965401852061810267035924591399163123407530768166524446955286470782128757961437063460179311913834524873947515
-0.79530472819024443778321242202091346003239203465636031909903807992345715722418315436461795277270478452781657235016429538413149905
-0.95294856351028079404822079824985232131898360562881565606751861387910404362268485517160166740345479305339261038448702493230398805
0.00336905523372519517173987587723224098659937533218948866275110855614860108608797410048209609173730125337099175843652058744625060

-0.96628394983609931405953697404676052921827100572844734730946465624234087649727290347678592866919985318964481177447768865711954057
-0.50067754463857705343307222158066976339551257194164373093693061414720968933057582928599398423403453246751295184033553206622660095
0.43324544431077568155214616967419082183205458339853842555585992663189144232512163623956584157243423884680257538929090938046568209
0.00261781100618024960547113092039098033849728658442912959440190630959803570734323537617596624753924068186117387828697974621045321

-0.96628394983609931405953697404676052921827100572844734730946465624234087649727290347678592866919985318964481177447768865711954057
-0.96628394983609931405953697404676052921827100572844734730946465624234087649727290347678592866919985318964481177447768865711954057
0.43324544431077568155214616967419082183205458339853842555585992663189144232512163623956584157243423884680257538929090938046568209
0.00261781100618024960547113092039098033849728658442912959440190630959803570734323537617596624753924068186117387828697974621045321

-0.50067754463857705343307222158066976339551257194164373093693061414720968933057582928599398423403453246751295184033553206622660095
-0.96628394983609931405953697404676052921827100572844734730946465624234087649727290347678592866919985318964481177447768865711954057
0.43324544431077568155214616967419082183205458339853842555585992663189144232512163623956584157243423884680257538929090938046568209
0.00261781100618024960547113092039098033849728658442912959440190630959803570734323537617596624753924068186117387828697974621045321

-0.50067754463857705343307222158066976339551257194164373093693061414720968933057582928599398423403453246751295184033553206622660095
0.43324544431077568155214616967419082183205458339853842555585992663189144232512163623956584157243423884680257538929090938046568209
-0.96628394983609931405953697404676052921827100572844734730946465624234087649727290347678592866919985318964481177447768865711954057
0.00261781100618024960547113092039098033849728658442912959440190630959803570734323537617596624753924068186117387828697974621045321

-0.96628394983609931405953697404676052921827100572844734730946465624234087649727290347678592866919985318964481177447768865711954057
0.43324544431077568155214616967419082183205458339853842555585992663189144232512163623956584157243423884680257538929090938046568209
-0.96628394983609931405953697404676052921827100572844734730946465624234087649727290347678592866919985318964481177447768865711954057
0.00261781100618024960547113092039098033849728658442912959440190630959803570734323537617596624753924068186117387828697974621045321

-0.96628394983609931405953697404676052921827100572844734730946465624234087649727290347678592866919985318964481177447768865711954057
0.43324544431077568155214616967419082183205458339853842555585992663189144232512163623956584157243423884680257538929090938046568209
-0.50067754463857705343307222158066976339551257194164373093693061414720968933057582928599398423403453246751295184033553206622660095
0.00261781100618024960547113092039098033849728658442912959440190630959803570734323537617596624753924068186117387828697974621045321

-0.96628394983609931405953697404676052921827100572844734730946465624234087649727290347678592866919985318964481177447768865711954057
-0.50067754463857705343307222158066976339551257194164373093693061414720968933057582928599398423403453246751295184033553206622660095
-0.96628394983609931405953697404676052921827100572844734730946465624234087649727290347678592866919985318964481177447768865711954057
0.00261781100618024960547113092039098033849728658442912959440190630959803570734323537617596624753924068186117387828697974621045321

-0.50067754463857705343307222158066976339551257194164373093693061414720968933057582928599398423403453246751295184033553206622660095
-0.96628394983609931405953697404676052921827100572844734730946465624234087649727290347678592866919985318964481177447768865711954057
-0.96628394983609931405953697404676052921827100572844734730946465624234087649727290347678592866919985318964481177447768865711954057
0.00261781100618024960547113092039098033849728658442912959440190630959803570734323537617596624753924068186117387828697974621045321

-0.96628394983609931405953697404676052921827100572844734730946465624234087649727290347678592866919985318964481177447768865711954057
-0.96628394983609931405953697404676052921827100572844734730946465624234087649727290347678592866919985318964481177447768865711954057
-0.50067754463857705343307222158066976339551257194164373093693061414720968933057582928599398423403453246751295184033553206622660095
0.00261781100618024960547113092039098033849728658442912959440190630959803570734323537617596624753924068186117387828697974621045321

0.43324544431077568155214616967419082183205458339853842555585992663189144232512163623956584157243423884680257538929090938046568209
-0.96628394983609931405953697404676052921827100572844734730946465624234087649727290347678592866919985318964481177447768865711954057
-0.50067754463857705343307222158066976339551257194164373093693061414720968933057582928599398423403453246751295184033553206622660095
0.00261781100618024960547113092039098033849728658442912959440190630959803570734323537617596624753924068186117387828697974621045321

0.43324544431077568155214616967419082183205458339853842555585992663189144232512163623956584157243423884680257538929090938046568209
-0.96628394983609931405953697404676052921827100572844734730946465624234087649727290347678592866919985318964481177447768865711954057
-0.96628394983609931405953697404676052921827100572844734730946465624234087649727290347678592866919985318964481177447768865711954057
0.00261781100618024960547113092039098033849728658442912959440190630959803570734323537617596624753924068186117387828697974621045321

0.43324544431077568155214616967419082183205458339853842555585992663189144232512163623956584157243423884680257538929090938046568209
-0.50067754463857705343307222158066976339551257194164373093693061414720968933057582928599398423403453246751295184033553206622660095
-0.96628394983609931405953697404676052921827100572844734730946465624234087649727290347678592866919985318964481177447768865711954057
0.00261781100618024960547113092039098033849728658442912959440190630959803570734323537617596624753924068186117387828697974621045321

-0.74822927967191509399759424363401036842581441200216729142588003229517696742302490108128625231626989088663753288090556881427886714
0.48021197133533026681477322868611385933808739217011683652822305644597538120236486872822583031852612035737894997999346707613487416
-0.98375341199150007881958474141809312248645856816578225367646299185562144635631506656565332568598633858410388421818232944757713988
0.00429477753768466951502562601132030459356689243630664677490160675438078522147514458787309358244689495616770326769805193958129118

-0.74822927967191509399759424363401036842581441200216729142588003229517696742302490108128625231626989088663753288090556881427886714
-0.74822927967191509399759424363401036842581441200216729142588003229517696742302490108128625231626989088663753288090556881427886714
-0.98375341199150007881958474141809312248645856816578225367646299185562144635631506656565332568598633858410388421818232944757713988
0.00429477753768466951502562601132030459356689243630664677490160675438078522147514458787309358244689495616770326769805193958129118

0.48021197133533026681477322868611385933808739217011683652822305644597538120236486872822583031852612035737894997999346707613487416
-0.74822927967191509399759424363401036842581441200216729142588003229517696742302490108128625231626989088663753288090556881427886714
-0.98375341199150007881958474141809312248645856816578225367646299185562144635631506656565332568598633858410388421818232944757713988
0.00429477753768466951502562601132030459356689243630664677490160675438078522147514458787309358244689495616770326769805193958129118

0.48021197133533026681477322868611385933808739217011683652822305644597538120236486872822583031852612035737894997999346707613487416
-0.98375341199150007881958474141809312248645856816578225367646299185562144635631506656565332568598633858410388421818232944757713988
-0.74822927967191509399759424363401036842581441200216729142588003229517696742302490108128625231626989088663753288090556881427886714
0.00429477753768466951502562601132030459356689243630664677490160675438078522147514458787309358244689495616770326769805193958129118

-0.74822927967191509399759424363401036842581441200216729142588003229517696742302490108128625231626989088663753288090556881427886714
-0.98375341199150007881958474141809312248645856816578225367646299185562144635631506656565332568598633858410388421818232944757713988
-0.74822927967191509399759424363401036842581441200216729142588003229517696742302490108128625231626989088663753288090556881427886714
0.00429477753768466951502562601132030459356689243630664677490160675438078522147514458787309358244689495616770326769805193958129118

-0.74822927967191509399759424363401036842581441200216729142588003229517696742302490108128625231626989088663753288090556881427886714
-0.98375341199150007881958474141809312248645856816578225367646299185562144635631506656565332568598633858410388421818232944757713988
0.48021197133533026681477322868611385933808739217011683652822305644597538120236486872822583031852612035737894997999346707613487416
0.00429477753768466951502562601132030459356689243630664677490160675438078522147514458787309358244689495616770326769805193958129118

-0.74822927967191509399759424363401036842581441200216729142588003229517696742302490108128625231626989088663753288090556881427886714
0.48021197133533026681477322868611385933808739217011683652822305644597538120236486872822583031852612035737894997999346707613487416
-0.74822927967191509399759424363401036842581441200216729142588003229517696742302490108128625231626989088663753288090556881427886714
0.00429477753768466951502562601132030459356689243630664677490160675438078522147514458787309358244689495616770326769805193958129118

0.48021197133533026681477322868611385933808739217011683652822305644597538120236486872822583031852612035737894997999346707613487416
-0.74822927967191509399759424363401036842581441200216729142588003229517696742302490108128625231626989088663753288090556881427886714
-0.74822927967191509399759424363401036842581441200216729142588003229517696742302490108128625231626989088663753288090556881427886714
0.00429477753768466951502562601132030459356689243630664677490160675438078522147514458787309358244689495616770326769805193958129118

-0.74822927967191509399759424363401036842581441200216729142588003229517696742302490108128625231626989088663753288090556881427886714
-0.74822927967191509399759424363401036842581441200216729142588003229517696742302490108128625231626989088663753288090556881427886714
0.48021197133533026681477322868611385933808739217011683652822305644597538120236486872822583031852612035737894997999346707613487416
0.00429477753768466951502562601132030459356689243630664677490160675438078522147514458787309358244689495616770326769805193958129118

-0.98375341199150007881958474141809312248645856816578225367646299185562144635631506656565332568598633858410388421818232944757713988
-0.74822927967191509399759424363401036842581441200216729142588003229517696742302490108128625231626989088663753288090556881427886714
0.48021197133533026681477322868611385933808739217011683652822305644597538120236486872822583031852612035737894997999346707613487416
0.00429477753768466951502562601132030459356689243630664677490160675438078522147514458787309358244689495616770326769805193958129118

-0.98375341199150007881958474141809312248645856816578225367646299185562144635631506656565332568598633858410388421818232944757713988
-0.74822927967191509399759424363401036842581441200216729142588003229517696742302490108128625231626989088663753288090556881427886714
-0.74822927967191509399759424363401036842581441200216729142588003229517696742302490108128625231626989088663753288090556881427886714
0.00429477753768466951502562601132030459356689243630664677490160675438078522147514458787309358244689495616770326769805193958129118

-0.98375341199150007881958474141809312248645856816578225367646299185562144635631506656565332568598633858410388421818232944757713988
0.48021197133533026681477322868611385933808739217011683652822305644597538120236486872822583031852612035737894997999346707613487416
-0.74822927967191509399759424363401036842581441200216729142588003229517696742302490108128625231626989088663753288090556881427886714
0.00429477753768466951502562601132030459356689243630664677490160675438078522147514458787309358244689495616770326769805193958129118

-0.16662142468592322968900806469543382764092904619352941483584257198693949601136507278826052787463140983084027691150851289218042976
-0.69589029004644469729267477848407629964802647214654597790711742900772716756494931555903522311046556841079514905821136075630181766
-0.97086686058170884332930909212505604507011543546639519242119742701839384041232053886444372114027161192752429711877161345933732283
0.00770200205610226833038266112955058117139906534125290482754536838775215729651432072053709884805299032781336526465744879473632445

-0.16662142468592322968900806469543382764092904619352941483584257198693949601136507278826052787463140983084027691150851289218042976
-0.16662142468592322968900806469543382764092904619352941483584257198693949601136507278826052787463140983084027691150851289218042976
-0.97086686058170884332930909212505604507011543546639519242119742701839384041232053886444372114027161192752429711877161345933732283
0.00770200205610226833038266112955058117139906534125290482754536838775215729651432072053709884805299032781336526465744879473632445

-0.69589029004644469729267477848407629964802647214654597790711742900772716756494931555903522311046556841079514905821136075630181766
-0.16662142468592322968900806469543382764092904619352941483584257198693949601136507278826052787463140983084027691150851289218042976
-0.97086686058170884332930909212505604507011543546639519242119742701839384041232053886444372114027161192752429711877161345933732283
0.00770200205610226833038266112955058117139906534125290482754536838775215729651432072053709884805299032781336526465744879473632445

-0.69589029004644469729267477848407629964802647214654597790711742900772716756494931555903522311046556841079514905821136075630181766
-0.97086686058170884332930909212505604507011543546639519242119742701839384041232053886444372114027161192752429711877161345933732283
-0.16662142468592322968900806469543382764092904619352941483584257198693949601136507278826052787463140983084027691150851289218042976
0.00770200205610226833038266112955058117139906534125290482754536838775215729651432072053709884805299032781336526465744879473632445

-0.16662142468592322968900806469543382764092904619352941483584257198693949601136507278826052787463140983084027691150851289218042976
-0.97086686058170884332930909212505604507011543546639519242119742701839384041232053886444372114027161192752429711877161345933732283
-0.16662142468592322968900806469543382764092904619352941483584257198693949601136507278826052787463140983084027691150851289218042976
0.00770200205610226833038266112955058117139906534125290482754536838775215729651432072053709884805299032781336526465744879473632445

-0.16662142468592322968900806469543382764092904619352941483584257198693949601136507278826052787463140983084027691150851289218042976
-0.97086686058170884332930909212505604507011543546639519242119742701839384041232053886444372114027161192752429711877161345933732283
-0.69589029004644469729267477848407629964802647214654597790711742900772716756494931555903522311046556841079514905821136075630181766
0.00770200205610226833038266112955058117139906534125290482754536838775215729651432072053709884805299032781336526465744879473632445

-0.16662142468592322968900806469543382764092904619352941483584257198693949601136507278826052787463140983084027691150851289218042976
-0.69589029004644469729267477848407629964802647214654597790711742900772716756494931555903522311046556841079514905821136075630181766
-0.16662142468592322968900806469543382764092904619352941483584257198693949601136507278826052787463140983084027691150851289218042976
0.00770200205610226833038266112955058117139906534125290482754536838775215729651432072053709884805299032781336526465744879473632445

-0.69589029004644469729267477848407629964802647214654597790711742900772716756494931555903522311046556841079514905821136075630181766
-0.16662142468592322968900806469543382764092904619352941483584257198693949601136507278826052787463140983084027691150851289218042976
-0.16662142468592322968900806469543382764092904619352941483584257198693949601136507278826052787463140983084027691150851289218042976
0.00770200205610226833038266112955058117139906534125290482754536838775215729651432072053709884805299032781336526465744879473632445

-0.16662142468592322968900806469543382764092904619352941483584257198693949601136507278826052787463140983084027691150851289218042976
-0.16662142468592322968900806469543382764092904619352941483584257198693949601136507278826052787463140983084027691150851289218042976
-0.69589029004644469729267477848407629964802647214654597790711742900772716756494931555903522311046556841079514905821136075630181766
0.00770200205610226833038266112955058117139906534125290482754536838775215729651432072053709884805299032781336526465744879473632445

-0.97086686058170884332930909212505604507011543546639519242119742701839384041232053886444372114027161192752429711877161345933732283
-0.16662142468592322968900806469543382764092904619352941483584257198693949601136507278826052787463140983084027691150851289218042976
-0.69589029004644469729267477848407629964802647214654597790711742900772716756494931555903522311046556841079514905821136075630181766
0.00770200205610226833038266112955058117139906534125290482754536838775215729651432072053709884805299032781336526465744879473632445

-0.97086686058170884332930909212505604507011543546639519242119742701839384041232053886444372114027161192752429711877161345933732283
-0.16662142468592322968900806469543382764092904619352941483584257198693949601136507278826052787463140983084027691150851289218042976
-0.16662142468592322968900806469543382764092904619352941483584257198693949601136507278826052787463140983084027691150851289218042976
0.00770200205610226833038266112955058117139906534125290482754536838775215729651432072053709884805299032781336526465744879473632445

-0.97086686058170884332930909212505604507011543546639519242119742701839384041232053886444372114027161192752429711877161345933732283
-0.69589029004644469729267477848407629964802647214654597790711742900772716756494931555903522311046556841079514905821136075630181766
-0.16662142468592322968900806469543382764092904619352941483584257198693949601136507278826052787463140983084027691150851289218042976
0.00770200205610226833038266112955058117139906534125290482754536838775215729651432072053709884805299032781336526465744879473632445

-0.86111620990090706970526779841869297380530044604728163361723268942189071463909076409672316051362370848704705621755764230996563723
-0.69491620983939510304559113054814788150341331422142387718279223639286088656917154167687079954341441713833069104534676273344113206
0.41714862964120924245612672738553382911401420631598714441725761523664231584735306987031712057066183411242480348046204735337240653
0.00799152668206147783791793628142166802647050601103657144468961176538340964745829321159704916745834675902960647326718282487089464

-0.86111620990090706970526779841869297380530044604728163361723268942189071463909076409672316051362370848704705621755764230996563723
-0.86111620990090706970526779841869297380530044604728163361723268942189071463909076409672316051362370848704705621755764230996563723
0.41714862964120924245612672738553382911401420631598714441725761523664231584735306987031712057066183411242480348046204735337240653
0.00799152668206147783791793628142166802647050601103657144468961176538340964745829321159704916745834675902960647326718282487089464

-0.69491620983939510304559113054814788150341331422142387718279223639286088656917154167687079954341441713833069104534676273344113206
-0.86111620990090706970526779841869297380530044604728163361723268942189071463909076409672316051362370848704705621755764230996563723
0.41714862964120924245612672738553382911401420631598714441725761523664231584735306987031712057066183411242480348046204735337240653
0.00799152668206147783791793628142166802647050601103657144468961176538340964745829321159704916745834675902960647326718282487089464

-0.69491620983939510304559113054814788150341331422142387718279223639286088656917154167687079954341441713833069104534676273344113206
0.41714862964120924245612672738553382911401420631598714441725761523664231584735306987031712057066183411242480348046204735337240653
-0.86111620990090706970526779841869297380530044604728163361723268942189071463909076409672316051362370848704705621755764230996563723
0.00799152668206147783791793628142166802647050601103657144468961176538340964745829321159704916745834675902960647326718282487089464

-0.86111620990090706970526779841869297380530044604728163361723268942189071463909076409672316051362370848704705621755764230996563723
0.41714862964120924245612672738553382911401420631598714441725761523664231584735306987031712057066183411242480348046204735337240653
-0.86111620990090706970526779841869297380530044604728163361723268942189071463909076409672316051362370848704705621755764230996563723
0.00799152668206147783791793628142166802647050601103657144468961176538340964745829321159704916745834675902960647326718282487089464

-0.86111620990090706970526779841869297380530044604728163361723268942189071463909076409672316051362370848704705621755764230996563723
0.41714862964120924245612672738553382911401420631598714441725761523664231584735306987031712057066183411242480348046204735337240653
-0.69491620983939510304559113054814788150341331422142387718279223639286088656917154167687079954341441713833069104534676273344113206
0.00799152668206147783791793628142166802647050601103657144468961176538340964745829321159704916745834675902960647326718282487089464

-0.86111620990090706970526779841869297380530044604728163361723268942189071463909076409672316051362370848704705621755764230996563723
-0.69491620983939510304559113054814788150341331422142387718279223639286088656917154167687079954341441713833069104534676273344113206
-0.86111620990090706970526779841869297380530044604728163361723268942189071463909076409672316051362370848704705621755764230996563723
0.00799152668206147783791793628142166802647050601103657144468961176538340964745829321159704916745834675902960647326718282487089464

-0.69491620983939510304559113054814788150341331422142387718279223639286088656917154167687079954341441713833069104534676273344113206
-0.86111620990090706970526779841869297380530044604728163361723268942189071463909076409672316051362370848704705621755764230996563723
-0.86111620990090706970526779841869297380530044604728163361723268942189071463909076409672316051362370848704705621755764230996563723
0.00799152668206147783791793628142166802647050601103657144468961176538340964745829321159704916745834675902960647326718282487089464

-0.86111620990090706970526779841869297380530044604728163361723268942189071463909076409672316051362370848704705621755764230996563723
-0.86111620990090706970526779841869297380530044604728163361723268942189071463909076409672316051362370848704705621755764230996563723
-0.69491620983939510304559113054814788150341331422142387718279223639286088656917154167687079954341441713833069104534676273344113206
0.00799152668206147783791793628142166802647050601103657144468961176538340964745829321159704916745834675902960647326718282487089464

0.41714862964120924245612672738553382911401420631598714441725761523664231584735306987031712057066183411242480348046204735337240653
-0.86111620990090706970526779841869297380530044604728163361723268942189071463909076409672316051362370848704705621755764230996563723
-0.69491620983939510304559113054814788150341331422142387718279223639286088656917154167687079954341441713833069104534676273344113206
0.00799152668206147783791793628142166802647050601103657144468961176538340964745829321159704916745834675902960647326718282487089464

0.41714862964120924245612672738553382911401420631598714441725761523664231584735306987031712057066183411242480348046204735337240653
-0.86111620990090706970526779841869297380530044604728163361723268942189071463909076409672316051362370848704705621755764230996563723
-0.86111620990090706970526779841869297380530044604728163361723268942189071463909076409672316051362370848704705621755764230996563723
0.00799152668206147783791793628142166802647050601103657144468961176538340964745829321159704916745834675902960647326718282487089464

0.41714862964120924245612672738553382911401420631598714441725761523664231584735306987031712057066183411242480348046204735337240653
-0.69491620983939510304559113054814788150341331422142387718279223639286088656917154167687079954341441713833069104534676273344113206
-0.86111620990090706970526779841869297380530044604728163361723268942189071463909076409672316051362370848704705621755764230996563723
0.00799152668206147783791793628142166802647050601103657144468961176538340964745829321159704916745834675902960647326718282487089464

-0.56408945890452465050661715657433610783067082250404716373297227208269730621652377773980406880043324200225624935677626605923985487
0.07058125055202462984906872671012678552955602442455229485864758280600801572155470692686025522278011979083873145485957023915517325
-0.94240233274297532883583441356145456986821437941645796739270303864061340328850715144725211762191363578632623274130703812067546350
0.01439451527112380278445168147687496387999967953452164330074771860076764040686159843372838177319935743721209110899645210661329711

-0.56408945890452465050661715657433610783067082250404716373297227208269730621652377773980406880043324200225624935677626605923985487
-0.56408945890452465050661715657433610783067082250404716373297227208269730621652377773980406880043324200225624935677626605923985487
-0.94240233274297532883583441356145456986821437941645796739270303864061340328850715144725211762191363578632623274130703812067546350
0.01439451527112380278445168147687496387999967953452164330074771860076764040686159843372838177319935743721209110899645210661329711

0.07058125055202462984906872671012678552955602442455229485864758280600801572155470692686025522278011979083873145485957023915517325
-0.56408945890452465050661715657433610783067082250404716373297227208269730621652377773980406880043324200225624935677626605923985487
-0.94240233274297532883583441356145456986821437941645796739270303864061340328850715144725211762191363578632623274130703812067546350
0.01439451527112380278445168147687496387999967953452164330074771860076764040686159843372838177319935743721209110899645210661329711

0.07058125055202462984906872671012678552955602442455229485864758280600801572155470692686025522278011979083873145485957023915517325
-0.94240233274297532883583441356145456986821437941645796739270303864061340328850715144725211762191363578632623274130703812067546350
-0.56408945890452465050661715657433610783067082250404716373297227208269730621652377773980406880043324200225624935677626605923985487
0.01439451527112380278445168147687496387999967953452164330074771860076764040686159843372838177319935743721209110899645210661329711

-0.56408945890452465050661715657433610783067082250404716373297227208269730621652377773980406880043324200225624935677626605923985487
-0.94240233274297532883583441356145456986821437941645796739270303864061340328850715144725211762191363578632623274130703812067546350
-0.56408945890452465050661715657433610783067082250404716373297227208269730621652377773980406880043324200225624935677626605923985487
0.01439451527112380278445168147687496387999967953452164330074771860076764040686159843372838177319935743721209110899645210661329711

-0.56408945890452465050661715657433610783067082250404716373297227208269730621652377773980406880043324200225624935677626605923985487
-0.94240233274297532883583441356145456986821437941645796739270303864061340328850715144725211762191363578632623274130703812067546350
0.07058125055202462984906872671012678552955602442455229485864758280600801572155470692686025522278011979083873145485957023915517325
0.01439451527112380278445168147687496387999967953452164330074771860076764040686159843372838177319935743721209110899645210661329711

-0.56408945890452465050661715657433610783067082250404716373297227208269730621652377773980406880043324200225624935677626605923985487
0.07058125055202462984906872671012678552955602442455229485864758280600801572155470692686025522278011979083873145485957023915517325
-0.56408945890452465050661715657433610783067082250404716373297227208269730621652377773980406880043324200225624935677626605923985487
0.01439451527112380278445168147687496387999967953452164330074771860076764040686159843372838177319935743721209110899645210661329711

0.07058125055202462984906872671012678552955602442455229485864758280600801572155470692686025522278011979083873145485957023915517325
-0.56408945890452465050661715657433610783067082250404716373297227208269730621652377773980406880043324200225624935677626605923985487
-0.56408945890452465050661715657433610783067082250404716373297227208269730621652377773980406880043324200225624935677626605923985487
0.01439451527112380278445168147687496387999967953452164330074771860076764040686159843372838177319935743721209110899645210661329711

-0.56408945890452465050661715657433610783067082250404716373297227208269730621652377773980406880043324200225624935677626605923985487
-0.56408945890452465050661715657433610783067082250404716373297227208269730621652377773980406880043324200225624935677626605923985487
0.07058125055202462984906872671012678552955602442455229485864758280600801572155470692686025522278011979083873145485957023915517325
0.01439451527112380278445168147687496387999967953452164330074771860076764040686159843372838177319935743721209110899645210661329711

-0.94240233274297532883583441356145456986821437941645796739270303864061340328850715144725211762191363578632623274130703812067546350
-0.56408945890452465050661715657433610783067082250404716373297227208269730621652377773980406880043324200225624935677626605923985487
0.07058125055202462984906872671012678552955602442455229485864758280600801572155470692686025522278011979083873145485957023915517325
0.01439451527112380278445168147687496387999967953452164330074771860076764040686159843372838177319935743721209110899645210661329711

-0.94240233274297532883583441356145456986821437941645796739270303864061340328850715144725211762191363578632623274130703812067546350
-0.56408945890452465050661715657433610783067082250404716373297227208269730621652377773980406880043324200225624935677626605923985487
-0.56408945890452465050661715657433610783067082250404716373297227208269730621652377773980406880043324200225624935677626605923985487
0.01439451527112380278445168147687496387999967953452164330074771860076764040686159843372838177319935743721209110899645210661329711

-0.94240233274297532883583441356145456986821437941645796739270303864061340328850715144725211762191363578632623274130703812067546350
0.07058125055202462984906872671012678552955602442455229485864758280600801572155470692686025522278011979083873145485957023915517325
-0.56408945890452465050661715657433610783067082250404716373297227208269730621652377773980406880043324200225624935677626605923985487
0.01439451527112380278445168147687496387999967953452164330074771860076764040686159843372838177319935743721209110899645210661329711

-0.81259894543570467520116053333632873583401777984798887533821852612114859939734421786759028110134060432887761223168041528978568351
-0.50171556477356942633479874524099854484642999538600194275439517066286669344458970245154658477893294625517883454548184711823353586
0.12691345564497877673711981191365601651446555508197969343083222290516389223927813818672714698161415491293405900884267769780490288
0.01508987184691910477138942951094793153366321079322930262660304053439737742226006820283185061721963406260354112203124593680069658

-0.81259894543570467520116053333632873583401777984798887533821852612114859939734421786759028110134060432887761223168041528978568351
-0.81259894543570467520116053333632873583401777984798887533821852612114859939734421786759028110134060432887761223168041528978568351
0.12691345564497877673711981191365601651446555508197969343083222290516389223927813818672714698161415491293405900884267769780490288
0.01508987184691910477138942951094793153366321079322930262660304053439737742226006820283185061721963406260354112203124593680069658

-0.50171556477356942633479874524099854484642999538600194275439517066286669344458970245154658477893294625517883454548184711823353586
-0.81259894543570467520116053333632873583401777984798887533821852612114859939734421786759028110134060432887761223168041528978568351
0.12691345564497877673711981191365601651446555508197969343083222290516389223927813818672714698161415491293405900884267769780490288
0.01508987184691910477138942951094793153366321079322930262660304053439737742226006820283185061721963406260354112203124593680069658

-0.50171556477356942633479874524099854484642999538600194275439517066286669344458970245154658477893294625517883454548184711823353586
0.12691345564497877673711981191365601651446555508197969343083222290516389223927813818672714698161415491293405900884267769780490288
-0.81259894543570467520116053333632873583401777984798887533821852612114859939734421786759028110134060432887761223168041528978568351
0.01508987184691910477138942951094793153366321079322930262660304053439737742226006820283185061721963406260354112203124593680069658

-0.81259894543570467520116053333632873583401777984798887533821852612114859939734421786759028110134060432887761223168041528978568351
0.12691345564497877673711981191365601651446555508197969343083222290516389223927813818672714698161415491293405900884267769780490288
-0.81259894543570467520116053333632873583401777984798887533821852612114859939734421786759028110134060432887761223168041528978568351
0.01508987184691910477138942951094793153366321079322930262660304053439737742226006820283185061721963406260354112203124593680069658

-0.81259894543570467520116053333632873583401777984798887533821852612114859939734421786759028110134060432887761223168041528978568351
0.12691345564497877673711981191365601651446555508197969343083222290516389223927813818672714698161415491293405900884267769780490288
-0.50171556477356942633479874524099854484642999538600194275439517066286669344458970245154658477893294625517883454548184711823353586
0.01508987184691910477138942951094793153366321079322930262660304053439737742226006820283185061721963406260354112203124593680069658

-0.81259894543570467520116053333632873583401777984798887533821852612114859939734421786759028110134060432887761223168041528978568351
-0.50171556477356942633479874524099854484642999538600194275439517066286669344458970245154658477893294625517883454548184711823353586
-0.81259894543570467520116053333632873583401777984798887533821852612114859939734421786759028110134060432887761223168041528978568351
0.01508987184691910477138942951094793153366321079322930262660304053439737742226006820283185061721963406260354112203124593680069658

-0.50171556477356942633479874524099854484642999538600194275439517066286669344458970245154658477893294625517883454548184711823353586
-0.81259894543570467520116053333632873583401777984798887533821852612114859939734421786759028110134060432887761223168041528978568351
-0.81259894543570467520116053333632873583401777984798887533821852612114859939734421786759028110134060432887761223168041528978568351
0.01508987184691910477138942951094793153366321079322930262660304053439737742226006820283185061721963406260354112203124593680069658

-0.81259894543570467520116053333632873583401777984798887533821852612114859939734421786759028110134060432887761223168041528978568351
-0.81259894543570467520116053333632873583401777984798887533821852612114859939734421786759028110134060432887761223168041528978568351
-0.50171556477356942633479874524099854484642999538600194275439517066286669344458970245154658477893294625517883454548184711823353586
0.01508987184691910477138942951094793153366321079322930262660304053439737742226006820283185061721963406260354112203124593680069658

0.12691345564497877673711981191365601651446555508197969343083222290516389223927813818672714698161415491293405900884267769780490288
-0.81259894543570467520116053333632873583401777984798887533821852612114859939734421786759028110134060432887761223168041528978568351
-0.50171556477356942633479874524099854484642999538600194275439517066286669344458970245154658477893294625517883454548184711823353586
0.01508987184691910477138942951094793153366321079322930262660304053439737742226006820283185061721963406260354112203124593680069658

0.12691345564497877673711981191365601651446555508197969343083222290516389223927813818672714698161415491293405900884267769780490288
-0.81259894543570467520116053333632873583401777984798887533821852612114859939734421786759028110134060432887761223168041528978568351
-0.81259894543570467520116053333632873583401777984798887533821852612114859939734421786759028110134060432887761223168041528978568351
0.01508987184691910477138942951094793153366321079322930262660304053439737742226006820283185061721963406260354112203124593680069658

0.12691345564497877673711981191365601651446555508197969343083222290516389223927813818672714698161415491293405900884267769780490288
-0.50171556477356942633479874524099854484642999538600194275439517066286669344458970245154658477893294625517883454548184711823353586
-0.81259894543570467520116053333632873583401777984798887533821852612114859939734421786759028110134060432887761223168041528978568351
0.01508987184691910477138942951094793153366321079322930262660304053439737742226006820283185061721963406260354112203124593680069658

-0.29067308905443223007276426401454175944557742407596642710032257630974045106380887510569547468245654152041657151365230659062416106
-0.59997017957876445003689301619442772834060232597971170056806039775393491978454208521125895889971035758575403066353995617200840966
-0.81868364231237108981757845577648875276824282586835544523129444962658417808784016457735009173537655937341282630915543064674326822
0.02334901863510713899800655103194243673177302661692724877218873883122776089170396097397704988841463334743973014942378740091124486

-0.29067308905443223007276426401454175944557742407596642710032257630974045106380887510569547468245654152041657151365230659062416106
-0.29067308905443223007276426401454175944557742407596642710032257630974045106380887510569547468245654152041657151365230659062416106
-0.81868364231237108981757845577648875276824282586835544523129444962658417808784016457735009173537655937341282630915543064674326822
0.02334901863510713899800655103194243673177302661692724877218873883122776089170396097397704988841463334743973014942378740091124486

-0.59997017957876445003689301619442772834060232597971170056806039775393491978454208521125895889971035758575403066353995617200840966
-0.29067308905443223007276426401454175944557742407596642710032257630974045106380887510569547468245654152041657151365230659062416106
-0.81868364231237108981757845577648875276824282586835544523129444962658417808784016457735009173537655937341282630915543064674326822
0.02334901863510713899800655103194243673177302661692724877218873883122776089170396097397704988841463334743973014942378740091124486

-0.59997017957876445003689301619442772834060232597971170056806039775393491978454208521125895889971035758575403066353995617200840966
-0.81868364231237108981757845577648875276824282586835544523129444962658417808784016457735009173537655937341282630915543064674326822
-0.29067308905443223007276426401454175944557742407596642710032257630974045106380887510569547468245654152041657151365230659062416106
0.02334901863510713899800655103194243673177302661692724877218873883122776089170396097397704988841463334743973014942378740091124486

-0.29067308905443223007276426401454175944557742407596642710032257630974045106380887510569547468245654152041657151365230659062416106
-0.81868364231237108981757845577648875276824282586835544523129444962658417808784016457735009173537655937341282630915543064674326822
-0.29067308905443223007276426401454175944557742407596642710032257630974045106380887510569547468245654152041657151365230659062416106
0.02334901863510713899800655103194243673177302661692724877218873883122776089170396097397704988841463334743973014942378740091124486

-0.29067308905443223007276426401454175944557742407596642710032257630974045106380887510569547468245654152041657151365230659062416106
-0.81868364231237108981757845577648875276824282586835544523129444962658417808784016457735009173537655937341282630915543064674326822
-0.59997017957876445003689301619442772834060232597971170056806039775393491978454208521125895889971035758575403066353995617200840966
0.02334901863510713899800655103194243673177302661692724877218873883122776089170396097397704988841463334743973014942378740091124486

-0.29067308905443223007276426401454175944557742407596642710032257630974045106380887510569547468245654152041657151365230659062416106
-0.59997017957876445003689301619442772834060232597971170056806039775393491978454208521125895889971035758575403066353995617200840966
-0.29067308905443223007276426401454175944557742407596642710032257630974045106380887510569547468245654152041657151365230659062416106
0.02334901863510713899800655103194243673177302661692724877218873883122776089170396097397704988841463334743973014942378740091124486

-0.59997017957876445003689301619442772834060232597971170056806039775393491978454208521125895889971035758575403066353995617200840966
-0.29067308905443223007276426401454175944557742407596642710032257630974045106380887510569547468245654152041657151365230659062416106
-0.29067308905443223007276426401454175944557742407596642710032257630974045106380887510569547468245654152041657151365230659062416106
0.02334901863510713899800655103194243673177302661692724877218873883122776089170396097397704988841463334743973014942378740091124486

-0.29067308905443223007276426401454175944557742407596642710032257630974045106380887510569547468245654152041657151365230659062416106
-0.29067308905443223007276426401454175944557742407596642710032257630974045106380887510569547468245654152041657151365230659062416106
-0.59997017957876445003689301619442772834060232597971170056806039775393491978454208521125895889971035758575403066353995617200840966
0.02334901863510713899800655103194243673177302661692724877218873883122776089170396097397704988841463334743973014942378740091124486

-0.81868364231237108981757845577648875276824282586835544523129444962658417808784016457735009173537655937341282630915543064674326822
-0.29067308905443223007276426401454175944557742407596642710032257630974045106380887510569547468245654152041657151365230659062416106
-0.59997017957876445003689301619442772834060232597971170056806039775393491978454208521125895889971035758575403066353995617200840966
0.02334901863510713899800655103194243673177302661692724877218873883122776089170396097397704988841463334743973014942378740091124486

-0.81868364231237108981757845577648875276824282586835544523129444962658417808784016457735009173537655937341282630915543064674326822
-0.29067308905443223007276426401454175944557742407596642710032257630974045106380887510569547468245654152041657151365230659062416106
-0.29067308905443223007276426401454175944557742407596642710032257630974045106380887510569547468245654152041657151365230659062416106
0.02334901863510713899800655103194243673177302661692724877218873883122776089170396097397704988841463334743973014942378740091124486

-0.81868364231237108981757845577648875276824282586835544523129444962658417808784016457735009173537655937341282630915543064674326822
-0.59997017957876445003689301619442772834060232597971170056806039775393491978454208521125895889971035758575403066353995617200840966
-0.29067308905443223007276426401454175944557742407596642710032257630974045106380887510569547468245654152041657151365230659062416106
0.02334901863510713899800655103194243673177302661692724877218873883122776089170396097397704988841463334743973014942378740091124486

0.21330512146069994540370062862726557611461977081205717024519639951004040876896686523654710889812971414862535277287122750783580237
-0.97751511327706086140117281942300520817631704399955456117922042002815368502549073812563494097703868490630825000306581224521553043
-0.84410687553638425823470871653769310300778021565414478555653602414470236950132868378321902334739868770032728926232842324590521565
0.00497319889132695363434065914336110125359746207235336673926759699094076676245501134961410905331413103991530318021612895036577864

-0.39168313264725482576781909266656726493052251115835782350943995533718435424214744332769314457369234154198981350747699201671505628
-0.97751511327706086140117281942300520817631704399955456117922042002815368502549073812563494097703868490630825000306581224521553043
-0.84410687553638425823470871653769310300778021565414478555653602414470236950132868378321902334739868770032728926232842324590521565
0.00497319889132695363434065914336110125359746207235336673926759699094076676245501134961410905331413103991530318021612895036577864

-0.39168313264725482576781909266656726493052251115835782350943995533718435424214744332769314457369234154198981350747699201671505628
0.21330512146069994540370062862726557611461977081205717024519639951004040876896686523654710889812971414862535277287122750783580237
-0.84410687553638425823470871653769310300778021565414478555653602414470236950132868378321902334739868770032728926232842324590521565
0.00497319889132695363434065914336110125359746207235336673926759699094076676245501134961410905331413103991530318021612895036577864

0.21330512146069994540370062862726557611461977081205717024519639951004040876896686523654710889812971414862535277287122750783580237
-0.39168313264725482576781909266656726493052251115835782350943995533718435424214744332769314457369234154198981350747699201671505628
-0.84410687553638425823470871653769310300778021565414478555653602414470236950132868378321902334739868770032728926232842324590521565
0.00497319889132695363434065914336110125359746207235336673926759699094076676245501134961410905331413103991530318021612895036577864

-0.97751511327706086140117281942300520817631704399955456117922042002815368502549073812563494097703868490630825000306581224521553043
-0.39168313264725482576781909266656726493052251115835782350943995533718435424214744332769314457369234154198981350747699201671505628
-0.84410687553638425823470871653769310300778021565414478555653602414470236950132868378321902334739868770032728926232842324590521565
0.00497319889132695363434065914336110125359746207235336673926759699094076676245501134961410905331413103991530318021612895036577864

-0.97751511327706086140117281942300520817631704399955456117922042002815368502549073812563494097703868490630825000306581224521553043
0.21330512146069994540370062862726557611461977081205717024519639951004040876896686523654710889812971414862535277287122750783580237
-0.84410687553638425823470871653769310300778021565414478555653602414470236950132868378321902334739868770032728926232842324590521565
0.00497319889132695363434065914336110125359746207235336673926759699094076676245501134961410905331413103991530318021612895036577864

-0.97751511327706086140117281942300520817631704399955456117922042002815368502549073812563494097703868490630825000306581224521553043
-0.84410687553638425823470871653769310300778021565414478555653602414470236950132868378321902334739868770032728926232842324590521565
0.21330512146069994540370062862726557611461977081205717024519639951004040876896686523654710889812971414862535277287122750783580237
0.00497319889132695363434065914336110125359746207235336673926759699094076676245501134961410905331413103991530318021612895036577864

-0.97751511327706086140117281942300520817631704399955456117922042002815368502549073812563494097703868490630825000306581224521553043
-0.84410687553638425823470871653769310300778021565414478555653602414470236950132868378321902334739868770032728926232842324590521565
-0.39168313264725482576781909266656726493052251115835782350943995533718435424214744332769314457369234154198981350747699201671505628
0.00497319889132695363434065914336110125359746207235336673926759699094076676245501134961410905331413103991530318021612895036577864

0.21330512146069994540370062862726557611461977081205717024519639951004040876896686523654710889812971414862535277287122750783580237
-0.84410687553638425823470871653769310300778021565414478555653602414470236950132868378321902334739868770032728926232842324590521565
-0.39168313264725482576781909266656726493052251115835782350943995533718435424214744332769314457369234154198981350747699201671505628
0.00497319889132695363434065914336110125359746207235336673926759699094076676245501134961410905331413103991530318021612895036577864

-0.39168313264725482576781909266656726493052251115835782350943995533718435424214744332769314457369234154198981350747699201671505628
-0.84410687553638425823470871653769310300778021565414478555653602414470236950132868378321902334739868770032728926232842324590521565
0.21330512146069994540370062862726557611461977081205717024519639951004040876896686523654710889812971414862535277287122750783580237
0.00497319889132695363434065914336110125359746207235336673926759699094076676245501134961410905331413103991530318021612895036577864

-0.39168313264725482576781909266656726493052251115835782350943995533718435424214744332769314457369234154198981350747699201671505628
-0.84410687553638425823470871653769310300778021565414478555653602414470236950132868378321902334739868770032728926232842324590521565
-0.97751511327706086140117281942300520817631704399955456117922042002815368502549073812563494097703868490630825000306581224521553043
0.00497319889132695363434065914336110125359746207235336673926759699094076676245501134961410905331413103991530318021612895036577864

0.21330512146069994540370062862726557611461977081205717024519639951004040876896686523654710889812971414862535277287122750783580237
-0.84410687553638425823470871653769310300778021565414478555653602414470236950132868378321902334739868770032728926232842324590521565
-0.97751511327706086140117281942300520817631704399955456117922042002815368502549073812563494097703868490630825000306581224521553043
0.00497319889132695363434065914336110125359746207235336673926759699094076676245501134961410905331413103991530318021612895036577864

-0.39168313264725482576781909266656726493052251115835782350943995533718435424214744332769314457369234154198981350747699201671505628
-0.97751511327706086140117281942300520817631704399955456117922042002815368502549073812563494097703868490630825000306581224521553043
0.21330512146069994540370062862726557611461977081205717024519639951004040876896686523654710889812971414862535277287122750783580237
0.00497319889132695363434065914336110125359746207235336673926759699094076676245501134961410905331413103991530318021612895036577864

0.21330512146069994540370062862726557611461977081205717024519639951004040876896686523654710889812971414862535277287122750783580237
-0.97751511327706086140117281942300520817631704399955456117922042002815368502549073812563494097703868490630825000306581224521553043
-0.39168313264725482576781909266656726493052251115835782350943995533718435424214744332769314457369234154198981350747699201671505628
0.00497319889132695363434065914336110125359746207235336673926759699094076676245501134961410905331413103991530318021612895036577864

-0.97751511327706086140117281942300520817631704399955456117922042002815368502549073812563494097703868490630825000306581224521553043
0.21330512146069994540370062862726557611461977081205717024519639951004040876896686523654710889812971414862535277287122750783580237
-0.39168313264725482576781909266656726493052251115835782350943995533718435424214744332769314457369234154198981350747699201671505628
0.00497319889132695363434065914336110125359746207235336673926759699094076676245501134961410905331413103991530318021612895036577864

-0.97751511327706086140117281942300520817631704399955456117922042002815368502549073812563494097703868490630825000306581224521553043
-0.39168313264725482576781909266656726493052251115835782350943995533718435424214744332769314457369234154198981350747699201671505628
0.21330512146069994540370062862726557611461977081205717024519639951004040876896686523654710889812971414862535277287122750783580237
0.00497319889132695363434065914336110125359746207235336673926759699094076676245501134961410905331413103991530318021612895036577864

0.21330512146069994540370062862726557611461977081205717024519639951004040876896686523654710889812971414862535277287122750783580237
-0.39168313264725482576781909266656726493052251115835782350943995533718435424214744332769314457369234154198981350747699201671505628
-0.97751511327706086140117281942300520817631704399955456117922042002815368502549073812563494097703868490630825000306581224521553043
0.00497319889132695363434065914336110125359746207235336673926759699094076676245501134961410905331413103991530318021612895036577864

-0.39168313264725482576781909266656726493052251115835782350943995533718435424214744332769314457369234154198981350747699201671505628
0.21330512146069994540370062862726557611461977081205717024519639951004040876896686523654710889812971414862535277287122750783580237
-0.97751511327706086140117281942300520817631704399955456117922042002815368502549073812563494097703868490630825000306581224521553043
0.00497319889132695363434065914336110125359746207235336673926759699094076676245501134961410905331413103991530318021612895036577864

-0.84410687553638425823470871653769310300778021565414478555653602414470236950132868378321902334739868770032728926232842324590521565
0.21330512146069994540370062862726557611461977081205717024519639951004040876896686523654710889812971414862535277287122750783580237
-0.97751511327706086140117281942300520817631704399955456117922042002815368502549073812563494097703868490630825000306581224521553043
0.00497319889132695363434065914336110125359746207235336673926759699094076676245501134961410905331413103991530318021612895036577864

-0.84410687553638425823470871653769310300778021565414478555653602414470236950132868378321902334739868770032728926232842324590521565
-0.39168313264725482576781909266656726493052251115835782350943995533718435424214744332769314457369234154198981350747699201671505628
-0.97751511327706086140117281942300520817631704399955456117922042002815368502549073812563494097703868490630825000306581224521553043
0.00497319889132695363434065914336110125359746207235336673926759699094076676245501134961410905331413103991530318021612895036577864

-0.84410687553638425823470871653769310300778021565414478555653602414470236950132868378321902334739868770032728926232842324590521565
-0.39168313264725482576781909266656726493052251115835782350943995533718435424214744332769314457369234154198981350747699201671505628
0.21330512146069994540370062862726557611461977081205717024519639951004040876896686523654710889812971414862535277287122750783580237
0.00497319889132695363434065914336110125359746207235336673926759699094076676245501134961410905331413103991530318021612895036577864

-0.84410687553638425823470871653769310300778021565414478555653602414470236950132868378321902334739868770032728926232842324590521565
0.21330512146069994540370062862726557611461977081205717024519639951004040876896686523654710889812971414862535277287122750783580237
-0.39168313264725482576781909266656726493052251115835782350943995533718435424214744332769314457369234154198981350747699201671505628
0.00497319889132695363434065914336110125359746207235336673926759699094076676245501134961410905331413103991530318021612895036577864

-0.84410687553638425823470871653769310300778021565414478555653602414470236950132868378321902334739868770032728926232842324590521565
-0.97751511327706086140117281942300520817631704399955456117922042002815368502549073812563494097703868490630825000306581224521553043
-0.39168313264725482576781909266656726493052251115835782350943995533718435424214744332769314457369234154198981350747699201671505628
0.00497319889132695363434065914336110125359746207235336673926759699094076676245501134961410905331413103991530318021612895036577864

-0.84410687553638425823470871653769310300778021565414478555653602414470236950132868378321902334739868770032728926232842324590521565
-0.97751511327706086140117281942300520817631704399955456117922042002815368502549073812563494097703868490630825000306581224521553043
0.21330512146069994540370062862726557611461977081205717024519639951004040876896686523654710889812971414862535277287122750783580237
0.00497319889132695363434065914336110125359746207235336673926759699094076676245501134961410905331413103991530318021612895036577864

-0.50000000000000000000000000000000000000000000000000000000000000000000000000000000000000000000000000000000000000000000000000000000
-0.50000000000000000000000000000000000000000000000000000000000000000000000000000000000000000000000000000000000000000000000000000000
-0.50000000000000000000000000000000000000000000000000000000000000000000000000000000000000000000000000000000000000000000000000000000
0.03721309006010303648252582193154956261285264706205768214877108458306698987179097759716446756977372074470033271957655331493525420

