centroid       numS31         numS22         numS211        numS1111       
false (1)      2 (4)          0 (6)          0 (12)         0 (24)         

-0.80232563146399044075585758281610768750705521124314529931011659605305304689433380188402708032171755471923497583850379108426384211
-0.80232563146399044075585758281610768750705521124314529931011659605305304689433380188402708032171755471923497583850379108426384211
0.40697689439197132226757274844832306252116563372943589793034978815915914068300140565208124096515266415770492751551137325279152634
0.12828447994920621911765646841342688317502630677973613978001631547127859296289354942711638397581520534697033110119047619047619048

-0.80232563146399044075585758281610768750705521124314529931011659605305304689433380188402708032171755471923497583850379108426384211
0.40697689439197132226757274844832306252116563372943589793034978815915914068300140565208124096515266415770492751551137325279152634
-0.80232563146399044075585758281610768750705521124314529931011659605305304689433380188402708032171755471923497583850379108426384211
0.12828447994920621911765646841342688317502630677973613978001631547127859296289354942711638397581520534697033110119047619047619048

-0.80232563146399044075585758281610768750705521124314529931011659605305304689433380188402708032171755471923497583850379108426384211
-0.80232563146399044075585758281610768750705521124314529931011659605305304689433380188402708032171755471923497583850379108426384211
-0.80232563146399044075585758281610768750705521124314529931011659605305304689433380188402708032171755471923497583850379108426384211
0.12828447994920621911765646841342688317502630677973613978001631547127859296289354942711638397581520534697033110119047619047619048

0.40697689439197132226757274844832306252116563372943589793034978815915914068300140565208124096515266415770492751551137325279152634
-0.80232563146399044075585758281610768750705521124314529931011659605305304689433380188402708032171755471923497583850379108426384211
-0.80232563146399044075585758281610768750705521124314529931011659605305304689433380188402708032171755471923497583850379108426384211
0.12828447994920621911765646841342688317502630677973613978001631547127859296289354942711638397581520534697033110119047619047619048

-0.34476317241342207247043343687401322856874847928457706776095266734703358034285728825413631325177448113123433491994552634622938965
-0.34476317241342207247043343687401322856874847928457706776095266734703358034285728825413631325177448113123433491994552634622938965
-0.96571048275973378258869968937796031429375456214626879671714199795889925897142813523759106024467655660629699524016342096131183104
0.20504885338412711421567686491990645015830702655359719355331701786205474037043978390621694935751812798636300223214285714285714286

-0.34476317241342207247043343687401322856874847928457706776095266734703358034285728825413631325177448113123433491994552634622938965
-0.96571048275973378258869968937796031429375456214626879671714199795889925897142813523759106024467655660629699524016342096131183104
-0.34476317241342207247043343687401322856874847928457706776095266734703358034285728825413631325177448113123433491994552634622938965
0.20504885338412711421567686491990645015830702655359719355331701786205474037043978390621694935751812798636300223214285714285714286

-0.34476317241342207247043343687401322856874847928457706776095266734703358034285728825413631325177448113123433491994552634622938965
-0.34476317241342207247043343687401322856874847928457706776095266734703358034285728825413631325177448113123433491994552634622938965
-0.34476317241342207247043343687401322856874847928457706776095266734703358034285728825413631325177448113123433491994552634622938965
0.20504885338412711421567686491990645015830702655359719355331701786205474037043978390621694935751812798636300223214285714285714286

-0.96571048275973378258869968937796031429375456214626879671714199795889925897142813523759106024467655660629699524016342096131183104
-0.34476317241342207247043343687401322856874847928457706776095266734703358034285728825413631325177448113123433491994552634622938965
-0.34476317241342207247043343687401322856874847928457706776095266734703358034285728825413631325177448113123433491994552634622938965
0.20504885338412711421567686491990645015830702655359719355331701786205474037043978390621694935751812798636300223214285714285714286

