centroid       numS31         numS22         numS211        numS1111       
false (1)      2 (4)          1 (6)          0 (12)         0 (24)         

-0.81452949937821754719535217252593878950959329247890847394317332953236943423752649240877361432060472472330459395507024979729232869
-0.81452949937821754719535217252593878950959329247890847394317332953236943423752649240877361432060472472330459395507024979729232869
0.44358849813465264158605651757781636852877987743672542182951998859710830271257947722632084296181417416991378186521074939187698608
0.09799072415514926605828027398177000469745505165420254696662292354129873847088564548442777859705809001920162069787667803873465622

-0.81452949937821754719535217252593878950959329247890847394317332953236943423752649240877361432060472472330459395507024979729232869
0.44358849813465264158605651757781636852877987743672542182951998859710830271257947722632084296181417416991378186521074939187698608
-0.81452949937821754719535217252593878950959329247890847394317332953236943423752649240877361432060472472330459395507024979729232869
0.09799072415514926605828027398177000469745505165420254696662292354129873847088564548442777859705809001920162069787667803873465622

-0.81452949937821754719535217252593878950959329247890847394317332953236943423752649240877361432060472472330459395507024979729232869
-0.81452949937821754719535217252593878950959329247890847394317332953236943423752649240877361432060472472330459395507024979729232869
-0.81452949937821754719535217252593878950959329247890847394317332953236943423752649240877361432060472472330459395507024979729232869
0.09799072415514926605828027398177000469745505165420254696662292354129873847088564548442777859705809001920162069787667803873465622

0.44358849813465264158605651757781636852877987743672542182951998859710830271257947722632084296181417416991378186521074939187698608
-0.81452949937821754719535217252593878950959329247890847394317332953236943423752649240877361432060472472330459395507024979729232869
-0.81452949937821754719535217252593878950959329247890847394317332953236943423752649240877361432060472472330459395507024979729232869
0.09799072415514926605828027398177000469745505165420254696662292354129873847088564548442777859705809001920162069787667803873465622

-0.37822816147339878040530853247308433401476517312050324179449650012477525370639456656683355745391140449782072608657840464222951916
-0.37822816147339878040530853247308433401476517312050324179449650012477525370639456656683355745391140449782072608657840464222951916
-0.86531551557980365878407440258074699795570448063849027461651049962567423888081630029949932763826578650653782174026478607331144251
0.15025056762402113439891420311104844508062372544488388900014841837581726892291067886789496314885640564601006967599887657948033060

-0.37822816147339878040530853247308433401476517312050324179449650012477525370639456656683355745391140449782072608657840464222951916
-0.86531551557980365878407440258074699795570448063849027461651049962567423888081630029949932763826578650653782174026478607331144251
-0.37822816147339878040530853247308433401476517312050324179449650012477525370639456656683355745391140449782072608657840464222951916
0.15025056762402113439891420311104844508062372544488388900014841837581726892291067886789496314885640564601006967599887657948033060

-0.37822816147339878040530853247308433401476517312050324179449650012477525370639456656683355745391140449782072608657840464222951916
-0.37822816147339878040530853247308433401476517312050324179449650012477525370639456656683355745391140449782072608657840464222951916
-0.37822816147339878040530853247308433401476517312050324179449650012477525370639456656683355745391140449782072608657840464222951916
0.15025056762402113439891420311104844508062372544488388900014841837581726892291067886789496314885640564601006967599887657948033060

-0.86531551557980365878407440258074699795570448063849027461651049962567423888081630029949932763826578650653782174026478607331144251
-0.37822816147339878040530853247308433401476517312050324179449650012477525370639456656683355745391140449782072608657840464222951916
-0.37822816147339878040530853247308433401476517312050324179449650012477525370639456656683355745391140449782072608657840464222951916
0.15025056762402113439891420311104844508062372544488388900014841837581726892291067886789496314885640564601006967599887657948033060

-0.09100740825129929898376105255867887813126484323811204860291968680545202685187508038618451137853929744040006961912847047811628208
-0.90899259174870070101623894744132112186873515676188795139708031319454797314812491961381548862146070255959993038087152952188371792
-0.90899259174870070101623894744132112186873515676188795139708031319454797314812491961381548862146070255959993038087152952188371792
0.05672802770277528858409257082700992237016970415616459824437466094414488395969133932067372772494589177874776197297185247674556434

-0.90899259174870070101623894744132112186873515676188795139708031319454797314812491961381548862146070255959993038087152952188371792
-0.09100740825129929898376105255867887813126484323811204860291968680545202685187508038618451137853929744040006961912847047811628208
-0.90899259174870070101623894744132112186873515676188795139708031319454797314812491961381548862146070255959993038087152952188371792
0.05672802770277528858409257082700992237016970415616459824437466094414488395969133932067372772494589177874776197297185247674556434

-0.90899259174870070101623894744132112186873515676188795139708031319454797314812491961381548862146070255959993038087152952188371792
-0.90899259174870070101623894744132112186873515676188795139708031319454797314812491961381548862146070255959993038087152952188371792
-0.09100740825129929898376105255867887813126484323811204860291968680545202685187508038618451137853929744040006961912847047811628208
0.05672802770277528858409257082700992237016970415616459824437466094414488395969133932067372772494589177874776197297185247674556434

-0.09100740825129929898376105255867887813126484323811204860291968680545202685187508038618451137853929744040006961912847047811628208
-0.09100740825129929898376105255867887813126484323811204860291968680545202685187508038618451137853929744040006961912847047811628208
-0.90899259174870070101623894744132112186873515676188795139708031319454797314812491961381548862146070255959993038087152952188371792
0.05672802770277528858409257082700992237016970415616459824437466094414488395969133932067372772494589177874776197297185247674556434

-0.09100740825129929898376105255867887813126484323811204860291968680545202685187508038618451137853929744040006961912847047811628208
-0.90899259174870070101623894744132112186873515676188795139708031319454797314812491961381548862146070255959993038087152952188371792
-0.09100740825129929898376105255867887813126484323811204860291968680545202685187508038618451137853929744040006961912847047811628208
0.05672802770277528858409257082700992237016970415616459824437466094414488395969133932067372772494589177874776197297185247674556434

-0.90899259174870070101623894744132112186873515676188795139708031319454797314812491961381548862146070255959993038087152952188371792
-0.09100740825129929898376105255867887813126484323811204860291968680545202685187508038618451137853929744040006961912847047811628208
-0.09100740825129929898376105255867887813126484323811204860291968680545202685187508038618451137853929744040006961912847047811628208
0.05672802770277528858409257082700992237016970415616459824437466094414488395969133932067372772494589177874776197297185247674556434

