centroid  numS21    numS111   
true      34        136       

S1 
[0.3333333333333333]                              0.0018316067410150717                             

S21 
[0.0011334083062830998]                           1.6909715245250634e-5                             
[0.00595995886149543]                             9.09739685038039e-5                               
[0.014576593718522081]                            0.00022110766760406573                            
[0.0268192668958646]                              0.0003997693708847939                             
[0.0423928600943598]                              0.0006157854512874202                             
[0.06079787977827056]                             0.0008515195722208274                             
[0.08162585529216541]                             0.0010988482660571534                             
[0.10451063274446641]                             0.0013347777287520996                             
[0.12894383006974802]                             0.0015566465944277445                             
[0.15428814937484214]                             0.0017307550019067374                             
[0.18010313684432042]                             0.0018600787268711928                             
[0.20586899643369025]                             0.0019434039841924624                             
[0.23116505391988704]                             0.0019652771365840115                             
[0.2551247320933542]                              0.001959243866934028                              
[0.27804836054125337]                             0.0019336436530607824                             
[0.2993129819500911]                              0.0018345364870418126                             
[0.3174883898586629]                              0.0017187091502621971                             
[0.4996061921999546]                              0.00017908114759640855                            
[0.4979494809541663]                              0.00040553159556573176                            
[0.49504626102283183]                             0.000615184451509396                              
[0.4909251119099738]                              0.0008231663831980334                             
[0.4855220575838809]                              0.0010358837694428604                             
[0.47886340189146065]                             0.0012089665921349553                             
[0.47113962815888877]                             0.0013412550113828543                             
[0.4624472073330748]                              0.0014680723787976616                             
[0.4526262552601891]                              0.001599744354342084                              
[0.44176080878836277]                             0.0016688278879853728                             
[0.430221646209264]                               0.0016800033970191877                             
[0.41803483160889904]                             0.001688682734528933                              
[0.4051004100847959]                              0.0016797443833233487                             
[0.3916216129401071]                              0.0016410011870797438                             
[0.37750952925224446]                             0.0014773544829649228                             
[0.36547747308634976]                             0.0010734184700534036                             
[0.3519597533992793]                              0.0015969808906749635                             

S111 
[0.9929037309647689, 0.0011329147636618346]       3.923180577373021e-5                              
[0.9842514031668068, 0.0011307506425485335]       6.120522877435996e-5                              
[0.9718356604575279, 0.001126147957732029]        8.248335176279943e-5                              
[0.955747435620476, 0.0011163588191738525]        0.00010252641768555029                            
[0.9361022916377789, 0.001101863793675808]        0.00012094317082252389                            
[0.9130468252862264, 0.0010791496097777725]       0.00013693691737629116                            
[0.8867452949270768, 0.001053831636972904]        0.00015080183413955321                            
[0.8573742242819529, 0.001047051931298895]        0.00016557077192211938                            
[0.8251997401901446, 0.0010123294126253566]       0.00017424684276435654                            
[0.7904370683170093, 0.0009841697411435832]       0.0001817044105986404                             
[0.753362585460061, 0.0009558093565494568]        0.00018719264979046358                            
[0.7142555711720847, 0.0009389414678630643]       0.00019267878850829365                            
[0.6734457670753474, 0.000901440834645411]        0.00019244892252978665                            
[0.6312330062973359, 0.0008681921254425324]       0.00019061682568268006                            
[0.5879532592358355, 0.0008406504099716976]       0.00018854028482333948                            
[0.5439777016497617, 0.0007813199375304047]       0.0001776795825780127                             
[0.9794451173659381, 0.005948351527665786]        0.00014186365433912482                            
[0.9670660623470108, 0.005923012936559517]        0.00019104056045710823                            
[0.9510452533995921, 0.0058721596976780135]       0.00023742296413554133                            
[0.9315017491615595, 0.005794727413753699]        0.0002798590892497546                             
[0.9085946562105597, 0.005676699458922908]        0.000316894026487698                              
[0.8824686047412362, 0.0055467417876994985]       0.0003492009372401716                             
[0.8532336016731323, 0.0055002161858352635]       0.00038174232629614594                            
[0.8213058417783932, 0.005329915678315722]        0.00040333824749337073                            
[0.7867978619873707, 0.005174676900741487]        0.0004195140405806564                             
[0.7499761068635833, 0.005033821144954476]        0.0004333511577857709                             
[0.7111167827107009, 0.004922717393200419]        0.00044233657187280436                            
[0.6706001129995474, 0.004748173645677923]        0.00044525068959608353                            
[0.6287066305873658, 0.0045558891850448315]       0.0004383639006260054                             
[0.5857162756552674, 0.004419601952467005]        0.00043440170165654217                            
[0.5420891595683512, 0.004137598365136868]        0.0004155330318540627                             
[0.9585394738863995, 0.014510333185619586]        0.00029745686350824487                            
[0.9426397261962296, 0.014387629046494757]        0.0003694771476928032                             
[0.923286504743231, 0.014193749444576296]         0.00043495707876787523                            
[0.9006465087821994, 0.013910630431095253]        0.0004925580906403977                             
[0.8748288541932863, 0.013603980868965172]        0.0005432462921799658                             
[0.8458695646150145, 0.013448276759016217]        0.0005902454550736811                             
[0.8143340488659642, 0.01307525810528067]         0.0006267958578630098                             
[0.7802856130501135, 0.012675831380761548]        0.0006504533700682817                             
[0.7439055128591239, 0.012349965956074412]        0.000672335955105158                              
[0.7055523927511804, 0.012011765735241244]        0.0006808744601704598                             
[0.6655360487932789, 0.011638784096698072]        0.0006882138092260028                             
[0.6242182611311909, 0.01114537319912728]         0.0006786571068801501                             
[0.5817372421322186, 0.010798166903309604]        0.0006676089702946259                             
[0.538656946254707, 0.010234466568098188]         0.0006528210692828329                             
[0.9306540980687453, 0.02659483380685261]         0.0004963167549790869                             
[0.9115902234235299, 0.026229288886467278]        0.0005837870443731404                             
[0.8893239418603809, 0.02572062401087323]         0.000661311222334504                              
[0.8639308799504225, 0.025176683540951643]        0.0007296144135926497                             
[0.83542911949083, 0.024800752004084093]          0.0007876089102706803                             
[0.8044122963624778, 0.024194437737716595]        0.0008391727510211674                             
[0.7710303127742374, 0.023442468359984665]        0.0008714990574736248                             
[0.7352792075148202, 0.022843988221671434]        0.0008981647661141011                             
[0.6976571912545573, 0.022135533494264895]        0.000908030037713813                              
[0.6583304807085192, 0.021473688091556916]        0.0009129110662042564                             
[0.6177781008185069, 0.020614184319936828]        0.0009093447847027772                             
[0.5760848601452584, 0.019866661178719488]        0.000884324525656553                              
[0.5336884559085149, 0.01905863739538819]         0.0008741874615787331                             
[0.89654276684394, 0.041803232728840706]          0.0007239200585755281                             
[0.8747586560941888, 0.04101933768684798]         0.0008204016195365191                             
[0.8499093325951049, 0.040182699624202935]        0.000904997604930876                              
[0.8220579183022388, 0.03945414189066272]         0.0009724952646297696                             
[0.7916686035350271, 0.038583777957113916]        0.0010356485792407618                             
[0.7591140782584854, 0.03741784171977667]         0.0010786794206081136                             
[0.7242557883074627, 0.03641315747882805]         0.0011049177434857738                             
[0.6876250286838477, 0.03524568206914973]         0.0011196174107333853                             
[0.6493128747913395, 0.03412162712205311]         0.0011175981205506888                             
[0.6096744922840568, 0.03291047701672008]         0.0011212379263221077                             
[0.5690128669377335, 0.03157375951117083]         0.0010931727283499647                             
[0.5274291473099779, 0.03042126118354243]         0.0010662379316302816                             
[0.8572347502273878, 0.059701490923244574]        0.0009663386269615242                             
[0.8330716090152633, 0.05851268436616217]         0.0010660158160711438                             
[0.8060443691017865, 0.057314056174541175]        0.0011448668877373283                             
[0.776383772889573, 0.05609950436846606]          0.0012159216794810576                             
[0.7446382372952217, 0.054510289751521473]        0.0012729155551648426                             
[0.7107231285992701, 0.052937888269375385]        0.0013005873551388291                             
[0.6750335031483099, 0.05124377705416154]         0.00131757815191076                               
[0.6378057606071987, 0.04949185016395268]         0.0013129753272543533                             
[0.5992257728885976, 0.04784106779288992]         0.00130363425560772                               
[0.5598244859247496, 0.045917695931689664]        0.0012853243153892217                             
[0.5196001932176387, 0.044084396099122895]        0.001230839174528944                              
[0.8133681633910368, 0.08001350116743496]         0.0012121844107923381                             
[0.7872561018106371, 0.07827217270794734]         0.0013039309898740805                             
[0.7585098848979421, 0.07656669483927252]         0.001376567454127514                              
[0.7276998789943312, 0.0745554409717228]          0.0014405640032629462                             
[0.6950108891238514, 0.07233354609444867]         0.0014733117023421464                             
[0.6606215989250116, 0.07001142016167543]         0.0014860459089191225                             
[0.6247687250010195, 0.06761552720798424]         0.0014901413120165861                             
[0.5876021279510483, 0.06527318205406203]         0.0014661532942140414                             
[0.5494580028559501, 0.06283069223865408]         0.0014509200146901144                             
[0.51066664537726, 0.06012186266520502]           0.0014055926639027993                             
[0.7659862652579403, 0.10221289323703701]         0.001438848423188866                              
[0.738488954988364, 0.0998532392281375]           0.0015147628405940987                             
[0.7087861583946502, 0.09735063515525287]         0.0015825387245890076                             
[0.6773020514618918, 0.0944960769977425]          0.0016298015886630137                             
[0.6442201851495664, 0.09139873422670328]         0.001643158617324458                              
[0.6096122893971264, 0.08836184592707162]         0.001646904717168922                              
[0.5739645489237886, 0.08514895012672204]         0.0016194266900594954                             
[0.5373747734705763, 0.08199332184956991]         0.001575790419738629                              
[0.5001696290618051, 0.07864793817158865]         0.0015540512016620764                             
[0.7159533228495514, 0.12579403471434353]         0.0016381889035959763                             
[0.6875410951995456, 0.12261908053605412]         0.0016990886624409468                             
[0.6573732688693551, 0.11917207507976722]         0.001748972229874826                              
[0.6258449221717537, 0.11529977031031807]         0.0017714758238152712                             
[0.5928474668396172, 0.11150114482041402]         0.0017628085531125708                             
[0.5588666762412617, 0.10748647168525768]         0.0017463774564506727                             
[0.5240883137378015, 0.1033067454327917]          0.0016935344651971898                             
[0.4884782909818038, 0.09934688253049465]         0.0016470630135618125                             
[0.6646572549095997, 0.15025186109828284]         0.0017936248528656275                             
[0.6359510358880406, 0.14610542449290803]         0.0018402063246947557                             
[0.6058306127970042, 0.14157519765712595]         0.0018771031046485327                             
[0.5745286966913579, 0.13679008331117212]         0.0018597588603159972                             
[0.5422540623017716, 0.1319445759327321]          0.0018242603137034697                             
[0.5094047263098601, 0.1268318828698876]          0.0017882199957728597                             
[0.4758621085555655, 0.12175267828324088]         0.001707053698353554                              
[0.6129657167876937, 0.17503383725502952]         0.0019010455270174317                             
[0.5844371502361425, 0.16987271292737133]         0.0019359600152038024                             
[0.5549203143408258, 0.1641084070647753]          0.0019347900704066291                             
[0.5245065240074247, 0.1581153569258119]          0.0018813700948732963                             
[0.49340585333954345, 0.15219655987145492]        0.001823986868248227                              
[0.4621420147897422, 0.1458738785714007]          0.0017578882948851488                             
[0.5617201805428147, 0.19976056530383482]         0.001962326236700916                              
[0.53403630324798, 0.19309632988715178]           0.001964859327088147                              
[0.5055880879842313, 0.18594120361177513]         0.0019329730185316085                             
[0.47657341205476783, 0.17872660387292919]        0.001829063836515541                              
[0.44731935461657163, 0.17157943291035604]        0.0017570860307616668                             
[0.5123515134338658, 0.22336626945714216]         0.001957065141152274                              
[0.48580035820621903, 0.21541042019693804]        0.0019454655512123977                             
[0.4590935837697924, 0.20678748748517287]         0.0018676938088337224                             
[0.4321492866523006, 0.1984797931909962]          0.0017501446455707686                             
[0.4653953050625532, 0.24604853690459233]         0.0019439141489780872                             
[0.440225145060531, 0.23656890048443865]          0.0018941005067136644                             
[0.4154546792844563, 0.22712464108141225]         0.0017730370499052697                             
[0.4211365512360476, 0.26728461653976043]         0.0018573302304804098                             
[0.3980134754431841, 0.2570671016542319]          0.0016502366514370077                             
[0.38208229555819306, 0.2855974545323919]         0.0015223712749176247                             
