vertices  midedges  numS21    numedge   numS111   centroid  
true      false     4         3         1         true      

[0.0]                                             0.0008860287032078429                             
[0.40821896354263243]                             0.1399375485517579                                
[0.981013735325053]                               0.04956216973314194                               
[0.16748106658466438]                             0.07404852901772899                               
[0.8690323743735683]                              0.13638424140745345                               
[0.9358700742548033]                              0.010480045148169446                              
[0.7958500907165711]                              0.011623548319685177                              
[0.6046496089512394]                              0.0012118355050860282                             
[0.10247525036525074, 0.5346096921202054]         0.08102106300279119                               
[0.3333333333333333]                              0.1715254959057385                                
