centroid  numS21    numS111   
false     5         3         

S21 
0.02131735045321037024685697551572824642595130727394738631204961693496635264486211778661338539553389669738886133869103039799815485
0.00616626105155901723386648378523035412347557089181701661713497692595915166572421910224639058926141224072799888590006750618969168

0.12757614554158592467389632515428357280255294072739954394212682185711585465801671218708367802969841920099783586726563473429345252
0.03479611293070894298932839729499937440992754641111061699441659694482286781821378375535284041346137782184273248651660003090423951

0.27121038501211592234595134039689473851460258364291152207104948274076997104502584682015843949113536959890920718936090847755661931
0.06285822421788510035427051309288254660155276877645663181828487113376858769643171504582878416606100008358410697563517629727163873

0.48821738977380488256466206525881104214193958804057411193801170527146871586426089087156143615507843953890222186002895797685305476
0.02573106644045533541779092307156442953774652218153374198944106680363577739047051766680594936218752405248775960398033884483239377

0.43972439229446027297973662348436108337160406752680118899993324676359186060367639187530425592247044241201750398364931894495788296
0.04369254453803840213545726255747497449280556939159808950494606314476784914545964151584466066709249728728772606994212399590608014


S111 
0.85801403354407263059053661662617818356780778473648421731442278407491181734430903257829223971086703487822967808213183079566069707
0.02573405054833022816810923553121999464421226872297114310755054616182443547931446185040702906226482145332354038339755589122073081
0.01731623110865889237164210081103406643911055489041775120832479505612389441833551879628044898720020416678832636378134218718509383

0.69583608678780342214163552323607253646619182925395778227939481519820430538338527496789449881868460821013423236808325188972623374
0.02283833222225702961023378378937471492724657930405848768413494164714202478556784716604853036800758680621744259636489867443442270
0.02235677320230344571183907670231998935571740170694621101123457082349876766285747055826494475193913547110607729446695838923398702

0.60894323577978780685619243776371006956849478367085634733977905069616062688069303950950383954419547007429897149400128385486603832
0.11534349453469799916901121615652594932566804501672808376523846401489608984673528245081443098890576898629641087269247677474151196
0.04037155776638092951782869925223677128908472124304465598499551331056688772732373876908196032849542128580710099743121275269556390

