centroid  numS21    numS111   
true      34        127       

S1 
0.3333333333333333333333333333333333333333333333333333333333333333
0.0033456573072368915489771630482197701723224278605532115667168520

S21 
0.0010921648859135643511421975484430301660944498820669783821721483
0.0000157004543192405229866816869976301297678721786618054439976881

0.0058264531384011666123636491078958177591745585588024838229706126
0.0000869426933379805311168686118154411510587837285273182903394266

0.0142930187242456026776892038441881928213983855308374026642213105
0.0002117539814134279443613242530417337689900831423074784518009619

0.0262126813719626178289307163799681362640139317788687063017624542
0.0003847982628543676313079422738020226410222271397243987244265040

0.0394140320296747046936352266859644558602733162776004155087884647
0.0004596944541207208464650975288194574630128074587737992092376416

0.0573823590718008480072285467002896464042297147068030966863319888
0.0008316878878745185607744237144906389304452278573716822160504187

0.0771432985209507027443102287431239455280002376876821260819601399
0.0010472583843844388672965661158657880334969714775398453816109126

0.0956445444630230009356029680428882091187255665507129308107112256
0.0014072695997766713336929094409753598384604893830188292624551360

0.1168070334551133159703552199897314353591539576805952973456549750
0.0015806339768543858824176788595747336576517209925517945206351111

0.1386520267926530596438545728460533876280167882647356720508190724
0.0019209707544148860972105664515415955506253457222048992933724595

0.1613022193985245885623337512900483218959147873829919492781981840
0.0022227045625911585007547128172905654282997402247614745390279911

0.1852775596883476369316804099314725713967088312603367115893143506
0.0024969526964720787187751216026917228310710921843917307081605942

0.2097253085569248873643461902516953382221697920070263673452644537
0.0027406470705780989795930094942364617783729428919746398532506422

0.2346373483301336492307013954718269142003755139829555509924658984
0.0029477497919346901131763226753113449306731538790830967814994682

0.2597185882890848293287028732160096541949882923735955581611704029
0.0031166061373453050595880442316895756485301673656303601947587819

0.2847022239085342580471901079255201938680288725511087711566710361
0.0032418943654312443253795594444689062302270604449510802366511091

0.3094681628700664394459593326979669526519818238782756460282456789
0.0014799493782515381711628726198419145894685265663831269030433516

0.3092136512716407254195890141973331771531850149660378445737071095
0.0018398426462909600712689287646469372179927045114266684817317330

0.4998413558613566738013671404717275463030227450205692924436416391
0.0001190414025645926955460930089790123193320227352650300395918801

0.4983414642958357176738853682849123482615761017061472225815183937
0.0002695590671190506854283138317878642353627642882406885390571876

0.4954789826621356845322336375364379413737073217036604938746105811
0.0005473565333878766552152827573972167376306534790134488129795404

0.4921489051123372555189175224702884234773093720181471601939591257
0.0006819182012738422783030464315587512501523909013446362673172851

0.4865176055915828546254442382024847818304662522855841950422221868
0.0009921144384595529429947983643415444766710658563819746385932225

0.4824778045862611269676365050302975675941739378037690971239435161
0.0004630658236995137412201159680092584560101156806822630835203134

0.4767165607425459255719120834173508186428852928099803611664263206
0.0015221493653100520981317412030152159376363590148462231550904631

0.4652272667226928979825108119039643853585965820063408748334910386
0.0018543404831710546233684483049825724168443071847551815731334011

0.4656096325662816544627834177327322675337486431255961102588504026
0.0001728739482185215065568914110803602756924062030194132150869028

0.4516256176448881637906573333102972462606056711472184524978338000
0.0019482539747193844265329345055253089397626740094367194510961075

0.4360292639997840038987734082951143442338743093872407953420399758
0.0026722533121940593204800286742652059676154104193075926638060606

0.4516381194824931595826578789836771965868242202270524465884742610
0.0004341874473836217491456577031442684606529349096432654504668773

0.4185117288179425834027888227847488560490123088246072432431899473
0.0029118490670222918972606073786556093380859135614990801938936695

0.3992792567322545608681343362843065756374703982085432122669403986
0.0031010181494179175419113129007178516869993851679967496082589831

0.3785317361087357450942834570837622864420269209585429716214076506
0.0032371832044518142520508159293324106692958974663280246090672441

0.3564780848375350566510053990854621726694026503183866317288765482
0.0033188660999467539615842545195150464056568108023451745169073273


S111 
0.9931468145712573527875004301527551259801873273373284358098729256
0.0011074200092258269802675766243559797945946388972560849878638932
0.0000369442577019209625264579890257942205591406814916231242535269

0.9848077898127970705332887696454792837449478969307378540194146552
0.0011107800014275072071211694036522155361234226571044476389625738
0.0000578903004844458516894774678656782033405827261666546920138513

0.9728610216924005819870982156275175673823970443173152149496016223
0.0010987428818886434447892964793833883630708774431196677950066771
0.0000774866467035379984572356606922094217214803580957812200551901

0.9573675903896577431498497318000036049111697713840599941279760096
0.0010882037484908894137910078531368499909049529238107503601052635
0.0000962370266112135738528503170709317762947490077902746796247483

0.9385216873298874382972281709734621333219107179147218694830567255
0.0009942233837466866398072834771867727994714587621730303655365079
0.0001049655782121677718565479102154844415250914023324256550730596

0.9166938166452589070107530247438311147656441591722558161349133914
0.0005539311519050745286472974369081599623720473085414041401551414
0.0000775543795035591877436670302430793221316173342819633169670138

0.8903978031016745287676865837882160684793911061238264584814017375
0.0012229536898683785477053828349438529573529379265138355357238240
0.0001701826078953296017587857759237114653860009964498901313474746

0.8620902994391298333113731935444186551852261456067494652838032842
0.0009201438018269748701673978027026212162675336029887452193406199
0.0001418041471935576057634881285760356393805390126614802046716442

0.8313251743210675524103591542295067416957327420778942319793696434
0.0004888675647569242729982260465687805971597455804512327646828377
0.0000977234653204415696374725747714186270343340201242871605394223

0.7987706710918288044379215004712338016637216862409517874696373532
0.0013806909021333576569126246602215095043736562170249431145839800
0.0002293765102199981101724703289908186047865494896625686118971577

0.7668403701514208888560252296709806516894309991177898335491993378
0.0005127084126237914500426104850089522243674974190572586637199826
0.0001077263461732880206420344483162130083580684065567093772622323

0.7318623550889555161013937139266326683965107952677039246769406547
0.0007793526606805319986617097150985467333648628974446563193711149
0.0001444593663584388432744827430984831332263956344347471482536725

0.6942675931967182722880389879504297837515556513241024564765791313
0.0012115435734597604779462720450060718717089292589385607995087891
0.0002326594811666740720083386074709439218098834522270070569320135

0.6567897092762565045632245451567960102262509024326142246628383989
0.0001862174829525857990860407767111217471305788440717622655578722
0.0000868617521437624775230545435760557168174774126326584237599746

0.6249871652855507199898992779096788958688733877235228966309021249
0.0017813590233393229614540613925439957904798417511428161546926088
0.0002972832166103287963075296953255248009405799039635765367851316

0.5916077556880929142011365031757584360885978310797610463966713510
0.0004052066434247556117059582889473516180714414331410250285186597
0.0001196512467657027410247986829267749378172699509911107291078154

0.5476585617408165558481347978396347810832378535726498299338080136
0.0010352877551371980311240100712440741991425944493234064333114233
0.0002269727331074926497617205920006026397199853068861050352242828

0.9798827334471283685388848692449877570301914746026121206587372599
0.0058392971434683821589635377190694553300649647303110782175364751
0.0001359835953052007510022093657718753793942600395938079308394884

0.9678296318410520525665032319913630758968947251165427591609155151
0.0057779912510418426458574839994086018926000446147232101302712894
0.0001819449324289805290514975965288268851377553206445020298732904

0.9522315512180042980171342483753123385032644651792962280928017599
0.0057063031172458782408633502240877718629605674566367142173953257
0.0002237984396723173506537429164077268322798258415739307905417725

0.9337349219813934145946022280108158583009316073887537649850942363
0.0051730809052099629823326041626076893421264652690889556293721256
0.0002404088884914458065183253375436675123611950835418646347515542

0.9129123000421411257976296249432051617053751859937826735940715187
0.0039258397200342790272679211037105272356995256621887043934310196
0.0002511665782816452990195517004351570750555465865516706569206469

0.8854710552007428016865009636767875469823544101981549305262018925
0.0064967689311946242373183413906962206641237760528890600362561318
0.0003844215160361479460846798312746275340517275641800228305465171

0.8597081624899616382211739360918628097093118219726288964051968240
0.0049108860387747368964978206806247879195223864059628457077899118
0.0003208084623771060472778609283005112442025042790144312690269602

0.8300959919214396994201327990686215091819433149106246432047467545
0.0039551573107729253011380017035995382366414659170165898442926202
0.0003505495450799302869871804972303704656454124179763036321519590

0.7948730091319437520582454444833126619370225697476792707457333759
0.0068674793234031052005071716604801640255638980278349707319989222
0.0005070174672731428491763180116796809087820669092208876869063397

0.7613793188226063991198000072296750446941127953852128360862199328
0.0041407063591424656294966734293292615587893173730403122299460463
0.0004160277342622275018135400327036511811635516080994435839479977

0.7249743137528470556259954824463100573464418394758451370297428579
0.0041400230047908822596759435203860246490212007184927880278403232
0.0003348572276347704889112778626781141218856279626248564770437462

0.6945488270025224545713677798234441227947923064699000058308138483
0.0074093213176687169051611476666323793156163031379512928029534020
0.0005527328126361730230899600307117106771749180146982263468384072

0.6617405774852083874710112777340483062828187845360635656821388137
0.0040159987081647202270920558665422834432909885915447809029895988
0.0004517609749008296048048874230235588848694334029260632459564175

0.5805749333375776546135843836249188150794995673618113792169476752
0.0041077841421313460730436570931072754977742968417935844674001198
0.0005045603066103846880329636095023979355393455262647817444556021

0.5266649743658870616877642540874468229170804940956099897373564393
0.0034012354225282913564463488012459574013650868376686874761298815
0.0002362284948654610938848031182466297155877223374340768099051594

0.9594571376495459736808431629203458936167691164132514691881887931
0.0141628102669623417464992001809980598830946014256630725952000746
0.0002833762063502189138284780806081418445930487728778008812540280

0.9441616872961792598036896855367518107772699075926126384309152918
0.0138875096210365275021375482184201443282343752666289715872570054
0.0003405871266976239737528045100563135903311016586311850386599743

0.9264117803685417398697786039580649230526274891053691347202363796
0.0126993087116812555423816141552247081086163023971575688594361246
0.0003805916801586553585782180526870571625086430490727928819943014

0.9056222686828206983009244632050276821261782459386720910919175787
0.0112948232194900344075332823247262861048015746355719307791224852
0.0004437126163957497712728110184365040431907095650622774396450847

0.8755269260176745699311146985984789192676084855552342625422345362
0.0157281434640118485410896145241600246376690594513289803948102254
0.0006015682724272715299805835513179909823038614329444664398856006

0.8510634482782020631673720019507986121037625996298580141951114373
0.0120641097123633955274819832499811659311103704967975399308337384
0.0005229050723414983626460166298035288529365997986395978491034545

0.8218656112013414435186580383187794081487612423306350469188443792
0.0115340465061006430531665205661411065019058963582676888401379970
0.0005864628310661265912313244637358695349708954304736405654643786

0.7634538983526987292851096368863930706302910182512148778540615913
0.0120994642511087181746511157066729033449898094536934448826962028
0.0005851750022372750356524852562332688882578840277226171686013193

0.7309373430490861453051925842583176584622526755620896479859672646
0.0112132795559285770092450025687043448050464291961303282278544664
0.0006658213972656353538270997330917601881966223712656782755714718

0.6544484060725894306728838528001707351124032115667818386773615917
0.0124168642494539535072037017719474515877675567384292991146980102
0.0008207245246939012425502520207550664633769526400237816516077011

0.6193349135515344777423962719660694414669649016339365690697782067
0.0077436998653051634312868094020600997726431254535966677243920877
0.0006691737265146317770685959197881350654753701402921696398785788

0.5787243649356540070169852918725920940455430161106393932276697990
0.0127037316759797498774908739872701543401307350509947136340534423
0.0008472553325080396305498019665019282349555979297146761873999020

0.5410367557829143036160428626120423629341024355003705763145642985
0.0080428648166421776233017157703246625212817901723594178310696470
0.0006288712964343890008782145812157935002994882788240154926021465

0.9327805806972680222616941985812395357788652314229704869769263526
0.0252576116924746307319948828464736485944434146127394440527067595
0.0004486185603706911254973464055362403575497089286495296961147100

0.9150524377221239463453540159276848255537011784922098370365834098
0.0237564385395062129305789688845746861448295307755852123955406953
0.0005415653044654427910217380631241254707085302670055832688804047

0.8938709479336409422701081243805262401480472415551530928418821376
0.0224704075800172780873352513053485961459842415522283869134863870
0.0006241688052872047729343471518160315939967927935002429178653464

0.8625333870260072827280356582078643446207319572342177639996166458
0.0286532141517185167511378146572461278052396277553276219095330898
0.0007055416007939537110207625201346320465712435879778455280455543

0.8417539752922481310621672128123937828814711261842369888170026134
0.0228705131479555347117910591643850128643901239521824065730592536
0.0006855111076138468589629347648493495723358508383554683132054118

0.8139705661614389452546196234625064314065538773791148344462712362
0.0235192782980013950278214253613140954662468218398214241108715531
0.0007782944173579799958022028248499683428053732544592242939381867

0.7891322450777454093387960058740040753849589580494195619855378870
0.0175925032530337284974892663671312700913514578342262081051552721
0.0007451703631498822621475451612793641384930583625798451201471750

0.7543578940812006051392734480908613376771621964689746598501736481
0.0223577718467283340726048231031198218503778019411497755149767862
0.0006583585910149102483360599705131059386588202085481256215209819

0.7219520912025513191494416759918199704888790236256391343967386038
0.0229261690860567399431193622868584590185828964995154060648255683
0.0009222325259645863513623905418239525230769969163011552858594221

0.6911561188405309493114439561300034805950760794964896004233326747
0.0171339237689595080523303048262378610301597216947624475172352341
0.0009022530144749266327869255525383574452785245854554030753299441

0.6851055293841707981732673907084737100296500298968198265230226879
0.0326727473034463227865907063585049835900809866016810910043435853
0.0012674301471990255737939171355083327941688546020892523606326490

0.6135464218827992435475712551491847962765710786017766606721781150
0.0191522174754418048460950119033293053824421771225221952072347162
0.0010766698133903257587534107576055149182870991531708791544207455

0.5645332120455133781429189676389502760745808432262710299814288323
0.0235154830874254247975512846605981368089257040722497230856556123
0.0008125592288029461270343407781328186164929076998407069473422532

0.5323737604864435625567552116460998445240694522375821406134962756
0.0167396329023962814281848402018553503944597675403502625327694394
0.0007641199050145337144847317955166854323275731351613052115614531

0.9053232727106877647767842941735341768376524088415749719031046711
0.0389345815875950135286985555626903949434910357028954603329911194
0.0005777647704027004194575542588841802965437498941206610607354754

0.8883967818286998701185506118535946272033656788417680291908805862
0.0378315421259325901861635892171033906590312661920070286393990626
0.0006137981048744147435205283000881824920798506889460245607563276

0.8718434099905175144995372529035407051756814107801195859948441095
0.0367146129438572476106652692546611253217958790963451272993406868
0.0005289179004137846848271979386813342660887964464246063866863862

0.8320445333365902832114053397762662149957219282876508692920737720
0.0376127827613985509286972070254117043751086642102530264781480200
0.0008572973300835902831746034452516321507654614736440719223037316

0.8033920400483012215737481936461347118962849117986975106651469499
0.0388699375084247209506284308485568608989603406054378234067563495
0.0009648044007488980946595380860885127316922435821062872600699509

0.7785996202753393943461219084027262947332478152167722857154037512
0.0321338750756661676577356140343463426026522709056879483708172653
0.0009901910871645502626787536940615227945456322794114957301787384

0.7489782746111034787981843230769668250729914155996049226805781814
0.0322271449687731526189667110303503904609828342661042313152789222
0.0006521225675714117125111400673113216845711728849237279875764856

0.7167840363562038924472558530164326579985265275771520927664612836
0.0399664561326592075870701100090891880246054578559852292427733113
0.0012833167443171716656681495356517273814893009977497490858308585

0.6518583886655312592517507322731673948153646252153731140930147129
0.0254282748979253796868679966779248680368548574775490859165570548
0.0011809048957366158634400703102026390964399218630421731970444234

0.6119808405764051509102751556258721316904297952910119165825728885
0.0328395038623110343784315505338819407273064378103978376406608048
0.0008012938333245955193384269758516147669949620737751799389288791

0.5751528491845629826285826536093472567127572544001496946913462129
0.0307849983451618361998108928003609460749469538590819276026189446
0.0008879644926377094581069069960823429591827184573570511398612251

0.5253799353292324873777575596794258242904698289419565838094950413
0.0249320553091732322288294844307613334026788795129034236194214657
0.0006292937935487733566498022224549330986473130252672680937382063

0.8647729206680598582008327593413888937947964963310604626656233862
0.0556424696075813502235613123340755531741110317402069713714251021
0.0009444594743685153486716899784754582826289924289352177830688202

0.8455450099226650948684920993743145985079878372763694824119994412
0.0487538429210346881620902086667026300224744245168994303368753644
0.0009919507867502769791416354207910625388865367667304339108674531

0.8119580614365434092879318768995997226655085249022485413349902030
0.0550382690301069882164221314454558400224096600605634675703326526
0.0010206641181510825962194855770385356255795954522490484410011103

0.7741782725702950625421036141799082170808176229767126681395229239
0.0509544398791500672348759595378480260718546887649755543618793833
0.0009391091732465812255841649951647395403995384350476387842189591

0.7464736008505063859223417092902158294982043052454152116229500597
0.0483478188189630967885728276967719061611922794577616131807753806
0.0012691371121362693325527682206967053803029986951007393182583176

0.6054277861933577577633391980270865169906356260706498682996288644
0.0385591728629597534721930349241805092221383974590200394750883083
0.0006985310560229858315608968964844512721631363220007212619885301

0.6752267407569062601501709502479585974017769969247051291136091111
0.0524650415866671908160221407452138117516942944744307697645798833
0.0016082623184437294516352880211910627890603712280367310232464554

0.6426393542080041291504903042289772379334968384589111943718017272
0.0435068788128681293865977834242027641633949699934757699907719506
0.0015331806256791609435528828296686023870331519815997122252876516

0.5595439344130343000772559337129992683346119255050413459523887869
0.0464073115955543732547164883513573220729996638673384856126153928
0.0015984896071388625097929057600943487359025859886697345846466928

0.5252549344251564572799484425296967683703799596149449947099185458
0.0371350559116236910682380847865287787260808367688344154129788180
0.0014285693565069812089014520435862044291225031971797374087033667

0.8277627167957549789637461458996230106082239929291907270158803123
0.0697571819966525022864547251588300144275461415438794038155421169
0.0011926255405873448529816790344604341196112703927554419833887808

0.8005519254518549696260491455473791911942024164979870937428392209
0.0715795286815329307080563889823965265192187153946419042251042727
0.0008358535669722780055597882662924396491523868804928367901149044

0.7811300946496960387239671843948868152919244059546914359230468665
0.0615758907340774221217897092332955919367073270619343830173738341
0.0009286639974614395023368646084347319730071741274987904855757093

0.7395272910971705066824132258666298406999764779199692839196463956
0.0705607864040325546636765926785731748967219056047251669113650294
0.0015180498053703715320763807880499427239779575746216360418387416

0.7178300543237042111147230890844751881877320309428981880740773723
0.0712130486758552467954065547233478271580579167845053701322408459
0.0004168450972672829096732103583184294925544781357187992977255366

0.7065654220177499009989748718090242053123734951520484515959651017
0.0607975692888565094846417537766714647285081669609072784484943086
0.0015468132373996061170000880218420168534196651314660594274546428

0.6662357154739240477193350730252636267367516452403788794067753506
0.0771494185473747414940238302176388747550169988703364894347812331
0.0014564459839410739177567707571343530690366402385349928888888190

0.6280841438975480246470049829037117807132016241083247315402486684
0.0650201156633603290753487274344448259011711319562196099924798336
0.0017757335202866938514718675480747104584021398831828555808580614

0.5950071598604166768263378392262452585849812566592110997216991778
0.0555232220539201373878805457646740468321327407121261360725301839
0.0017318848527104666183326776514359304668526606682743057427051329

0.5293884383827811233604253733297816661351759231855638727233857423
0.0634558827850524702715677645552800062335698288321952548906505157
0.0006095321254330250473838152638119518399203332925744313561879740

0.5099069360821487348212338244929494772998034663040167613151270873
0.0564107763468271850507787430076782516468146694905435889985834547
0.0016414760306093906392837672338147113278961377256149449087999661

0.7855513319149428628984339161326802831445297371505373370584920483
0.0902075264373893235107710016126043955006203464546219608942718076
0.0013289065674050466190659712485689529600072649716494735166093702

0.7621755006092393733366394745208115210736516662777756551388185463
0.0815022314272210764969992900705800474623390213054491213550839736
0.0014772617140766216309421115993400449772628135429973254989029560

0.7195311075905071860624589181408411938923942054494525729217812133
0.0972661949327321936771196267338825260724759607523692393569002915
0.0018658198157821067304698494850951187807966136774577618799397598

0.6919352164065961806138620455196222937599599314824994089659897245
0.0875684997402299064798087717322708230109454818620203836991545556
0.0018129207326349078487141221600061706981980029845114224800964781

0.6511216053777360898007435434808287776302208119970728126909810998
0.0735984007071535396858049701605786834438965863513093843259644422
0.0007589747138594789655837918730514177571487958090096294758402276

0.6146972165646881040262424460016090749514862086600900207834932309
0.0921318858021550074559253166931430694237562148260070293066040973
0.0021574262642214861488395807558263496983541111729843882673782226

0.5828716158854067089275998039290135046314170191712536226633350491
0.0803757678684943370292573948571282046706233541477684194377362472
0.0020823027356771414094965322860937132228289372774815268867296725

0.5506239888380998622381481321384258141533648973442266650019571570
0.0693527435862783061567065153900358181928423861179096400840206088
0.0017891734010561861826794214109002573031696225376410225328947521

0.4962395783534961096389730690341470991521543219264404006129307657
0.0810220184585567141829838062666962844022016808404181978958214020
0.0007720316780316450352962599358886877015119948902010202906916084

0.7438649924082437723619868597617379632450102510343849745742878534
0.1079850680383238688725295331921578291137320034295835239736006864
0.0017368227887127422542146553310402389622188378065038137236934765

0.6732090410411217476689035849036021097844632588175539981187340205
0.1161254799516567964602641934431324079451567591292712342812347986
0.0021415280819042685480981186924578616738117565931109731354412982

0.6449939510376971626340228051138199210280251713148521380088708764
0.1040668207866993253519665148554988895237060082344992556708018844
0.0021875444014342901491690147658777563912805541786623697163016919

0.5658513013166811312259527204489884351416347293943216946873000380
0.1088074556535002417698750817658868504638787180372465923293259455
0.0023983105098997268464458653363368999989762042462715485783765497

0.5336514391162202382790886544885827317764424209115019600207937120
0.0954500738048341275911213933398085207310632878723883797686590080
0.0023229516088912391728944272544869195426381670203615927279884585

0.5014799998969432079278140440650025761631839264050087307402080640
0.0830363323234859019055704451388401666173870402853512871021703036
0.0014720726763045222958412866149624364143894266828191559607324683

0.6993705687169529617233778919200025803840224335743715809973453417
0.1274116794449418076904098186283433100469062431081246561111290914
0.0020647946835174756042185454684899030599696172934336436635111087

0.6267423208500741241062725588838225297117439401248719788534103391
0.1362316228846274558370724358381407668100329906670819272489085799
0.0021694614947038481536485823319959883482403201819066772624597790

0.5963688903153767706813857881470672418633141053190748474372301590
0.1221856386763587128561879081574501926803085126717807229653332480
0.0023912681300996602097068236623872579295464066254779495199863623

0.5476595165529214102340931114196760561832617095045567058987521498
0.1415562435063152002502311038083907301582342870645099272777636726
0.0026591664218540112042627716794751630021528562773979267396232080

0.4847893476268112185490319907362600469797830807970136215922421676
0.1114920702909923787828597838683825743070245982392998904787247444
0.0025199617915243142466343208189525708585766030358126166573865633

0.6527334659156681893080775895124807821185820719777199551350552303
0.1490954278384008176146904801415768814280240091208708534402643502
0.0023306906530284918423346142991022904733219927332992773109466248

0.6171212532456800567528556244728869410139474073680606428700657596
0.1320854492559694014259224349579667722030388900695703912063921386
0.0003458037128763908030696311705925348439125672802679504106260079

0.5768439700023158924897284124879839257117646223692582493981698320
0.1565066526021443717874314224952008390246415824111316237281218388
0.0026550173965504099271162326506759531894641044047019494625326261

0.5168843508415951702795203155992145203462512881597591584303772305
0.1264836864793556147697725618607196428849502969440859529698908499
0.0026135848228407828944336480157317971783731463718660356825328212

0.4675609115035085660154006776881321609833074228680999058058635017
0.1446123201683666841825637279843888624844438891957555056729712705
0.0027827388927842358778494180154471814145658991124756854193354184

0.6042066476922429856839851127625558723647045593020321639482743405
0.1711257622513644649197334432605579047335914468057980411483053788
0.0026029791985161054142159434886835220315923538901482170576572912

0.5272230871953396131824137554185861994716027755974615543152468725
0.1778603761721402405305888645525410071993220103722085820978540516
0.0028627178213841214364015601570847524802064978620317208447783403

0.4980543816273978814037895400911889813887914712411800008053664628
0.1613095419455511309489376869887982861336316492711050166035591942
0.0028475726192111292987313526507736328603370737584901302934143643

0.5548092024389698937546093049230271622353302471555527127911315391
0.1940626139569915513626698188719104997335492051553679746210935163
0.0028273094957728322231614945701264033486877330879031588069227652

0.5048004951403638737559936315879249186495136860235014035404882205
0.2173798845614209912657480687136889234291138636556107917548492005
0.0030159849304443818109389335818995884714246830274847436922633856

0.4772763873036990792125417069977307245879140285350108739257972979
0.1995546688987373611026511121200520766736342555567377938308100024
0.0030317619025193368374298554522975523620427864788703990789129122

0.4484209621226123910143056082249506428928587700678332044946522851
0.1813577975446917904405774103716982627690387579227337620255639222
0.0029961599052977083836401151577192059874852254404224356240241062

0.4547249955773057587817546281171840021565725900088982543300356268
0.2408227913591640542204685625191320523573428018091889937300015081
0.0031638141810732826541228818739082253076293234182619288061985898

0.4275382021985663932676061501422885771668358740025322809962402633
0.2213332641532074250066631982207768321848369732766385822727220127
0.0031579383089443064005227247053654792773176869325989193595658466

0.4051106744632062721181257068757172617085866568933334129863254327
0.2641309011773105174445057991782024590241902313481735091624504215
0.0032660274390069466968832265138913423174754747045792225310846512

