centroid  numS21    numS111   
true      18        47        

S1 
0.33333333333333333333333333333333333333333333333333333333333333333333333333333333333333333333333333333333333333333333333333333333
0.00800938007421759587372089549941135424494937890130171803582811091777791525161752499677415430697274875598990610739647119171546964

S21 
0.00277670910752431284527141003279407298215998250859326898787003534962732264911838692043930603421603763617325162280891626812991969
0.00010139596573050844057410191332799338594878796362744516519724206371054907314230536876898686891566693557039540013925031184346953

0.01406839047702976156192736189352615387942817745478515065913499829224013512890170855112743913496713208527332231706790145690871031
0.00050125203049820026565186206905669825255676728398432810734656013676517488919440310151049587407958861808770965446635626159039379

0.03361967033115793470194731930519801195193589171966494929790552009586780438788412095976044965471645942872176243836642773347960047
0.00116617599570098210785728260265448433639461839121657871966085211956201118900094806134877774548256261400509910880683237494596126

0.05980426368542908661144851814908688855072965112912622819363968274861351400055335453856444873261235490526659350808234240198832306
0.00196803039475763219064449260374457633797242459693058805415197793890983633041737329940272603785911551216765875356513126061787798

0.08757985941561874554926286730331348259380006679103612292366595438256513601923024481086462476047450400462502925580480380127665850
0.00266656630275799900765788837402178265713711125498124033760315743851498872166288518771000471994803368951184274384101464219017238

0.11917857342523138180170069824837558542381075676303694537318891472779356983248725615709872776450706303150575549833723354487114945
0.00356873596491623195554722302378587305523514983878998975245886773878451499628833883778363821709383380630092872683188460985753794

0.18292036335607105004944623580917413021174311682002760688752330465413867199216919823181915492442412469148174091589500949279263370
0.00589894882535528425195567830529446209712114585313072453839421758523253606539568420019542226327959581689425823198519384815862479

0.21969939398539361663482409374290789682363121001832290894173406784743912209224426648865656245413128473500177785893613422326380536
0.00673384604610972101131422502074041353256476606519777886230638420863880892062422889417426296907445660579201215306805006720700386

0.25632400118223993059363417881975684665311893669024659228136197581210605356587115895491056505834784995362267442601530106961803752
0.00461527913319784246223010892627033488374538084532884512936481189089879597162791964900563190424214768900672429301693664498772312

0.26019257506381159051317747715222460763194550978214013219592578171901168556566615972507743380195092333357470345520259400897595026
0.00287530623862880601691475824409543115140662065115502137405038537412712378982961490297698174662688261980672641303726508738179369

0.29607584301540435523979719004292098130495993768553389985604912357750634059202921822134371089410810626760096120221603347848591239
0.00784963927421740507079093097157268213864087356595591318772845773594461184929802771796906821475086315902715008295414882440509946

0.49850909785517277989169968223752374641987227179920476797619729697616018017898057090113732620139698854509012012180742987292965262
0.00101874833934014499249712124580147894376832545705174856190580723316317666503579266972892573404137928683055856167985604382236359

0.48995266808855754206304497189425235401633349717149640296858447053895910801499687019145427496511202413312843739208995728511179926
0.00272527921663027991817724256763560629286934744552174930977726000262083709178929465964871047224193520810123233708160658111014057

0.47574867074258001629526293880420298844598394950401043191954129286857836458172545700073611713185932840608087302314219185937459947
0.00419637898489579016844248435821120401594276116773588095845016948920862082074247531837646978546573056252236279718925064239160118

0.45573083631325434354657325445980137503638037105972666694042718991292820563780803078666706479039976560201316124649156273017578500
0.00551044247287712608919500127082795366588853243057137533286749347973603778338612389305905681309040771154333405664484205459563185

0.43082786166657289747997063463347650275796524999153028416812304855349096134628668648367785093960355001948233418430440378854836402
0.00658886727516951794865674102779685850641747961912238115608320786421184025417288073814869750443091497328981789321716721124579846

0.40160055927369540168746587156047054852420098355256413170996571020695301781306368278351163980629690440782820366587719122030951507
0.00737985477405691966829160334881247857097089506966251479880569415532309619699199161668623320198967754883161669160464109982747084

0.36883462946607632217371458449088293775769522723024185830912496324148190836413646850825631883622826783898635071007877544107443250
0.00785912228647499917341779620581663542592869922063664907293312708487154620992719503290510749330514779678990430056495214837729200


S111 
0.98273291265895845346967152153272335093142133491036610789108020248493159165706604060235357458829578511608696842027150052736026384
0.00268430406653973318131955454101606475280574051133495919534455173356024540926175050000199269833819158076957036813528124774984739
0.00022652139622159696750534900947268493363844972167119502616293203456378663671172903642753423134043861705491602866092165035094694

0.96176576872521958382636871775462745667311463419281859800753148020090362907425925847247044875400396050607743111461804351956855110
0.00261592778199489606590920452595329018546138884523590337353400122316823047163703135511469080715311100277088872196106617267207334
0.00034276335185398401491288486796622366879180727147799098030907826030134129354708710630620608202051976006969842486330904540781886

0.93194395772197796072318864612836886250959745271866588825939745474140258159327854914143318660728002936142309971140012163617745052
0.00249166915434295629081375047731982943750908724621508868840152322381469645792382839918000166330743356876019431388965499637706916
0.00043835920228580620502977591853487521476762826470301639606938035565824823000537917027662550778401820159720417214142267980402149

0.89364100338520111761045617060641715914530404769448328443848624673406356185915237467547465449467692507163917929133514021848510514
0.00234026373792373251597539520435126337136582935484125314540649492861402042409270281300013139721814138434049889957187067803793791
0.00050866469062788550174525007786010261981576332369232641107962982795727474541927747767462380826979329251225371078376939060636856

0.84744986314589915917595009129258464200415386664263597221637912606988142477403232662977583030921439596289935351347912024170289026
0.00228097686412581431202712735061355792457793703056321412019428716291715231133390395503516186081435425357763153678457607817062818
0.00057788975894237192722405008788998200809383996880844254302930224589975323578624914059060023887614438974085683490768395215676417

0.79487414879312873050179803341129809665025026363438842562705388845588754247773319287637226752759401398434727258087903746579313529
0.00191893593664660655284625350114936537510825076954773112910976958656789706157150840217059062634852543974830279728833878167587301
0.00057079152880811175302358560845483848604930015146246222041943216562257871938987652375292908167827205141513520427985566690881113

0.73631780411368348018301824214212379387769838293940714285722139988255792759783263160916192812928700424316236898431244340507127323
0.00283213619682340353854330757605036951157796154100061856324650648835647976088718938540215074516049885610285529515159582782697046
0.00082226696035977693040492482972083051088406294564936778908967618252869631738330274126778747870380657251572123234450514126601327

0.67795609221216872196245974643794156408031754706252889075325306193756231215837458304354535907675971571755666801424185925522420474
0.00076820182955629098260947583569237037099089259715987589404654663945699262453872460263712365743894051774415409365477420914487456
0.00039718323819561168203941672390460379047900763165354962739619080056117219878487516106877931625731450062818026664252303082500579

0.62212657634745513472026948236488288596759457935688715817135249177542047464805924736027447132769292428421133284344991778153453297
0.00424641129517468655721852566112477857950204102955199792939112752320525478075083144867988735361274237932294847595665613991382183
0.00119223344528710018663061899584405756216366332872931647769698591513412445978910980677737734944279531000138265302367385091256146

0.56909791734127244577445393183113693023136055628869102392440077460295757027922919623724905707649786586291273809052761282483791905
0.00063072650185194225036053027631310646477723911735451093077502290514925745426521408371579595481678662505678270175952558269884526
0.00040719999475680868817376042408181641493416268731459972643183575615146830747578300560315209731559881387025821516520501457486762

0.95205030287360405554198998052202944317766265413427389240417965430825486610659116615917911972050109564226950291237864486780734221
0.01375474369021776983739780304260693350624854156550688844749951803348739680935120679892142982095809695189277856718473618871012151
0.00075507106746039988509788894131088510120805280619918229765477078232461881297851584623513630348123222515071394683832297938435369

0.92433623308665878097341379326688784221263943715334757399222219791734774583878571284397777479500008288239725402155821254496869371
0.01319845852839567213051908881003316123069807733465120303954615759056281084842656046213112477947799846534616060385902499057458785
0.00095897105477808018403308577093954203273885723471180147324032989871988124507628272992587019791474887811690956580922111616656079

0.88971480108496152114920533744474630483321599874397580860586010152982593027874995737813381300294479510712855752383402929586638410
0.01226163357910042111330204420822090107145785178050057769033384885902985729110873388515573702832858215515817772490398567829193042
0.00106372037011821088596598596023476864158188053796570310216539926820023979498266607612476086950705044439990727923172246084150768

0.84841672161278093320806599135324932014895011917438052681955075481601290118637925255744472952722020408528171702452730830374228006
0.01166424444228207331790360933698568241820275739771377698765670986604754948184175710560412726611662631186751541445446866693129248
0.00114361318368006055795141782033318286334239843777164527971958173689225681031570586007595920523545984786472994099294224691549030

0.79973941571039990176004275810050705443559831296326615987722554796049581363708288935476897473866171737150874970350895277358399539
0.01145435527570093196683316720765960785009029985266730857831946972471670420231783015119736052245446315827491159070884082933388853
0.00141941803908710974408595594275967290096817375182165863299410359349851473070503813685572925898085870250082193250322391974615365

0.75287063724376859364966583650060867403383147028218450505970938089716892837350753842426032543505516201675030613259357015959862865
0.01064010508589818028456053854292954263516492464952893223733512611090783004417404669536977098811546281922800826202659785891747879
0.00089578129198914985382430759827214314235188980471476813760710518263119768977748866118780729841800084114417386588508170110251983

0.68089615805962156606398710961621455438743971064411444488308446404838547209941643407589748162772694443152064587103515204884790463
0.01024504178320911870485779936213054374840217132265721553162168410916756871493586967798816837789925434774859737986486100721809479
0.00185617368694981726624432667041876145595236367813358874190221416745188734354528810880823135864544368883034987335529986031265748

0.59162168663893381992648247425250832639123246787673167232703403945515369235771722423191500515999485801382684972198355507681879778
0.01626314180178841052405563165734232160705144540090931455090441962510871628981952375821485616853958952171167425046780770502400077
0.00129381230163135517911666327802135541997267171806850294707235292784514115013094795671340225581527743122243209865277253993392295

0.54873000083593832643772415368902341656411858391023425637266965515411657343126855202422353170775278552143805881517847650369395530
0.00937689704313774694061123162800558358903865055670196812382922725085717742117237118641616551824272513869036596820611441607978958
0.00173405178711902964378547132282511195711566124497112754925354150502184779496252767708701080823852619554548675588277477240702952

0.90565946595375973068934380538776401211177147745569677293486364402138189300085896246198097405408622292035816381889889087159238764
0.03235269476129276248766335407263288838291489320821094212315194669152158804494937258863423912302115788109332850024842106022206970
0.00151335217383683198173306569140913087002611250804977905197433291234968729980422316785735879503783947515165984087505663807939237

0.87194594378133191282041900020091174808301529044471821189510760974267924068830780714214758065097972882234171436642792880087737593
0.02952233391940548501402674303592749820064897608095757325738330365212080235617762657727858402090592091998613074005806281028268196
0.00168231980429657990142400550817489497101016327680574828720016792919070502568763419632619843427095711038560740642021161354624491

0.83007783954866933619868921657595469640360829443694041481151144830800329646357872787772071471096212176430421398892111518177924119
0.02723605709787506060651710380173438829239255201024429372457208625196930741645282128322487893063321794118692604988385365771285157
0.00176047962534633217511996156299154805210488697901693575425045443413144111943150615462230281964768918551585709956547236616954969

0.77730224446364782227452662070749747747227649813956536731256290328005095872062919795450245417286762019638910565957986061439399149
0.03039857543490244582475193675010491193789803873007976165949791226850986325484292133249227229050533011963076951646431175658221623
0.00254816941511952024083702780314546302583300662219171751558576201422845897108040608203741071646853964557054685783121007131969911

0.72816832398635798602267967559648051315520706270247507704068994671254192166674776670521097616496213222172445863088097226657483468
0.02087236162618997733695285550537819912189102290870269297673763412048718062344220104173973248180062642940233114543514224523507962
0.00202562929280610160087138768999771322661938992979062452575530637200455007983927724144556900598549230340640414922817776244773156

0.66791420010952153080721155377931359143080030230426738829880549896382676503847943789755980521867863364379112427779256387109470920
0.03219289999086748649537483687924829589029674178748488234660459539899000302040952966476176093674468768031069393767499087712039363
0.00298765380903886355995504827579805887975262483884051198067337589022234708760639969526822889748962007265866881651547811300593085

0.62315140232934172884890170671509198084634923788412893780913739879461507534345697959720272895257824035477912128177977069613522538
0.02134415900086322276313452583290397005309747776418922687395840337187099210993151428921951394587635728223506182451157369218746480
0.00200328804598556761884432681206125762241234061092443348831572101676745317935342419549286803257041649997752981968927511890906940

0.54470471422347890940379132741463925772361215457779179853664177427462271430395049316035178803976573698888725341728772083085946731
0.03255545358643630640147605189235747254084533732936773480357648087717615784963905144869538282431215272960823725135836107940308452
0.00343471823590861104476414384217130970031771627499429406848381739278883702513500960992819192408629101591100244096669712406561976

0.85018601543547206768759542921261774428774040248198545682145536159168386286805056473006892271491619392207964544060472617414132357
0.05424450515961630512860241560932796425946513709948729249676827197432641356166168416974879153672923330010938791292244292650646595
0.00222264170653957051074268403552307362818009382526512818193987487198352869972595185262255215900509332691378711043717954703716480

0.81234842075467178902707721487047100120551952517672387882397034783702179574946850551039932942239295377805813956617811946202775655
0.04914040288834558747896320553957875688717416737454948458981069359243605052538087203343757098649600256698468328964796985619459906
0.00231321531830894501246770271529721378410871006245424925413594085275049242257321475876874703732518885013870815721823307622306012

0.75853424598069330204227459540987916484902184138180383201954041113280544663623465282820063461835829943717100134424399218196062700
0.06004769361841054071412356770885553886818837864422213430932182164508167554095751676247221558804745307485832074208992882664155108
0.00336393228218840257559546557201219824640863460769653706816032609970241681164963728634012902073841448293904506901621185177227823

0.71560150055168640221383944816886132225941320973600146912731971993086150395801518145518888950094493514878348800697512692647845029
0.04591913787386434544506479756051308604514044826532700537564758436062705090592589429309225439166582198228858101705987843478527147
0.00334018278861662373062533940837557263510102055063898795037245400468779543517673398156813433789095716095647677020683797626662048

0.64745147345205831817142057035844927470747020297142322587593515323017164224706135963143581532008717221731479474999285255930051866
0.06369802889460359700920212385925295151309970858048531472690285336426559562285362784132056245076413094344286892518313863075862123
0.00433279815758313424295948555833875628479648477152604060435463421282780822990100545477385486317896229150806253753343037736635960

0.59734128754371237920664223948850077543780653560298184816509297182328054092741651087890384613095502240918598936701627743349852505
0.04727414538138958233346699088400069593603351092020565209273078158973757644743154196126095164459574147498467976976116571010058415
0.00400982028892517285308980244313157083146736574221816400669618446658816303807937944416396470497361817038115156727771425734678495

0.52732168843347336581019527468023568335666798857799797218673244652579332548605667380404381294359736719448178872948574921931676603
0.06672589302790292059340458789679215233535122806549960358572750902493994616098523574486236430371524435231311966160095758454302372
0.00481758421091348521449203868351392243903346392138895013391909165357676012666830910644439917681309345908858614574260270517796456

0.79145230513372281623498504187227571000170670739824910701675433587496156926634417070974869113534401199465752342436350618936368724
0.07978922057494815580423296575701069564591490524088911444947344374824581471444969705778496367474500200973321548307212463142819377
0.00301382182227015849816902068476763683946684218920423653240711933790007155582705715621625540800580376941954893757143597971141201

0.73259960240539910626181994741229150689328725613629420901175276283214114022627359241808684159998722737251601438508117988896138574
0.09819960739570505565628175759440648996621032640695909819359393588476221975817304660085585621703476319070684650072135926205942119
0.00406319200595478763759460310984431209409666712318277487470296404320483621890132582695014237340416054471992602815217096902814946

0.69248163154740443121362310316957757863767524229002801053119432531893203234067695818182762590920433570033110621868393327322891764
0.08153646387716609546814600483823969974123813179007353734991097440914925580491154586150694042281188892342129860483372669767910839
0.00437370296973498806345800397447562216947776715431702211133832485600398790772859289761023457190140419512790846521877223466669584

0.62399209968729406521210999227171385799809151918775737302869616012496428697609675724667840984830482846204850940336142659810333755
0.10682381456561322730264642408105496075206429446406799314973531230653808042772776153995948214890075464257664428333073846904175616
0.00535268665217301320105507313030449598527597758426763942706985551513089220597644445720098202107259130095743780436904470950376071

0.57748703362136416148720348557911002211698648003190971983192305513152300886473702756610122086620170380639570443624258442925482726
0.08625265570945824137144949427461652597551628671159076427142520493056095733113386037289323822120175285742337158248077881157070364
0.00522607110566820573203362735171398187207911501852427723855431364571995853506922375283165834533458058486922745474576716690068570

0.70207785797661812813429145785901318651892762806620994239864139474663164923990047671632036152906570811824421590421312697677934646
0.14110664635876118327988953254672875517536329113956644149914624917168393064035937194463049013368516526392667381674304759724274814
0.00269078744648343005386167456698567695201699655029012369262501035499557778811334398252492769124481348020595789497185909107980557

0.66543333435910840270217459697776476973474204899703510560342864540124884692615788752942757584185924496350281107312993718829536499
0.12772341445206597639041843453192938640711393479261896430189073096660024114967452723373326509177198187575779045840526086568005605
0.00512775338243385527561784757249133668440820232113664099706086729976307191155807736231788969091332542355103873476330488972222102

0.50499420055904477981985017820365017028118384634047083150878157028277002066069062256059208655340611072937773746056445144736919590
0.11163128259181020052488168133255868284248189372130237509087031616505950237279744542535190966319075214582255700180016488060676077
0.00600462713322032458028029212371742685945620029012511998027273080224959533832742136515055529786460187228023806850313861294516570

0.59514386755122808475153089369412948684669491633347874294225968644785465242245595726488749492012218945733201165756274383194060381
0.15956841567333021893715637537509066538933903255690494000713169095276885678423372313526775136873621899310563512322260158094465383
0.00619416919676827596048588573407182730198044294026232530154770685377748654940112967555852886544406606213466803043978613389912039

0.55189414666415563734208629542191163368513193383149525066861426982039025740996321643632353647123557338690167400501938535595527530
0.13549421165266319901136406354429922533722561387816559290206034872969949202054566698195518657641109223444194978970158064181821861
0.00624296503781592644705432458332964618492891648576706689213305765191640130186616306824050439166027190070848487301530801198147256

0.52046625695234099250589374582125117585770668115003537828805800331233022881554354621925084831877110351815231635858208099513858286
0.19315351323100155548816151343704730951322527543653249112535563623310336680318774420937616243473936198983718752916685793578318837
0.00698556673494772096247813806669485128526648381152831168568374173326757261877354751616648698023250942397394146619845244996120176

0.47692530382301680325696063277489557490848870786255857132480141213377059202187012007566090368086163858464533046532136298866851140
0.16576764917346667950363849650094012846221353800749376481574106552396303775696002773812191724478702702948838756063547695371043089
0.00692866983006915273563565042938996749884622543855691737324124025543977740933746085148790093181728859634648203396315306725345045

0.44431459434097506840033152837868267292117343098182941713085103482779953969662588735061190499249020287569229596667711196174834730
0.22776162538112148861497073585819842459472663875616118187038808826117786312294898632252859147237507808262188022433472591482716477
0.00755555040386685684976456626512406268459877421766453411340425899679125730610764056316254292357601516131626396651985200909279019

