centroid  numS21    numS111   
true      42        210       

S1 
0.3333333333333333333333333333333333333333333333333333333333333333
0.0012497619241999939229648613786160707548973742122210129740374943

S21 
0.0007551888255938136373539447091458992494491252733716229073929899
0.0000075088446216606521290073615479071419546999952657791972632673

0.0039792196510151506154136967807882786889564247635999000493762009
0.0000406054097900653151275580307614967518607735302705579353678087

0.0097609195731184379713235197053729541682621291273094963253302238
0.0000994809848619576851975830429165670971052925245128893010133692

0.0180294465640877798607435933508584541072183982323575402164598276
0.0001818871538133207561697837340027441043977390062287016101373390

0.0286449778928819529227753829090551303841241218044621604880901704
0.0002844762494967683030082459690298989590663338153476115039911636

0.0413571799777188912595894336832474928942816864347332399046501806
0.0003999048284428113753676458332868291610787292899337868694887093

0.0560374962458569775489190992302557866255258660383125232583319422
0.0005291524827361078872027640542650189774942767640324062384068717

0.0724328250886155792572701149686578739583707630699497805181869960
0.0006617672080247085735028886450799857650965636817280468383669177

0.0902508883939465409893048967138822341873677583573798425257667834
0.0007924345314716631583833894670365184497309166643119136511600596

0.1094346193676156487188298788128447172188421785216267580300126803
0.0009199685028086259580204849701236023686101584173825058056601880

0.1294602624889781348716782795873381221983358783595020054690853948
0.0010264635976577803390312367518300287530703859320202474533324775

0.1502130327785645210600360322635469661816123983575729793902729724
0.0011234153798097548580086688226160062448212249048335074903161544

0.1713630886934455375060502451414825820961891420970174460625882161
0.0012030451531077287223279524580091532143607645238825667948014177

0.1925766089328008555608547008381799442788502326591179662380503842
0.0012688581478420534000694273778740837951686487185439652599270997

0.2134166723829816899539673348964727661453988559866190222786280526
0.0012836361261544473018464330200469269444637379533082686991290078

0.2337771589675642314333605325287172382405735794479491443610063174
0.0012848021707473106842890393246754550348328359724123673236201803

0.2533494754052981622480478046129629648909246055963892027710922785
0.0012626000676473319990537911367011088547558930761588860822294638

0.2719718283621899778187681874622257297722336608935746410540953446
0.0012346771321905266021548564669534065110817823679262707240472940

0.2895131498945358108701569324532292701986042756977383602154518060
0.0012358938640036901067507177176771179181051094501850098095582210

0.3063165234634414354233848771575063924223381266087786046276429724
0.0012030725781430501438842482220466707740578776142488489140080557

0.3203903671841687590413552943553111843262056732217983432001473430
0.0011161284149828193943297129890559538910509190660902867729322593

0.4997413073544825999105514083335292045882551759924357791393756074
0.0000964406204353963344965514161327989085192139378566061754908023

0.4986517514718810115844142596140646410233676891383996435684513183
0.0002180406721471230690471756808437530654022584576365101559780645

0.4967173088127528318418575381779599972550731148227891181592763847
0.0003385951634670889323039710227607758046245552645035020762174813

0.4939243343521173484486550871288577095296887901451079850066840377
0.0004609542752696131031847272167365484474217163431318001735915768

0.4902797644279638792783259012683886432286130515838653331952117588
0.0005708633701721040168608917723949807420959438461690511833154320

0.4858297054137487420259612906289780890354881801937409687557508995
0.0006755853606408006556216148975406549642859975054624693250965285

0.4806085902038012270574827864137197304538769302927474872757115226
0.0007689665602718448889596630302754849810395054916918866972043468

0.4746120809237872572740040474219248803614041485096288768475239187
0.0008598631248215006976420138899798789016793839506292141557177107

0.4678557147558289120236302939356157643038716309717439171538314476
0.0009402081389847642849358097926908611454633852914890286529763621

0.4603952769791875476576361710457992401192656244958291529536065328
0.0009999930678799560029598513285679885555368565629742486649129110

0.4523218992584181311553532520481362977168232549553545405729945719
0.0010464560023326409863086503557572635697496122786786420196880714

0.4436911571373574707333511794205327631721844117286688474481216863
0.0010858920975326567072938160961169837714305660035691037352355588

0.4343673452350519022661453595798614712579998227694947854079756058
0.0011294086475227233881709930278818308047465773346156003940792601

0.4243912951340413899194184785910139910390356606037578004485966425
0.0011395942200724474123870059874738643482866858963738132348565262

0.4142112415242248964957785085200675074304243670566810431740324893
0.0010981283450236748799593065918970070888334968577419355533119889

0.4037244670465274127326005554383240514554563906654104678491936356
0.0010967814494984252971751258903775187412879613452365331179619870

0.3926382600059245261023044468891481956172369994088163276788158747
0.0010813082390488998607751416457800450452050990988211870122860325

0.3812637076123358133796433762517721173227027384062071265338099675
0.0010435028157302087351749318599120199647732782895682913463659748

0.3697602282906043006169897363827987895227728669810002716989670766
0.0008994121555655576886998326931556171985017562050495642745877554

0.3604309023759070136316725641366364215274094421513514985799397920
0.0006548048644113855161720004657472036445950959316502929112189865

0.3485799224355447482293759085104779725501514426101920814222378281
0.0010437453475221951750284575004992805430545528691530644112464364


S111 
0.9952686828298122174220974228534572631825126209276252611274376440
0.0007560067519189815823994437736106821312646033021890692931920555
0.0000174647595142804069978975941275415233378721526359239565798638

0.9894907510385609057559160709779247237728357081453407706472277829
0.0007560205059460904133390001353752239776366891543443926104654784
0.0000273483743040504220983169587879193444827753927825436961802357

0.9811816291947085448673753794100664624889506496428917152884583699
0.0007546690951398271926801516129692674780438074628843218452478929
0.0000370389261367636486983771234745039428185538295370800856676429

0.9703816274769331221795898033725401464333582360964087259028105079
0.0007501438152898038802658233624797524415194601991005772377852262
0.0000463286398678306029127730882655148228988175392195775752051116

0.9571393465656441122272061321026225288677883743998024119333875737
0.0007445834361402094872772121967010956772658023759469488028890600
0.0000552041527521647083086567977236879016939052316158026574465349

0.9415213446581678399651100552739784640678557061983144487355695890
0.0007342137713134153777375304579349891756343218117527641162580834
0.0000632723816170401590068612541452821939716227157851234969587158

0.9235995095455830929196160081790761960255216275140396034983796627
0.0007217067009034559238889614100863561068989845600978269543338048
0.0000705903056128986537306779431310386462663676982451676377748835

0.9034511519375239573176692759341931207936824604760213103460676937
0.0007163393327968143284926603309676241909738147568404859794511822
0.0000780326408991328354367504993786704509424780369869315002402486

0.8811864101736548168888885261559255073692680894318882318709077340
0.0007064976470257688658522472996918432066552928398343204618386938
0.0000844553556433124760893721914165217940038199611977643011111499

0.8569191985628081182897412826643082667934156044386711795258227350
0.0006896473083505557368874329326326205687058798763189837432046828
0.0000893542921971631706136075293510167933196746715811222173649204

0.8307675041059051798431739197391621902517895064534095366242177695
0.0006756170454434081241369689373105211754207462385269971038509511
0.0000938055084807791219347423167196586674930282545253198461014053

0.8028761267630693526590853163126196054998176066984464020008561619
0.0006639988565153109370044576034933709417706414666986156178933867
0.0000978449093347867242339138128111042266661476184155863129522065

0.7734065396938862210909939176630977241534171730930460402735164017
0.0006510975954945617262739613002001309207653613627466964458127453
0.0001009315022901757982112901171363422083040333965230004069461404

0.7425279209906786385312297134242249357693648892070702864783664816
0.0006331860585949236090397387416338565191055160356334367864441419
0.0001025134405715492766289332919103967201688635914668524852672853

0.7104005274945632438906367948634258556269326029540836338268094849
0.0006148534301675481950731213376508111642030263048443512443223870
0.0001031996649005808461626977435670240915862140420779215051929023

0.6771662396262784399513007095532960979192261334892594724614313040
0.0006050456723923088895972881883969523113669170834209617653386380
0.0001047413243504058408245842406045720883851535510549057046136089

0.6429802280252429803304835427832280796065629307232669140243724873
0.0005805262055626407750065431044677207165844684129785310012023335
0.0001032090939331725981278610436523438067710377056451476406121198

0.6079520980645103907136655716164352937339402114063698333578242377
0.0005692611773521812751752920412414368795653267835920672978917537
0.0001033720238658241792564289665776045591435120980377798530514518

0.5722606671159057908710881715867822007083929889074755287799927446
0.0005596179726706676318489596322759669555720169582000716981848288
0.0001030542089347367192706163376534779234212874455347196172226948

0.5361296017949649891988882462766247207597409191915667023682763729
0.0005247957910411000802669202417355683544414392880010017629707617
0.0000979435293315041917536260394418865568694686762976977833900726

0.9862595080537668755018941297353550809431773344362351061818623063
0.0039792491872191238347388505320182427213025308658779658012449064
0.0000635638854708003639156628582447530913730793287104446935603622

0.9779535887710509180868190390258984571199306726447144601511599228
0.0039715436994223476597720667926240304090922520717078246288151971
0.0000860316450083791624544937707064169447219878939650784450936145

0.9671723031569218923652673701958580665961851682101700159452100447
0.0039483028780925019565098093567973180126381516105998158856494699
0.0001075959577124592579085342570551748901560376129570774450331182

0.9539605125689380315325252396039052278977061848316851531596027855
0.0039178591433773674097330037098283705633099152654247449651232379
0.0001280748603513808708181684957683233208288002493885792916784051

0.9384003863789181268573594588655863744443269445896968496625053730
0.0038639048540635533643928727455581093561436616402145598345525518
0.0001467606063301012542658427734877384094827517956474772281296517

0.9205570586595611006590655108735517797309500817697003497150223073
0.0038000751118262657369062608710691318237083277180334288291993423
0.0001637840292448089632403707701778845119832222085580735491899395

0.9004812939778302141607955884006881669288815654852220542721882944
0.0037683801223490857957788736882711364017278411068905891113307552
0.0001805751069054064500470004852240528135504235649491523863740515

0.8783288520284128576681372246641826154588870861912570813113436397
0.0037170243837181145688822400408095778593927463554406247719622676
0.0001952894275233635731980161717142592276931678348079651180667122

0.8542267921744444866726410747800658869066011457011232150456809146
0.0036317586875266254076744863788732455370139342556816115034659078
0.0002068206515755727323891663278482430368936762191406324061347606

0.8282530416705567575603456109033061284526031911287876278885897719
0.0035560309858860416662243006615352753281772780400100963821739731
0.0002168904852741626134914933132400888674071345890492413601809438

0.8005254815249184553232477045619519468106140107057989547158599936
0.0034941924058900888493317484426434274239585535696171965065120598
0.0002263183121836407955126296414620758177241063692227151582904301

0.7711871306693580073311842978052533661729477632615500724311383153
0.0034250733253360612684994590399289051410899672118702539822568315
0.0002337948738323181589939028263658470537457381591882491421425996

0.7403808479358180570181708549692516053089263079701833018133920076
0.0033353097096561365063848937297587825034714719508906107820988214
0.0002386457225293454923480446884347831867761278489804940257993193

0.7082508008484757475782367849837139693533142453670136759661155488
0.0032343732206163052368846885641515573451965179267688582926039966
0.0002402942225160901011204130261960351603718915311808739894567574

0.6749323583441750438616928578654339108920544102407242898784886144
0.0031797516053755151023672452483748180411274800784656304136709328
0.0002434357293869420701508135915005155376382895858685488674050905

0.6407364128249295481597839963696079191030789471317475029137035597
0.0030559335666994335531594066947798244326915193134651745696926755
0.0002401988829923900580825886413947677806519641297936323225949411

0.6057870857938262234911718757061995399250276473103680823917995348
0.0029905028658760183457031955809636111006024298917898138964789491
0.0002383305886515910443837101563031787326647686700543330361148847

0.5703394156833509651869424187781294222472095152227592037223727426
0.0029222232089467346212896887752390807279904017013856237663731159
0.0002342359660180112174319781036063005903410543814007749746593729

0.5346108752131984430107410795740574589692511797220221497835836017
0.0027754255013350201028236526626368411202013164815023417674992214
0.0002268442398673495702959169600891715405754103696878655160999293

0.9721875589711527102018641609051474772597132552115242104520015068
0.0097398701087904481101209127606050725159118021176981028905604787
0.0001345595971201351721461519044628370736975101008488958580893206

0.9614439083608235208188258975498035928815525569747393966205117415
0.0096849624690138786366579377700997336812029299726000875185124377
0.0001682818000704958511032724892624992321376364467114990144598372

0.9482942629678494802859253923802660875477205640518915377402693137
0.0096055234599847797476546646310623499151977850652596385011955484
0.0002000271295934316048939965959686193505299309603375054347694631

0.9328322124375270787884855305707528413502132074590316481096298625
0.0094762772121990247844309579415772679341963134101524075771188513
0.0002292578263642985943481910152305844073545576214350978980670613

0.9151076368493821934876600142479999241257308952413898287123221366
0.0093268803299864795475796801564261386466979524971198753266471615
0.0002560981968986606778204733330013325331259322459848132206727152

0.8951327994244054217423087249036274386538387768593568321870344944
0.0092355312023302940276049840879472557996269056690122915408559770
0.0002815971140095969516352668923202631162655049277662063162088237

0.8730948995583336855216464577362550367411548187568647168779475291
0.0091104830513470218283084639716845306613808116852288274141585943
0.0003046916142465214215301648446901669506200877908960532365636476

0.8491371907760601002458396265365777447372906993421827153991226116
0.0089130440182024815163587093323276202816395457809147592926738784
0.0003235770810938217266152964064548172494294932566396215459524447

0.8233030843228646979819044911963340447055010521920738578760898841
0.0087213417660632870255797889133771262888391072041393630931644981
0.0003390771719460537018801127999350416440899913578156673994329234

0.7957037339415889944341557992181322628266406300900586254761831703
0.0085638388495711704877004659997626043299980053257232113257496317
0.0003529696709649614946239993947126079769950604313453564585808381

0.7665435951306247978339431620613350571007453812400295196533756029
0.0083920648862144411231438814530346738434410874855088596333077005
0.0003638548663646158253824408697543221848869033004697248934356537

0.7360157048489009128557921048547827043342390628168964394362996425
0.0081828929784765019231726113286953709365869266876208744894743982
0.0003707394585471406857897315347076876368602965077366952995089210

0.7042912345039212496891519913361402194170938408639243285961992394
0.0079308807453274895225225149036600076203994610968969168958012212
0.0003724793942492703570170680631714672178630392636613709954834330

0.6714128820096227853730574814021693650196699447755945582083595510
0.0077800125663453479151045377725840323601460377841947000139600300
0.0003747589463985107244597577398896509173056233836917779984213319

0.6376885761841242333251420718970314482727373860601030573192897346
0.0075072104505444995329648252223288247496988246112508075007006477
0.0003734282456423444453171875040042436781021781177120654060451862

0.6031212754701291316109545655453232707927107318678521403046962997
0.0073102110457136025558689894089198085897558406491413553680954843
0.0003679270677690416285226145453464210583319064984056449537496871

0.5679498816621724386399064169476626987957291451000528206920934133
0.0071066875231526539855636648140901277218249668785317026930063110
0.0003609222867319988206603347387245849447119096218173318360327524

0.5324245552571509026693485281738481366250488597007624081943915468
0.0068272879097869329650788697611658407937565489157259428895829542
0.0003532527361430288230695511643920868248793378185928268251370269

0.9532714279073543871166548629764536151405992912061139064359208414
0.0179318047651682037987559192358609103009034184692263565606563609
0.0002274844612239124445971118243162591827506704242713227512915756

0.9402391329566576222999646317896634392241224320757839467497432887
0.0177741211165768688532895231994432041506820689716141266534858683
0.0002701200449171492684075074788396956217394744774204823004726257

0.9249225907945029497215340108571523336183015714900000128432597022
0.0175441117288949766894705359452611161283325953748158951053426586
0.0003099475012357927771523491544936938548428921412347956627568259

0.9073617615783850227034993253621985237156655919596852754757089811
0.0172812525223021350011734838811264471347587130531583451191511208
0.0003465830188432671781864884859056898099844552960858999655222754

0.8875569695073814613609730264198112791669786270857027681083739341
0.0170822337180702641499124280447351217530934262008651628969841581
0.0003798408724875631654578774266038981202272617385517643512085083

0.8657093034415022642359493386848195444141367729383290808820719572
0.0168525777801376291878266038070399577500796858160929104061859410
0.0004105556672171376766400807985247510374608357540445340971667353

0.8420150604942231645798197398003415596224819370197594323762444121
0.0165129714760937443226043229864985305032434890070408820227512769
0.0004363957525482186263205452715993720674200073397001019619388421

0.8165243238229686950842659148037885894927370936102853824696293567
0.0161506824923569176587868842625227594924205408921664490718595750
0.0004563197880216263984507381997749367670277048957465966779448380

0.7893095743418821370938961915038065873308675886586255601342769088
0.0158418442694025469014774544899013113652911983763221786627340460
0.0004732284022754528447930685273305380475572161183655278862967197

0.7605596754099972896057359008018607862817517795040085656779920284
0.0155282911408747340196529092263059598530106586495348424199996154
0.0004882176828584246874430013163302768590901460137172684690152706

0.7304524628551909273163967957439245430488650662178536155472769264
0.0151504408899722076414859085928924096223458264947571831783817843
0.0004978092270911968788250349283285209839326060778324777944291951

0.6991341487095141872868484971185448394220321610996220092440661485
0.0146971695514199948405961791533884436080819018804540006637983978
0.0005027254720941429930796417915962115163178909820932094293997282

0.6666292329205903121547907064336625363125433644586711270915904305
0.0143576177208510685769820668756565386007018252192671313383343386
0.0005020372618166098485460878185475139314648525221651643385424358

0.6332782331292387047385087212842827565109359559092989645875878443
0.0139221490864108440353344449385674715769203335619954126807534942
0.0005027314955214137677523891340368611198464494926897152074066704

0.5991885707377782450742270532075295470972723456380602994775922157
0.0134820677280932977811519445491884927065103043702368366900835586
0.0004919698531696261798666890078799298491215354184354224543290645

0.5644854954447444962138822016816773874012879206840499082700019126
0.0130762990354040626036383901282872554563795776803739810393568001
0.0004826454989718594524054998858711091523296149820947404071430933

0.5293538898644013916540403817129710264675779448095594022631755474
0.0126172864151101244164492851118197743248363778921470451702281187
0.0004720284611284404922985359316968785775013425314500839084151226

0.9298573285355693733718773068393250420002183661733497466490151082
0.0283764441876585404433154436667763433179753504242471215093443907
0.0003373656129175526565269472562626464038134274777448119260749420

0.9147504224046889501223122294575615729333611878805817363225394799
0.0280288915277794679802059847332090902230277670657436854842275653
0.0003872194487012811756280830603525624664951863630889675213657283

0.8974528641186570768167129764328211459185814750864962000200785638
0.0276281276628247562951602292580435580697068237414226171139942142
0.0004326733458477571931007423384913065792752693702533400681763932

0.8779797875237561105804240062703746586900605608368315585621625679
0.0272652317077701731955015577363766135446854526469846920965824804
0.0004725720539618974761308734299812742431829312517499808816998810

0.8564802543159069976597229486871424636350356098573101306161603020
0.0268992583567771459963219858421376908249866210656488798313045404
0.0005100562365233104466645828231736208883017677869962844492457074

0.8331806197754115731819352497440240598612593051674507503440592394
0.0264011100537387243938974986370997843719832128155618311034999545
0.0005434085741868327561888544201422689075734922217851905225956597

0.8081463112203991310092760621318416118993951587705319542293664429
0.0258185560299731382588636719547197354237293854157439344829597199
0.0005688994222382136112044166468196059246451718024521703045830110

0.7813771194249161639921664885690190860607071962378662810310426630
0.0252911062685352243737396975437723247166765704590688690253020367
0.0005894237846236350850348970475676129181598477603356497853697452

0.7530327440344718995420555666372474027098861124959513093063340073
0.0247962131237081146487616327038184993610829294704126598627325145
0.0006079469285650431940185218352041249584698676648020431479086625

0.7233827665909405812109078809201535986614195115333197438069006554
0.0241914816952714207369993491031940766345651697553310763521484811
0.0006191606427668007500933674437666238827093896947478578953619130

0.6925442822321606596000620402210637229462679627350626834039406703
0.0235106774654516839745498355656109783059796874392782360900729949
0.0006270316218742399630685548702872163550218245205719705897610211

0.6605611345101852535568738613413445009549631651426059221132500486
0.0228819979264244672272034747048793382148649538510283857443636601
0.0006255709562148820514112261758247028398203287824922287220151475

0.6276229453678670547935625816143134153524431967572798440745103497
0.0222461053934096296532840932760272056077664578151282519452289263
0.0006251451025124614907926034690725840476232351916854981545835537

0.5939720176232522890061536244213960658790043799328756024297633433
0.0214967173721961873329820470035009347734236369991352073412804818
0.0006164910910832283530422883845043792521999183047952398350923651

0.5596980772884193574180408522659363763301903264003004145245792119
0.0208130745620171683628201287750737250367472952478062132587180859
0.0006016383682040545398337510173166786255857690385331197488334558

0.5250914206137276150252683667811724514113561989147578363128268855
0.0200966092744738264817562518214655580647645830920818299562333063
0.0005852648760969741861033996414794789707188279634122349468630291

0.9024693567881167226148134798177498527879100014722901450497309223
0.0408834132196097316044654197556765198795267343648204467834530895
0.0004597101372370110014807339706267470750022165361762259981680059

0.8855091393768023062317159420437847978059031825416477181335392579
0.0403191739077407295028043794034870223347125211892355559170197601
0.0005142685601669043285014696437894705858787072343659451564275605

0.8664226455267414243562318645923140878534379998409247378199679537
0.0397370344772136471237842227425144330086949314194287903993018347
0.0005620064329303162502762853422290955845590317151281978892587854

0.8452609571119283666892320474805220820217590192289073260388592525
0.0391901846994279791216607973485758828852670809630701199507451871
0.0006064406028115773222643751338241918354742110721665196992107840

0.8222891788496686051473834388275720373910064659804491395110835161
0.0385174418456003710470009275959105378991089602150346880831940324
0.0006470490807654462806818881049303873108151609242131868126002570

0.7976769214801727840139317786758069920082560152682201925056546168
0.0376717427840397264808784624015155371300045542753339466729450668
0.0006776893824282707406677906629607983413049717005384912067849255

0.7713713205653646368189520102696621942795731994712760830735423794
0.0368652353015373821031972042327720991083564240964863960680754038
0.0007015532517353463310784879445549951959066182983704653071804702

0.7434942058921731491984649041696863213010302633044859822844796093
0.0361263663035572853829139192738867083646616149799722113574282839
0.0007206916992172258927187196190615275598732118346432742032326456

0.7143663147234928850242232458441277936100489331830474986253912278
0.0352462446235974753082239787250212714696238615228517462471620235
0.0007344507618994515814586427628448659463680535592819669636055956

0.6840733843357869056220483490177847903317818822065949904117153597
0.0343010186756525457299797112454491833042293024406997358303986748
0.0007425461311208620229592913067400419431147919281345552188138697

0.6527453554884158060969472131275834601383156097477916543035137986
0.0333411914020496932570764752053942293764222594840951214043481552
0.0007427344870423015695953530184185181881229557352786980597027223

0.6205437445386293098606092269247551038885746831010502203123657797
0.0323895445321421113046313423420563714176643020587386579736202917
0.0007337295810526666634449597567357182485522808165907440750848108

0.5876673789339643660898195835634794880081175351228234859565156056
0.0313679598769728709889859170062777928165683684402749386852400680
0.0007304155373805512537086997908088694809384262370516217168682535

0.5541856188549885489689587299851345753365226042736818161868175704
0.0303223053750276135424739590887245129643582940923110815906307076
0.0007145714610373545689273993451353464872635204057370024488931343

0.5201835972468134099900770265644136195292086814058979982295512317
0.0293009869832790413462994353048801749844045061216134757721811841
0.0006999163379273109241728952210338160905384680198658344580739125

0.8713062383135881866566050200659020367235992261050784551161169186
0.0552786209517105901275869789533464820384521161211464546453985715
0.0005918683075404361839797104229729347944492467310240619072063864

0.8526464183253570211191098555964601184932909820803802592993448391
0.0544341818821615522881857249140539555955921470612753107549650305
0.0006466148261566935728857788726930420185219195412116562962286481

0.8319165290183530433693015811776583269637060501293217453769804253
0.0536534346044078919667553400026458039718549924724268362669997575
0.0006960955674099783784704244398871081240485287054183458782341315

0.8093794848856434979570110959048099037782277261651593304201053801
0.0527830322555498343986178370174847481602257596007990502374839768
0.0007419070794168127845620190829525209261034378315262772706263097

0.7853129922034846872263695949607792937722552046181320138137429480
0.0516471247079644373554042821551620175800708506573024190591972096
0.0007779802867195252183375538958012569054574319855675114588703599

0.7595993508017100127374632474073642141577623755745835655243395246
0.0505271814563770942912078419515111333628204498187872210090306647
0.0008062035735241046121341739488869729154858734579135315520139010

0.7323717029168004557136373324168104059089428559186169499931911066
0.0494506236891974834754540442395322302440052600119166597571366781
0.0008238430846662642504889374154838816233984730528176541451678532

0.7039123179925325363812286027286586980929086000697265992494892994
0.0482734077979632502434635513381548843940864604124773544695392844
0.0008397011616113724755493547513728088933885994651239513127812200

0.6743570232669473153987416840023438656813381941371150046878360758
0.0470021118960438383094617986932657464529139187500428580460061633
0.0008470741574723442650523854101256857313247488874016101392605013

0.6437641285260414036686469373918370518471518625514438785421447629
0.0457183281904834970774248015162978607664259779710661557832254341
0.0008517080606154856576752403058986231126994959261534864790920303

0.6123226985767637881876901817252436739218580573191936943500991088
0.0443246004187877218069422092720555956383943883044786063246269548
0.0008428112075478605302228856872025800262193292683821797624107734

0.5800430905401094044195322263144493891076181433613093397704722591
0.0430264122179493758740165060906656447908298107828869398169091327
0.0008369443386404800193141344097109627899380848260183317256586533

0.5472751024693937561317319579372004308480047060413137412601715347
0.0415910267119428023683614290574858684630209306163792808306645519
0.0008227752489097675122173879887707000023645494760199454832369744

0.5140684206813573608258026262657462178751382032403785083769396966
0.0402133173755371148974837160203920069224401814859575165284745684
0.0008017369339286184611979777611051357391994825262780627211037196

0.8370119352269620558943264789979459864586706510295134134839436251
0.0712994787020870172537386256459129212862562879747983603182448461
0.0007234956942905173316230173720984084336192495528851347217798947

0.8168429573404446730238826048778947515409392340151650179729984106
0.0702324104463264773171629934499493806089206952815605584019704628
0.0007781713966872696183787261989024868580614829236585996880393471

0.7948541391115529962450783458468418668553948882556487452059572579
0.0691164490622374285314251956090564779270359655251226929621275623
0.0008272789664680857737739647011578371333878829918900791023750113

0.7714085274464781197920749165338628640154367685511416059292846950
0.0676824550489576495652764558780598851626567010969178700344301778
0.0008691935408589251709517949530054824461399248986808745643016311

0.7463683880001683146902399973528194422004315702708093842825638129
0.0662316647985000896937182991272795032374991892050288160492180937
0.0009022437168091616170006903473869757708837842803456418132730553

0.7199013403988942118543573678266739795223594678922835940370551542
0.0647212778887547195173331897938853657911758621027993459211716076
0.0009215919790354811943126858560841855454340453077815879836924382

0.6920962218643161476714079173114590109987323112458526154946984747
0.0632051600761624720746956511875345723546835199956357450295266376
0.0009392342383002461651711208976859917900038267940414353035326328

0.6632192161199462007010240809070528373657450370428334839686423238
0.0615464692707576445384718530643054286354684073842529853342330525
0.0009479543632713366883120586514142575663015276916520563347241137

0.6333363221907503676758499976891295890971302496062588299195506082
0.0598961255885743574830153944699027691709811373462890603877844085
0.0009480726814193174720615434806825919767160785853822641150404516

0.6027626308322053337398186099438495262503012439210915805475525462
0.0580703852580961241744283905272777633296054193890924069717784664
0.0009434775722363071048151589751834595067588808560346374124896117

0.5714237437773954994390272160059901008019943072768145768796621821
0.0563572973819484257332762841350843968424056999425644963760384937
0.0009261947161062842257125091842952817211469535997186692762914032

0.5395317724197750155194503894848371830677748204706510281143283161
0.0545819040341689946779738609270378676059475195630754438010029712
0.0009164604837709074323208975071581558735601766534684873060082250

0.5071903033819291235116274761819602963603669735256525363656213900
0.0527562812536376509561407590892630830190179662636135198154047834
0.0008928873366032405080174725245132003468270851072199383292092837

0.7999687867551910791449669749257336833622957270764297026848539610
0.0888580237238250132798808258837715723312022153459006823042817749
0.0008532752310923575357437741531874699419656220168487294257788245

0.7786313648162327698079095503151097311391239332341969904597656031
0.0874069589573991712254289556402451563587648295514065820333260961
0.0009045791338814899813202483634622801842736876259776819564127739

0.7557963524720581866255534290675763752957523017156361038301270785
0.0856779433131533957017334711815091264150399929612492966219155344
0.0009532893909706726379398159728782315169662985566412583005357268

0.7314159657343551651618429420532117364211992851259793243244582187
0.0838733964704039597269725440686662301287035931807943499831768474
0.0009904427347248576487121675200287071281017489830010372104672942

0.7057416467128715061323494997186573894020556407418748146468434173
0.0818828780327912096109987271436806222532920563012858245015615363
0.0010126868504946144202402964401779764407127846920617890379551150

0.6787491901036926181003513994758754509662793355331191120865866596
0.0799435932415966777171152758511474917473771453143867219853089015
0.0010261309830750750879805944844551025898304862683479635446854034

0.6507435582202625872771708199635796176878919893787922180265925692
0.0778772525114825586101558656856733707589792763236905345274536511
0.0010348992702619734192282793605305200166472243736347995044040309

0.6217928862068870307910216774009784053942343728846267902405101819
0.0757622193421564418227625023377008478654650875128883975000465812
0.0010323725063129483461924305983250879157782136471421814898562357

0.5920463389808183666562272927815494430764483007857793369536912196
0.0735753815965987509554747835579228825963018419611016011654421696
0.0010323864267386737785850552562056688368146109422039446129920033

0.5616810862093817990248881280245536057186078254037835389938872623
0.0712968501218914138726705304468716866049695368809118342105127039
0.0010121734351333767008621898676057913441267365236740395531184566

0.5307440840483842378180551166213377161448838788870838254357375721
0.0691001921361484193771887873903661709957203967202090980590442151
0.0009886349843405167242930415819860036718642592588701319748208107

0.4994453376139519024008262416245057528836712975849434818240117944
0.0667904068588101707420602518720339520347342690994508631694512437
0.0009654330240365055807145020052317766544316885584589069439716582

0.7605934289702395831943413023017370818688384988235146859952138023
0.1075395808221370163225332998028657867905556196745086224077843120
0.0009721558423829348920221537508243908334293677879189065751899256

0.7384653417895571416855442345202592759261696563817545924318629309
0.1055126160808127972579706947225789389376946731279718447725494248
0.0010235561350137405617288460132915925568029586568181780980450555

0.7149009933897412614731115285149715714616227916415338120169027557
0.1033344162330519166601693640011535561326636415961318304073180278
0.0010632184308984548356080376927796500180264583316450697674812955

0.6901297023489840492519984243968191415572946829581277728484377862
0.1008853692358644537907581960625707933318879500885240501409183089
0.0010921135403780664495483790996995287998277603021228665093409229

0.6640615287737717683739729592439705533933694030017624601456783081
0.0984365523371960507694825961519550653386878990234162434303175661
0.0011075268986293254395912396412877453410340930170105435452773711

0.6369486470776847427257731886137305651654928601298014218050250501
0.0958858571530905910784795947223582082163845568074739499498443066
0.0011118817832570261407099853504258862130578432872091514442997743

0.6089645115711005590687644037757995552159532763802571107184211809
0.0932530460696398380872577166668051359834350359812205320777539443
0.0011098100156677903928053140982680497892763873512744498439773918

0.5802118100982055047339970872284839508770159299563827682953427512
0.0906277926865426726451851869901559505837409592718711743595501505
0.0010978406526405949441606716807215611347863392810060322107464688

0.5509186768573198426975356439150674576656741473463716260792292827
0.0878377399593910124230803667521675700744223208281062356816875416
0.0010867855521829103433402195266294646951329316951648892976835783

0.5211059065914893049033096905052334431694769209969740747640742291
0.0849925488185627625364281417054068196617383906242854256360645888
0.0010536568680211526301426191457629497807189560522466772776648610

0.4908805960111148977446988619006743247124846994357826359932180837
0.0821479434949668985323609108416783594894470993839259512697231463
0.0010218585325380875110899417361703599699574388310497020870943655

0.7198404569028182716610703809805506034483719707323812835831711400
0.1270841342657704459777604923851898185282938528151328622892339171
0.0010795499205652901390996858039073644068807891086804230088220627

0.6971661856896965085080482967897868080369369230333500421099807025
0.1245132300841439528653459932857339772881254302890198484110637029
0.0011251604482114524300807254724053325053406819353454169934770673

0.6732868230807761861271808146674635353172522509769688234832260734
0.1216292042907547339471935020525323366875206507583968491486399164
0.0011595855475522883425015052300488100961483893345178134786318309

0.6481798679157024854983369714258710717909269480266125881198074065
0.1186637323859840505155665865204151146949896307863876169423774603
0.0011806406557569076009845620408787109591755086239719618196371103

0.6221279418432800578894729978117260095433752550278906314666577596
0.1154725348070433844180741031901212971735747776438338433330585418
0.0011790257340059615417588636946208322274646967619862652864006981

0.5950804187319209303548475410329899910461364713422642408828506176
0.1123517464230656410148055615755099887307948544913199769237000002
0.0011804801708688730370830323225757688693250517045566105298917568

0.5674147119023544106562784495239269760770561591619689831094682655
0.1090685637249697519148073751736341869293903873156885422897609271
0.0011573004294691753812800372232428407191895677773914967105895396

0.5392056333951324668942658156926111685677737241151279136934509467
0.1058102045619497508923016856491511147505016492890519679449492947
0.0011363735438362617627601351405578636811625485914645408141993648

0.5107167974591798661824490554781386328284016357414394606728230274
0.1023110834744100557002016386958767010169211396325122885376284262
0.0011122496593515472665719702708938070336131254803375578124328356

0.4817618717144375399669366393952122795513830307006317080685733901
0.0988008832960608996557467906379360352969742799960870158437132234
0.0010801294754738152528062520000057490191903356851673090211059143

0.6779370622204793646395169289265203744893586919837726255175664552
0.1472427742096427487091649384776009372751709846401848246217410284
0.0011668727003747704992021261396399492233643091276702275937726789

0.6551671196803938628219863081573289371780654011782421674678789579
0.1439397303601685069010288245503856961962562661769595719631156140
0.0012047930175368177372127831910634327357589666754177228413123455

0.6311402195723586957780097095223750714705005608032888342477642211
0.1405315824236928265024824836032748239275962810858977174566140990
0.0012349948303871380044623204545472190074243596869984507037733438

0.6063237516810006071694778488509294279699072229204004291443158338
0.1366128222155783048898443873842286592271223727066834137700348444
0.0012393674938970828499698783261124848645625325375594409887212321

0.5803472634702333060167787029977358892337684207842780868875494577
0.1329397190133848120025290886403790661367006235830689785193361237
0.0012339926095703698877537293126984262669974390050307247170277076

0.5538213060714273254742985928833211047202765187430508515494483727
0.1289571290342917254809636727095014395211126291703063853894238620
0.0012196047375137811197270666866424934106704566381509665339891687

0.5266963919541771197541660184652571925040096810123070039444412210
0.1250039291122352260593948212357724588845337899380930753716534636
0.0011851763211671370030776870087666922061035669620759414918795845

0.4992546447427351833866319329675868896631964484611086613139894902
0.1209943316033628158862665155116732793901479585145069409306466401
0.0011589177507408288682175010257474863757742816490080146885659084

0.4716210765336206291662120100407665878377092872927340684380194398
0.1168990523909498349906513668668315685326231622857534492243545037
0.0011349054923680721316247579825136445337882790028506337101511310

0.6355879560902408909785135105539824220747968012526451288055372341
0.1676216960239199452240878265141731016302902180134073559276865261
0.0012362333556115686966637153993571398869462570411720102893904915

0.6127852106988585354857821309717286385085288817194188801342723154
0.1637612262831460912119176529347355210572322341618665751575187497
0.0012608997156264652518209127582518998238801242639733309814207158

0.5892607556683917091917778524777526357359155449578547337611874647
0.1592665466754490570417103832893421895418906715304203884436080911
0.0012862428042368576180977839617761731524120628447943923503428879

0.5645684007351670621736275337824900409467385537616530508542904191
0.1548326417025917690501772300825510833511698472653798782762352208
0.0012784805413496037010844715961988725928955902600069457495403921

0.5391541306120165588309825819187893873435405576950363935753795247
0.1502414001952204846920077856956738903105899018186231930141652784
0.0012665214104580853098442216316603189829681556035852304252746071

0.5133177235371282377845138539803686192201196375180962711808534994
0.1455040896608367406803625551384295152893534657255539342619252469
0.0012351482368155858064121123668864744257291864744042469282569044

0.4871157094363088151276128384229621378598815474699354193084518862
0.1408736335462597054001108513594855400701406844393837364554830452
0.0011917621627413691407971223773705267651968329472064927318468134

0.4606745571894955028141309823685328618657238667787339035297899334
0.1363848563580541665221420207972564639097705052377607505828965097
0.0011607796143463054028808120080617672200344332781438380294957098

0.5932458541448234061631744423703110656067634280253023220593618455
0.1880508770976891774391821384581575495253320647231242273783859444
0.0012766820873869541066781234531541511003533238567835097912423136

0.5709057007536731087244710268026635357402012899093016285337365139
0.1832033396285325489375314877914769431904851661078030333348426410
0.0012995184157435674892668964200086239627273986878834797820122791

0.5478196087713932685127227492277624616936336814656216905377638004
0.1780242935454895867519302605510470966602115086373265837838377178
0.0013032466683434377080810462694927337557515506666357573416477475

0.5238282001525742282389034928330859613435869367113844418051574394
0.1727681906809598435359532450651925477886947744753481302000650461
0.0012912052447278826350128644458920609514013517964785517877522905

0.4992225103508191033669713557427610668104576909234484483223568104
0.1674331172208775388700128788668714458937706902190975730349926131
0.0012718274731510116225407155163522587479169012627437798102576501

0.4744234841091788394639621434549645705088575390021969139586507100
0.1620169318587066515854174668752537316388997129714728196793920661
0.0012243432682762656618394426318212221709836207944869472751084226

0.4494626331922510224541280968564352296523201927971794849073647761
0.1567640821658097478903594495719191777764894177290500441618150842
0.0011573585767540432594686155684511703525298823931838175554393231

0.5520429328357066157091252096399888666434522835089063754291269349
0.2081361940318948888095560413510021926049359431581592370637006445
0.0012970461109264356430695367354460924260724976244916583198227725

0.5302284926633026007943360643653478478111998516874886982712063561
0.2024435374343337899394044099740255230437918283993392959015439539
0.0013144598100950435999989150909999505062597686302570355747206450

0.5077416320555553407166088889612174321491747325502307386926156614
0.1964037905627444815007564523254685864782624780610181509931125263
0.0013079432211210747970483739122519531817476046341508840740518366

0.4844430140525439257509505503346189744582224202242466907537286764
0.1904071270057588064245494193218207824496620214809065153876278750
0.0012817684738498430100289279943905934505560894587140809186887185

0.4608507902978409803033989002196615647385316414524657565524501057
0.1842954816175961885480891403643336417207788586674513449140836173
0.0012368623147374012275727304519838756207229566907328477625094368

0.4375650171845459372238025310661271225513439173654168420574555788
0.1779032894814705794555083920287474563939603583282489369224593429
0.0011611129138375080268564038366758769400180108846281963463870840

0.5119828093853533613021656150373140774593711463896572818682782100
0.2276366893951952571671120559141365290933576393900749575841872002
0.0012948689994028109460828736430322695163626797753616059203170459

0.4908022009822595049199069566789029240514756011811695925405782502
0.2210391141770118000725313104112459859716296575912957739639498833
0.0013097917876810975463539651976606478473408637140220967790057027

0.4690606865675484877975985303976433999617284889414259018913080882
0.2141104239959759120562783306871461162938877599521103527824189505
0.0012778889878406223425282869413738663671945778855441077053821729

0.4469946941102019073554814952095070499664895752982800454324021172
0.2070884904123100500050903593474820459126270329347313636817089032
0.0012076375253831900392657804895486254578229011253119124824695486

0.4251202507069370718584751389189396502374832300374755514931745305
0.2000315424620128516511338899957031594697147181474856711124675836
0.0011498215168320267349850489191278323320625762552785541652895905

0.4736528421013126714111315989439295040046171677314745071568179729
0.2463162077674614895758107000964898141069249417347618787369365892
0.0012724807942948393637372956910598647032362357445283724007613796

0.4533199673139354757981568589931015323057317237482420444040672371
0.2386521403717590376156531798213677986017714832090853531335508879
0.0012726880019827496900982064453238313614715943820929779912317216

0.4328913620332259031308338708393923099025474090023473260150018314
0.2304535444798971922139625580136082403892146186754383510227608719
0.0012151060401636075240993786709682364776638824700254924490468771

0.4124849560048922089128605743897718651006539674230367936889567981
0.2227298155716694015559643674815873710841588896717538382974617387
0.0011261584875140617705106870433285416395683281189007747445949825

0.4373969364536171449643370141504703242525071883685597725697060334
0.2637040331202038559827317604643262727906832703413273114318791765
0.0012416111043835267442874347857563398838011868001974221493591440

0.4179956014565689007569243536742839399637629638131355969039600282
0.2551017448194600384764161518842627053032597329045845696394821527
0.0012343063013929326569294480355064684854584465828004502526842698

0.3990578168354137707097857422692999489227935506626972053353569578
0.2466329048230312163284659449433829260963319484874778013175478925
0.0011485172283021092479512640335675307503254531325814665694568166

0.4028529487327038590705711091256652620309109186210599743069543147
0.2803555717019919789705762887714064447098757170948000627304393716
0.0012207349365157918455321053161585828304095516228806266211248349

0.3847250383224122730722374169764767543576410488883826329176383420
0.2714722095133434662548031511631802676301941486472048983340457030
0.0010677250520582542468099803580777774534045342525017808166230729

0.3717103724110381788959240427946852230036790119249187874277329474
0.2944971734417490744175300539714156360987787895654600679215152052
0.0009831104595004764459914195679810181127677250515648866166825165

