centroid  numS21    numS111   
false     8         6         

S21 
0.00849543051609942335883111502213736361766643938638533377181325414595089436939446084360830647926151263003357518170214804236321963
0.00114135407283107092579610106723058800546430187462056098193748335140068672542521792362565916701985784669970974376332500505233849

0.08056914991267363276761817012285804311488031811809158344189714030674228853395407779802994470413443116718445030413813020697092144
0.01668043933554529067693146429252636501482468795299601449833862824690889632551333759867508779407584128054063439635752109078728678

0.15394141728806491596007240210009261237528794386880257012946111971436955088332260568285718085288155364194101647244426656482336290
0.02865013807811423607968555049082720571245787664010828765504646785999329698491901232933026143483086992530553083417724483650157314

0.24011840179064259106524343788485370014123363771983739832191839459804365752936013645207206931499185158670239253364788727177888745
0.03824587818846913312370563765450034133053260736161326782840572726281628444938488316570595800266845236940019089875620658639290084

0.49838753294506241907823996148534762592732203089351736731896572749459991117307121192051491410141235938526199169108417012108470601
0.00560518167675129562661955764513319996459775859424594953754008934066105059103730416220813899868524527937816071452706155658090491

0.47121135936485131078299025844440566268094715709958343397296697107785966178496444965068562034372466632644428941136833351437229226
0.02444715398709081636389292590261916992934970827778127565972237267323149954062194623777568051942814544934848923071502616813648133

0.41815431273201091947667606465711745408493715481092205320337990538415085696469673854579110370366817127288513482416234143083290210
0.03341342589796664304066479462094389201760837668155189503946095870006007789168820846323678099590880747968129588135869325188920264

0.36630933271812049258785246623657613543926524381214871404062971985003208591740025866073199582553559861357327827519216856510468435
0.02439776916150707328454216888683157388895272982655563658298340147540716322189871556421616201332881378351026473136228666963537031


S111 
0.93059195575187705851225329425465919291009904894877774194341479894510349702602263754023540535340483435337071791558187947218372675
0.01465686113081734369082413297340920910921985522764707294176035474496001201469563074777646724257384633633197149702167406939284601
0.00489654256969845313226484480213503912212211694313643670259202963988082730129156201796320211264683348269492378456365559943201140

0.84999372287873527185604627643231217082165317332703276695276634556890283941203333924816643166098617832988128580796304261230608531
0.01516769539401379203608091173213660846571978001162037937463373823491171296455810558220556366275819196453271501603488885601000687
0.00718580622227722784295486260918451722728746091684012766101449872502285582088191518324343188683869755034094318224999081970779325

0.75265198720005305962292884954369937578288857171187341391050082738119704906510343836854593664157013056798256234457784482250967945
0.00042380269598780676487885524968685172657160123565902948670416551374545620117394654947560099505029922065067826103767046957372056
0.00320399088382551796040047769683691224983241474222101610256843260403005468628264756029625433177817138342693155919310343839571584

0.62883769017187740716189728044587039661894556067186530150023184782128161407167810573901118050741684932451850994169739954038235413
0.02331174711690882145842371329100042600475055250050044101704483187065066165544714801731686872020385819612147356407254855604539687
0.01532065613238459829572701241061634191273892803279967142015820823271658746882604837279156278296993182498572638792797744777313764

0.74228141538180632757264398098142198571652827172267956734156439067742106084428263477133404278563909266510300763487459367937807927
0.05227931901624765611934721656594603211724016770883725336207323013921248182826964223993377770841284162705378498829439422863109861
0.01892472899346103943606673936690630721749081774414256576440969702044112419150837030674803792526108152603583767018172477508380884

0.58539792671032857239502104636149700685444186517942276106694495605001321031223622851651890955117688345892702811166985198999469778
0.10986722594059995722373965153442812353122837569183346517429683863844468997035943992297731641597243924914523976102590903917734556
0.03084427166588205043833362950068138100530090468279040512420623598933573933263181050323731316419893419225016586704153200378617047

