centroid  numS21    numS111   
true      6         6         

S1 
0.33333333333333333333333333333333333333333333333333333333333333333333333333333333333333333333333333333333333333333333333333333333
0.04309250995633654302559660804241957115367639153817565633003675854690665665196805316272559016658111013151837260893431695259168799

S21 
0.01647263077304977546739377431387363236124366563470721276276137979604304303467857084791728745181130428963657981401132153216253833
0.00359251776229736760322309642839790358332860597888727224746330028050509917091500822243672087671915516858161135704577882378002538

0.05850154946588856129992465674468812294965615524072492298233090955161984869271059970765613924831740483685107933258109561495903555
0.01018848702841204272781325842925414510493350222526794647377654829489158020049489304761325986461570134098897537827552104033678768

0.15979392134521768744402278434980368295500805961350876536530422918956495529909732137567671398581983332210952378055515745348186822
0.02955520163778108338531973849222373559531168399337100964457901873600770085977936325935360081135297467812067420294551515613083204

0.49203018337314257076147109223725027833357778763986664635022754272694855854551953489636803412488812276254970593571650740273812359
0.00983019707890698400375245442004145087833366210096914278724300252523210437471422955973636152216775526070962963122019867079149588

0.45807898178373594086343041586102661428869208602652099624515650363989625774986743429840932297860369830583951071342431380670342758
0.03213833780994896497178872307257454181595723268270883472126216562636119413133294241051522372521067377856736933773922990780058568

0.39938859857386462064749755186311119787983480153973312003347940504146030202370072244216478942373515077840822016853428228580444710
0.02461076682451805402225654201509960160943439216189929801689021791821401657045711102544092282425329169652325212097343462987346382


S111 
0.89844824554957881794526106565911254183560796687921860332778875257604697623024622812822911930686141972986506794073015933600246162
0.00853735411473326598916454189196369431846943997569067756972546220065839310262437172587497675840161832422943890101238465616856709
0.00524998783759601633951630935708662981948699999824175827211957161161241857328266022611231096786466884090919194247986259470282080

0.76586777803668934952586812726541504750437271169040074088412573996397403678969459427167763001038886405838249142563331371101571162
0.01291178236252584677227523478826798982381888040522916775739646643185074314762783547585412486631344982617932861838104439270030174
0.00934716440835700629238753764607676187166098625626548870628388429705529182212133105481219744025155625805513548192401305747729974

0.62041317605249102652143326988288079472786350689147285602342549018377823638541800170869150102899259427185582304028435210097179607
0.01611548240990421275948434096759210534784746352046842588214595067535839392587370139812506593278943394412644633264843257785114770
0.01146526821971701510340656760139696872659978682291303076017921090013434693301712282949584428626294136050392491410839254717530579

0.78872593406829449067723201893855635976047952720191028752669337893510796615286922236739711956325123568043121923790203744027315897
0.05990993480289451011317285250184473632257283531322087501216997920476676511883787223424667601827261937443930577630322351494232630
0.01732278996842758373298601534563477197558439543878609288290392311723278807058036278335752115312113786460082701582677142405282578

0.63151057608234203379139534275758489358726586581379611352411849253446333389809289715442172006989788342085086692363412485909874972
0.07806899125544608301331959293010607772677489073429492785707426467157991381724402898871525648654979999849535268949731422241484121
0.02746383775656785042795300254265953019985876569900235616951087621850824541200905559098681051319616918291810957363159076954859316

0.51903171899888876673728193733703789926820328733971228195550080440725005759199214282613675887289064920804549948061334144797729157
0.18627364921893927273573718212990724571178423367256145785189553413631709839982066513375472668163289759029422406047684902467867116
0.03367777941234618924240755973794638625421346095687691187505594740703328542648135155889967246604689884268065962310714433392127815

