centroid  numS21    numS111   
false     9         10        

S21 
0.01074245643282839518739097419114400872611776339531617198798718178863558033199562183803109332989693681704974470008360148072189631
0.00150869927237868911390712052074208983461954342920183308957555678797367689647462615153198969482887938178344107654533964788876533

0.05362757554614493933776946947777284719957439792080958310699226221471548279947634497514930294279737913196348524386991889694952662
0.00715208510128365135190500297184752407813317989895748298751561260278085902448137864590337570310700420669725156802575243977428106

0.11898857762271940719491988769835264422062398482164872128978216001813807030550547666168096469421427058741568802697417730661357587
0.01365603245223019772948248188934732903902907303112694592464664991366723051295282368113658309274190339020836603011914556188693101

0.19028871809127849772894603455961120344644905359853590433025909784259571568643421506701873970858544269924655444660465638011996426
0.01945524186075071049855868631960899243438776397204546805858165536999666712826014011314693529422151886391731483483731157095308216

0.29893623531498257064359772308440674673804365991946490813580849337729602981901284438059172933170465223327917000848359185903931663
0.02145112192913234049288936222764944023694324011749490081986053022884993455724793892587096611375089281623647838826224198461085832

0.49700787546868558053252834048896440058514346612020219275506115751077297418473184450579467214184500175684229532322699089467076625
0.00443782969706587903834030902968851487944465344768722178143399774916050052435935492627015547925134791815023375665399472491931669

0.48159786865321661952255739159725836990788236884726353706250768192124265066942317252332593785811157528433302192801631048165005999
0.01221441016338438193381995352074795042333045763074526152971469391740548748136846944235743078523027527106455872762648745771351358

0.44981279177536239217046290397329020368577997144529820310956304617756623624273738659815813376109883146470797879423170815355310770
0.01961447522782402027446009312884115798597512885453565255218822104038354226443857647510837234591317226515250765132212047436729569

0.40361758654638511638909196596921290463964448224860056321430411266498114637428697966171679448595664691875207321163028462181968944
0.02300070465328386260084422730639662877870435648560255524506788706605305593717839504413519364506115236389701550270235115230959875


S111 
0.93397853128420418204061540304537903802234752263575522114832743248900376200435048518132352637138593783918614797948115661713140542
0.01030190364342383368309403641469047774161323532300903566951756812151640413646612401685117062679562203010980588339165986874542442
0.00326542858404408524270741482006352060386570953527163736778370595497376483247005227373180482250067000498768631733137554148507429

0.85729662952891915629857550561840914840181379914188834769233314132654171454654885384222667595956313215780245621449706308518719005
0.00953624752971056020889241576272740940645183566099004398734779291714561115682236192762492754231541514954838410771636831898631544
0.00448081312190147524143278028537137103820204640601338739706300333781078000662679314402130437438387192691736108866466966088990420

0.75519480837053794527676027963505013714527042578055105317367086595454886104480372612217557430443007828319907135596300498946034893
0.00693180903146805464336310072293990540012850073637315492050986937002261169374903220385076552672249714808225960964516994175617351
0.00420612028814972909111019656206915480184131253848159668435149222547926104080011993214738689654902851032258353524519765161268162

0.62879195610815331669694615608232144493148872492853979503153918758934777181844057344753895932545435950798234153540759315626269860
0.01025463587292447604211065560996191299199241364443393078657147901414361981182146443359153068401893365772659208478268313611328604
0.00683988485793430589043322420760596890636822702972463399809597998621194068024452151963898076358652309590023447170429401981967067

0.82171912646940793686741530928941745804582970310339155902351925125465320693309636553977323203778236067642208997045000283847244696
0.04945106556854052490825296375021990816581223858348428293061736250760884681339210636764231652865485587139823684143866127390074708
0.00981197182255041077413903544149067487552592493165172444269025154978594139721901244810989185190814288322457572333110217693628192

0.72913501200637869818328700416752182333353078878598152444028410875298578494847080823934086027411775332240617656215637569436682190
0.03899136262322032836741043504332401256954504772597226815138065634987554863553347432446386795968535342741235496243842508759893855
0.01046990418532484453819053800031987684607758316277721144505560776500426731138626226259641295966309164328805157320050877827555852

0.60013982848887210915831781708211823182172176733307813426188987276889515068539210948137487783258758213270634189821786435694674678
0.05305219170121679792466468636009842112655254904709751192810051972962350856353497826865793450319142782809498686845590140753612385
0.01450030591897101994868819954955409977601104992883565373396317394198047990553766590383913000443794467950048738537800964194102867

0.68294235673590302331945619264495472541501315680363375940103449743717283029093025437679840318399285830291461617975172237195273100
0.10045802007411443233285291232308297235997831704229825055732501955663104077042832083715678588569049818847404749411508994453350572
0.01590403670542797286779859639870954129523774525485175380472983239831697344839134509768168897259948837272626752280996618366001898

0.55735528879967900299693219327535880064019607552147151795640626556807188105735410807658167441887527092424185426900557980988213172
0.12377940040549275351294332498262907367495658756343924660347068049167996716571375252077212136357045001403540011148436840940371333
0.01844748484793283353375992438453426042298551872353301621725612804917265278888091603694141504722629125979605876388200395239622202

0.50551494458624373231197482530459791348730706628565711589739764662750231905607613974442133725050891273086680207766360271704965987
0.20529555933516150503624304424028798360688644021769310477011154184840726592642005090787376025086083497602183572424787144916270654
0.01749541615576312302130313855951338425526785072182739058138508911979512809172912634522814989675854105144977651707216655243840448

