centroid  numS21    numS111   
true      18        49        

S1 
0.33333333333333333333333333333333333333333333333333333333333333333333333333333333333333333333333333333333333333333333333333333333
0.00760946675183520035332352471632280684158901273439459647218850406130205573365067653637303320158793569288488022267433676787039217

S21 
0.00255710096355776942746388341931719872602256957095081454282550912730950830799195361211919482607498773035727894112022477480988442
0.00008602638091099196910406189091495153629959269112639737449640928043630312219653662774041783551082933846534093648481819984495488

0.01330182142992003747999744898727020141392153854176704746197109600246929531625529006804036421297315930410151585060530233363325427
0.00045268612323208283115905012024362167174033642968894278554040093357810172839531745688749804256753270856376689594722660675175214

0.03307539087122427156535676794715170812665801135676372055765328963668459398239366777136778583606109853296103619891469479114588998
0.00108259914006901456972289322190140679202336007034376204634203319767122952038522691513042887397871577415717923775977120738033817

0.05673944745334829496655962601589078794478914483943415788097707436432512912301964469619741518350185446174431335230854552096551880
0.00192912749339410314973596330063497911773376700338421137976413878420026531232235421919233709921409157904422938091580174279570082

0.09406145517050305287008877194128302008953839812720356466385576731460030363717470671258164932046404910529199221524055623470428425
0.00273058287801383439137441490142026403465118276387522496165379465835380656254730375275217520472895366001363298848196327574694766

0.12416140264105043551781337803342031762272884668995835880721769806092418577362130783509472487827311752708994721098380579013279937
0.00384634256408184258464126220435169865831116003410376509299539314344457126699039322895161556384673578501742881649326941044768947

0.18520589653569584550293255146186919544840487662515350859847841109291207987124826444884173070262436453691236819567038327228617825
0.00579880644582273382691703992681749008369904984072424476433019313028272083478662074987320710563512181740750380456331690486727056

0.22210418834506966492823780225836503821728169851726469291982163245516137935342828402873854438363673764378609478651962529491720948
0.00642131791997249232236445666772478187999634302546082322260535420815097487236104024242155608211506169953931098043843450479639060

0.29682600335253667192779548712774077298256517621327494150258779136222400876782086669989532552679735831214367811216522677978471697
0.00746186045036128583887479348701853551035262830899673551525874077372179641657944391350941825556079608985845507435966240087535894

0.25931864673262149114208682562808031524557692920624657171510454308854515122714310020278799069679382165307853897724553985300923487
0.00704311887967816719434570898884256767657121584643030139751304721583483947499181248445415799624682752739048141041838054207047139

0.49975871582170074687664847001651077562310656660579922969128875442220884069877082682966663023658727312170088820785625062665989744
0.00033914369951066536275941626275661738748077265985996300185060183210535635143436761960278491462605353050113906756490543014618430

0.49599734823980817747828001965452828654568222434318603002056185237574888927815506450036902625968175430428230226547040028694361327
0.00167255293272909339455200789499593410013778398008716537212748611213604953641464505446917365960255488570498627750746071378661419

0.48712933491787027886808713446328687901005359846304746531777154572154414347128007123258592298222366927550702752037492107678853108
0.00295875328825500264940468754219360398120564793747620423700150773445647705129855329942733200365633877928307329115690939451148766

0.47280831593102651493770258665268921996507618625542508023195641870452799775835139476692404001141373844042289451752766251801890875
0.00416694771910649167002637932689240889452840599440446220889497693630358864798471781944730637287039738373210824949124226580762127

0.45215774323073530311557737669033462869269688994778474252153048230374560514123464292729899313666683322264721545218271710230834353
0.00528036697418990708335058089496641722693468454898750459434774507198066059516713828536645820795957922681167667760701147137638672

0.42800213340496075916226466523491280228692638503265668519292686547164077784127325125150003673326866979375125212509193648346623175
0.00628435148313160605110758924820930426642658381765142229111133169136369271797589907898845681628717751376389261876393064203737591

0.39935103851099303885550852523959541054460024742836229847769421899382937033495646582329603177431289481994390430848123680874956405
0.00694867030709253498630303054488850821425518544617185777595457849761321939063381248305156345275595225262738196860143099632292082

0.36775252828326162190982033180903439728713855449373109553178626341840668985632984364415569953386400591001348295758480773066551676
0.00745004061766726458375659938909653444744247691073580355414379640829324762191884934694970879697607694980116295759120006704969037


S111 
0.98403544959505744016593547357441804538510572240391254194687315453278703564059678099100817789959604685174396144078809935384504603
0.00253074555558380092724288950276979427984526304785550579335923131282836565534877027805599694949826632713509048450998894310832941
0.00019689330164732543808709916784643843976098529199016671465511676339826915196962996895289983591595405850378011053847364837754477

0.96460359974127713272255109611703468198937064205369017629094685331763236063717649661859475957874611976701108637341454811104828168
0.00260900537302640728889542043142669868252119674062319027218870662187251765516854577577832607528092435163172692316157130879915291
0.00031376670810230239108892411335114639583451527753260511507514637581008887707999851051494859845666184133450189762029416463394165

0.93753178201406717293800469817269753903268655495721322953853085040034703021777103581380760591744041369753953872077552619321678655
0.00230938141422094184712915778993185658282647586808948090939517551994166730308648420160022579276505427809189759724546497201913459
0.00036922734785134703707688285622218863343125364275864945327769375784881400243653612025755143712395919193123754165982396223534042

0.90259623999698386932508326387398890787974076979917699722311905029003516371468014502940658667492096995296859702899542201817385842
0.00243318522271932837497356745562930586230793169772977452102897886471899008686867858149420101617415912077688802067792399090774631
0.00048106218540374140623994344488429456182677495579418020749019986656247266787418773860985604628252342848396461388771889329737307

0.86068066521191835762324763855469038362042077086101793320228559068700887341369884973077927135801107867475161252776088606348300083
0.00260127469117254618768894140233141635936249976668799684706097642375463927548710493148721700336168650586809618361275722989163038
0.00059675621709038587085090751067058065102862568954397603667816254626531050459738622050764235197440426760400610480656335355292368

0.81252226092972016373464398256647814058727054031200229604166503799219403593393100407288424794017860690147621224418684973824847408
0.00222775257971269514068620107597018747303335881139675052568856047497886380488116725907703793435551305496851175345247439164919025
0.00060074789519087568885595174557120835739411789184932316741619900744343991567274493970323216990981931758687849103378815393874703

0.75671360943368671022854218141872817571660720338923029121104639430036825849220676566054202981552759932086999664326398415371800786
0.00234702681282133208811816571522200472418810322624078504535766403819104157128529725898233782566013227408519148304252015447122319
0.00071027219067645751398945836727132871868687616174668746531898261819089961749489532317762420711629513218404113514913109777374997

0.69526960529850014476879124063002823590123222502614503631362927916392794540419362926798394902761665048619055175628519825473166168
0.00276522933692694993788308467485917549828946829520649630523367631768871298044741145046136755928732160075260328158859438223220139
0.00088568183583032218778391925728450060621807212338746152766917413668603525387281982008862359552337415418800888233279793384109254

0.63338653168334622378063175452491531319090340465441301515019667597865702856522884158887147274239282771496661853856291187134186475
0.00047274285519759591266243563406101240761133250486957547197670164055398365434931069110133916026984534052906647726416567021838888
0.00033078846236696249646808783930726056251236456302070620022328081552031927525734890274926780754046849049683630625522245584764330

0.56483079456611928285563922896609326391880348144587554969022788779179718419040801895657848564570564170919850528753347448069437828
0.00287467490543062688697814175692847970522931340499029882842686112908464826655842751486064500923618978789102011611385708788912878
0.00098310712140549003912535334192260305121332243840415680769126853503779248111508540408303765422678377931296487613563208192884645

0.95374019185179951368484012221769923307698911299223526926493659183373731683487057759391888803039306662943281917568720425913274519
0.01365238806281992623994759617277188353671732586599656532813623110229313262800212641412161900675987258396764636515093709143063651
0.00072320057510910123739420675638189378703755222960637163502924590756964368150223001070838405820452200768302167202225003853813059

0.92739595578972101093727266283470744799610282086316362329266872463833795351246834130844827695066527492021529921706606969181270952
0.01215956043292623146716982404430446547927084997393398416424532126745492863067260197403581168304440521609150006138143109744326156
0.00088366400366545917907794597493163367921024479916088307723282492336854530846511709468481858400886323157921972319327437394641590

0.89034025624131138108938981827056624960279222713569546312636158586367264130143512959285558781625634443927161746573318070140533601
0.01303705319357756163386632697785092078292236827471388310028792387500017852862418251694222245225776435974457621802609194953143825
0.00120954769598956970112442266238403798103955395940162177611816603883581164417700617820885741114944251920686067031614829974656527

0.84551134462287255030497425881446359441499887844168674813458522393262863589706547434018516010711046909341716660023691870133513825
0.01309007006845796306864918748067682082131703345611558864231327975120248123226165297483324138361331878923729870479783891544582856
0.00136568786087820801213688789110223929026315096218656245218647313489603306473924067089209127108338677799825673962650578207307536

0.79595248207059056543882238864899904337082885855514378553825970209630280716017173470612319165313444864633179370620593389512552093
0.01197974060798425550194533699575183355581261769657453999585855116109061089577743801573586268708222107134492514563738867681395325
0.00149573919106025457069749146616878857209106338621662595738210271145385870369306842038309447229612350734776350599107752357902073

0.73959267303928899854447495846468192777390763682540071357405150198721809351593150134573439608136591029733847988134484647985295275
0.01259895811078030164070124137635417808788043893393238417055875295173291145861929767368804324209527185426985273483577072639968022
0.00163720331803520139511041316847450115392166402548943051385976546962740584682193492654026276220268615670275574277453152120872842

0.67947278929695600698675300854560087095960438879033747340422542622502305420572459220099782996813418578738212456563662451119881585
0.01411519642724891217839252720464059614277775976447076254490551486465862832390357408473240856280861506571787580105429505004409467
0.00178015768830386180027960600820602340123194993658068303106150527418978057352881830512821721030800126905902549366732367187979727

0.62597302942630343164882914077762902054520502299982176642913663804749028383853550206547556500771427895486338419892727879366442288
0.00775036604470606740719263344846464346983241435061785089990936685025949733540073631253155059157319471629155167241207657405433573
0.00154444329746984865391932513347788124426083118737282381897935805401494053552324863850077283131835814564797858741846842522406770

0.55772967968194716322756318550685200509767951007565961775016503397048962141244163958454399690280752994714731827042505998301154728
0.01549680084559696500139550038012076397739982496842077205985521432890656600799411490123569570517635950806948261044077867462209611
0.00230860294506741959698584693523066157618955203300070383276125389714199218278568046497214268928228106678396290373323732300617256

0.91046232867792176795488113891863682744576559149581990601882818584604167511990463763841591018310435260243829634083002462890127094
0.02985504515878117587913747341089357618508652975288405603105594364131247728426472210203834281535819687952715233433785301361702648
0.00129407409539531774310567384484320692850979063160367497829149416976884908469484991642401058664747382739085852723584989873478758

0.87640014722502483741038193686234552964181210802884510899329252414148570446670667063780909385509148134415387825315908175640347190
0.03258815558849680908569754258675857805549821789675118900034167959895631743894037632598250420659363946273354467318951869915427113
0.00161331744668956274599398768972268857040409746033749132696599276290965936368436354014707233164208976670493718820591813770344178

0.84166811010257739467331895312482357254469084410008140183285561320238798484793500508497673026846920059977630504153317176041638740
0.03030750818201443509355018476175938840088022414285747713712599338160050773575687945135754839486433725439195652258229678853942689
0.00165840156171677873345727009093976988661367962958373302918831270885713470644420343902381223577625744157642063982722321196047601

0.79414666613822441004804684502906819068648064663969573447201658295680858438670857958661492970869315690610601460899001348451028944
0.03056212731731823360664868690756790129938266820255411118851157815577725226527073519855818511135292968615042111061746311161031352
0.00226175048436011304894908867370258712019050111913318783335577034622568222041349467465093036314386238835444035602547562698949369

0.74261434221249612248996059775259409669959813019002476648859214309685001858375834960321410017943642018252408698356092235895373455
0.03036382588100530729265613390561358398567374130088144086632466006519945091105464895872377887184906885581688160134600931843041351
0.00240078513015500311856359928723198568293588643261328252334121437943325614457647212369128205967490841555167560757484877826037481

0.68569755623574603480582711377071106423250499714912664566996944962421092586984280041271914490523567252688204357127501153121964990
0.03042571914832660478977680376503637447109901458655681972574599451153951939193209734726726633577258154197106864812165529745472358
0.00213380244257163946040497598246800109501344711276956373151018668410612053502628660761822093494666898634328267079837819945809608

0.61439936703244837663828334574906221044672388340533198155127694381105651041867058918571458647224655148956412104963161711224923544
0.02573151178640380990053001343237793995371437003099218486837536748635465744224251790803114942278435183930081268263618655707207482
0.00289720505064646395458015293639819623085625622917839153957346259936933296257726329816227680890786144990824856486143987575837502

0.54299474267597332600102240606002594592204812565953500991909619612394667618774327837523919803483334071457565116866503005930502443
0.03856640849117429777992495608712139251887899989504026737009174760102674067329897632902250927288376156332844643234194329478835764
0.00353624241218724213340311039046268500942258314813056881701045384634221515289885488845773941914119593604379920287043442106906448

0.84828796609451634669550587333120306502227972487997830626864063961001310372868956392638845732237543266507492128551938725016120679
0.05964194456766734405293171579640266273535952204149930585129415603904933327913828278116994571318975332595561480541244038429820330
0.00244833310034168037252989868286869468142298206107523758087868138632611249901545868555496174356705761022957132995773169516458442

0.81171021865928302766265282874771219468682901158087061686681846218570462207767520987533239659982238327654453333644291862037912551
0.05278849029006457862007963842791136122341833266983841575781231758502994326953877387109290533483170041797571652911799676350363320
0.00240508479548389557917121335403173602351011244280074641960895628386322122780130459148796141427549557191948154078113363645099024

0.75628649119572168486736224613624557964437772773967358633466678582648543247873058315550608848203246445287162469671265376578759175
0.05826406594397188430384343179916236230681722826426773794168240787573254280713545090863058687396099149823488976781706561334535799
0.00346056957160267826746475268233422370065006023953408239586165215766156209227734340823973499659788072373788915037060380172435437

0.70306468330020795684158154509178390463244566182035859290213296579445854533840356366890209621128942929365138096842468826146158364
0.05438684663555763599483989207486710361676301956778825282153278063088257767889404991957495898748614941665071347829190212027075894
0.00323270825606139036899444132010501796577429865200742951999043299799515665466973776029958421435476106881477935323625398546135827

0.64784172374567067796225607082287375671225906391922030565010865339964562737394735339130917026774225911212636832995342301114289511
0.04375175383840626873694611208195209312418226906173274217895699060566567810047740781885067375458471065621232190114760944583122714
0.00234355462102775748029134598500119997084697447783019723035886139346767135472435492500138525055066959324388489933070433798926314

0.58897688861896361772674216321179150651524853467077225235663039706160978245271228412478819727554698295489606370441679733640040672
0.05493910867793654751193704487839809521271236773350928007157466224723142421104041573051347709859697101937624322995962105241539351
0.00376620410324654375869026173684407916813363767913282246615150320721466959010920788461660569691168233769024983583755233504990562

0.78453092901472245473804550284626759126017059943909197926205519747368201455856095639733228514507714330158877269327987940480138089
0.08191832281041387634553633434791764243208461661987735880763821059834623682210183486126783309174991568959597667383411086995804625
0.00286361157082034184103045814674633327686965807804882627472470417320167787375642287667495403487048224032029097386259988656018983

0.73182159315160112606091991947675749479461101971859530976967617222472079818524254999121092469093645444404856917401249286456419228
0.09610146101826899598734121967822287949012149719776210500311813597098434776261092525419120592349799024309928535084861111598864881
0.00369627236999894720501857812192874098925848319098232354850728715335749535091117638551597962582375238062755562895921784300647804

0.68832397590573220860208642859626206660748252809798820091367887109136128610306138305230389088506170585463044980750734242408135620
0.08799376764601221483335194241373587786468119198918831728600068797996995038072950846583912563664429356748084431580410053238875663
0.00410266316143932980769783685972429970880781032866766714078181588322492835998569364229188263198460101372633729674402159615673986

0.63962209667544000162968958559646383886746781614818481499547558727474672512877534907535368327070570539373504447824945807105531662
0.07207620672304192718028704561364259268880577493919039762141435134595975382634833342602399245219613050247449235046111017611917861
0.00399706467922712458059897384132756524921865902179677319364855061427865431218915085604208142082917057901156093493058070098412044

0.57058909519905435912719006777900768599708439304841522489209873452288477552508471675730079791372192017961782653723457070116065011
0.09213401096611738979886422780717060212350089796793281528849984947408574980387920387893701971422108897321954654746560130832110447
0.00496786940356811787722169377126519678307380083275498782301998246960535282707753618344173960376005881783828985832261427324818827

0.52032584190820986016691955626674686484480938992953921795316569176195335709683457360795328143368450439369130182319948938787642910
0.07343650956685444102802280395253497909441023903281574223700152970330247110141933313815794053707066726582302170223273004563502235
0.00465270709582014988964624798619147565015293196396135693042640035672736310919322171271393378601589319748557931063859543050079640

0.69430430150055135396350289999805268824813072065129949262457397374846282272672977657569453542736364149819197143947144691783478601
0.13670854885364547681931840767501172342422302170721491418862691980862717371353841039969961056154396921612340307103293464986700422
0.00370237396467736246677811946459594139026655583968287000154791260111447480004625384400764049108337312003485739114324270757104988

0.65410891201803478154690240854162079594452666265524682748095546882954574042963252555190697603346589380679201339708828897230395619
0.13171159910391971238422789856459036820502716859926943848906313932595811966984270188588905524817409633650182714980147459154922639
0.00442760642046724272024308800138563374291225984161825341964258837407128577714889539780071752301091048968597799396732073606945392

0.62164149773830832754800491951213395364628507520545404729364595669030656052773069900737249707789994705008427055806759160725754545
0.11003850896823450422245296334483693881074002182993118803592738033093597476278853127741078584913032628275064818594779510341345531
0.00441150288661483477055071107016865065941916221184503365122180330811417795312445864605501194845948690297539089239713221106560567

0.57747118737934729730665586362119946994407121436822259411255680961754478872239796010697196966917368115027109983757354962701226093
0.12761748730667127479887754215026544069598333099075453952273587344423888151945190828307011372510671175934274216246364372655183783
0.00184307824922219826333852198354772155758672839052373759709067491328053971548058032085029364059623672179585363939323261428775981

0.58903767713015280579684360465083435471538287522911157378121254583298029078505074733604498712048019778184533370684668325289049481
0.16431970432326312367417263020277200824159496153247011917841975193929101537728167104886838995952430799927146291873097027010349360
0.00583804793605066016355371531520159906915677403871491942662725503871767042835687220610561388717049450112907269208305167527428875

0.54184020878607809237700772370683149928349519005426998960828431010830477201235833242375994951394139169264750966497842566485766107
0.14311530633527807849776786206265655784932555358919723433149226076011578929774734237490085958689038534117997584405810921192384812
0.00505245562424090360253952753347299312127393128380730197447302433948913135616413374800681382535319441427973952658776355152543299

0.50104805500532301354445262056112240830936838223621381016115857152333128011059063647699019890065337105889032289152936218961084675
0.11790878058338374934534360310512667842649086740075059361624540966778632159156073814543817452001432351854351887806765218792704433
0.00575356579222276009691110821972675415548423526938844255552070354125993837431891949648942304360071473453269695565203478822576190

0.51603237442805532779145457103849111373344181672794014945472613226631295710244617403941414229578325426451155847468528158244551233
0.19674712209895252751017694291607463109572850533142783626400896521161613537873337058792884979203625094483508864189679855015518833
0.00660525306719605093017928476941415346678776673077912655326311724238423143355106863446558547451769234515580601022878085352221313

0.47207471325248943255857080160403746029080292971374581203359286243771821654127728099214268413375608250026950900341932748829919649
0.17096838077785468532605542781397216672613699690481186140988519267691433438687722112914514502300443816969349477786851921023262961
0.00648878498975001771956431281839445944853129831765831079559342020180355812292476345252837144014737713651453124829400201327651406

0.44169564793966789432219352275732500683924226322778253984165964680113984774383301938441662009293766734769992486881983481816692991
0.23080806539110550133032713640927235287394914940629781469549533110890772109796864093359036515621014962825836695009501710147289346
0.00715033443547166646126482043960991848693657601184254573172068288345363019378355014980108423038073374408635376086757445603568825

