centroid  numS21    numS111   
true      11        16        

S1 
0.33333333333333333333333333333333333333333333333333333333333333333333333333333333333333333333333333333333333333333333333333333333
0.01975912976219940636590745192584600097135581079192486647521914845053267305865552151457163112881806897978594878386290573383496644

S21 
0.00706777959727707310593082087862011529225185391670725809939024209812466817435598809547861027865597767718919335339226578323022399
0.00065649892450412338568476319530828886919388315395227147181441891964371328023501925013767753447170364255291120006338452591913456

0.02927390785142622372973713663952902879251830054654171110916679456303306507218154280573134334006024957560151975318428282836896285
0.00231202410865660111454432495930474051390643347360274197077337163707658243424926313067353656851727659942315595290634066278448915

0.06738030659861245215630312252461288133749193325387507617174890541353566688827176892401066961417732255629403047722740613740567127
0.00568218864874085652978036773564170018365223459866619930273257083182864032148051218944126262021557138156842316927333320575238566

0.11027970761066691744399093435779424997826963956368435109101705140489410956625444336890111565735641065349766404652857874060965122
0.00932609317962876687718747626992634935186732785573224285488104191588280665257764455081119702676456236479626770806061218343878914

0.15938062639896909264106866371591741417571704769717474261167513839154528915047983502571091272460720540156417205098870683454489705
0.01320376744255089263504813485264636888995767930644350710859336841494408654170987734613587653340036789535658149115117796702711014

0.21524975059317193595573006538580269941753530944985349418602690616530817842291729588284404945033021920753316677044230997307533299
0.01650934808191445394558775690191239189635509526798684452451045030167914391476259615482122242979352414781078853324094902999977840

0.27443018949152303194398912748939443640921798951701039356579138070794020777203247383002962340948466682463617469564961613336881275
0.01886791780112598948701965806700136385730513350234058965260591503342538454688425878192163575351769871816087445112305478430901336

0.49486920165858788053096480751628937906071619762793475389230312873612235129973851348728390753157917121995024853798953173461746055
0.00498968565649392503994411194397213161466585604831332380662725936430462469731461480777647418177696613239476969657656239297793665

0.47127998210608205426426675356157442761825307679766458781839734100206850535018891597811617803264296545435207619856665518363080067
0.01087495468192672400496731938420318517272347406900021850949922674056200979387383478708059612590996388141216928798564247098139378

0.43508728085353222442527750013220950524215889792686874281294010640420078514555215161126469954919869534971781058877503965700855791
0.01578493735365207309919945651683324917581266317879632816027987431588584239772320739779524652725254514866711301060435325557950089

0.38798151260552256389735701380105885514847376727501251567939894743544714008830283170033695148085909877212557347079727583589468948
0.01876828415362222950719804743796982699122779549383716109379018493720124659865727071267077330039881719995110764867171325613252353


S111 
0.95739769565261298827165108021075325707250991323253266725977061602128134739621995659374512328623061031282366025365507499436381372
0.00511552409402958016953410363672082424279754174593920265349515458829980620549068789084995940429340532885631881878696351954962309
0.00113163807482645699590093327300635136000761359309861859338837956162484422142179434514793351383095843652728889862560749094897977

0.90460146255271324319058174458161383634752953355375650300089984786309117062573969903741438973880844222522170200046667016968312397
0.00377366844101489190607113894109457349712618330580902199783551322473175215831352973999012300732089135705916689499078580087520464
0.00134530701755072269537231275925035749765378312329702061220665156096467331311348466465175905120962931254658780580270875511170063

0.82692616826243401830528707762389729807318567066455497897514510241385594802339569200953468284049362505235497974428807790544114765
0.00575857917519384112072959265778393375377495957501784807850338916140213595643545194010229537228883413058449673484503803835567127
0.00221474504673158962330539814616679760312516554826965134377644657652072555817823151878235074498119030401318217065233255640373063

0.74529122955218006082691494711452594223320164341921013800160141475293237997532954259456224285408467142446860823441072792807583024
0.00283919800718708103197071640786731399579169250387780627813215463958722853997546249400510080996898217095536937640307080210857004
0.00166291513408210878407261001565268425377284650171455878676293497797804537935988806165840524301466279996803749257982185310537667

0.59454599969698336969191724189929275319093332953616981318088417514114007140168726289855215008682130274563893318041356072681489223
0.00171388402355969066689094249805402949292423928468678810747102645164344407635712890765830982761069924187253777956029293615258793
0.00171462248044168851962595074542463983584279066559307300944416712613956179675806501499709268376763414151445194551303810790815155

0.90190037843909746762867074843801890904757449582959389109744307642159716865486291681289491929577914297995521531583777097361301721
0.02472962738740818345929148887374450577484830203398484821940081756452366558335661280897603428037515543525796143698477473843572610
0.00330240627676786063623123480056255633096945736297771160986580134244377874542723312073569036555265857674330078017466550913244496

0.84896412655141310319752364164142418112973686565895100390691725788968911079480277918531318713597305248315888876911175299011663829
0.01956022773356851390335878628435622072572762475474774862446387995388680173639875854856310604800860514522992104701248902691044076
0.00253591567138467390970813661615848590595300462981368961242813834310927840324197162397437089100194166216794571750013412235193209

0.75334312501657833547623738788204615666368493645252831627723129141590431749120226620341466981734066184483590948334096002876157722
0.02720207237899426908720213454133105352706290660523237945525744361814660312771027225820853080658596570008622007160128554621729627
0.00666968409182757837339253288246289704066698947299240206449731237859806333032808955022611501780788180282253319424658277635853750

0.66784390365624780534462037294770074323867015754985159868400520122870267224076858686029356232984244050109696452212737113458333200
0.01224696738994614882937388837378166921158517139022229966188762224462226903855208407210641014379582657633146212561297975386658554
0.00467810945134453809348168602541700894953452439841427865735137965672207726675991822009754108187184333181884692718546983841518969

0.81597646113509312501376519878939134170966776028541289078444567915641755049727180955178009236571833292934067850977679665942497270
0.04962157913139741146965001844505753554076898886197907045789901175237041754374686776488127326330302118839238251422933109134794210
0.00648938644241064763734920123112764086396286015223899191640519706305743113681666972978896158831294411847634617483670945543638032

0.72438856710418343841712426851572697753161965522386688807722243819909410636562198613783079899758354472511128265624262950308778465
0.08076728631686421487675575656935415419710807970828662892342096113465217212225777998442190840182026172582215045099836194499594238
0.01057288217038628670197731064656745872502502685799242940038746357882149485389987904309456299119078283070677234246677109183790495

0.65348396538666896538147921833547425264210167842317746779863067829366001527979869346530827927921541715579963361819797938209262741
0.05321904119493624741950561412717534120089455637854052302251005349638032496440155705146231303238868356234151322911560307450890082
0.01013720026014777464865852118204441778296357201302376280607541799461031075340016044184990559702672100662803356827857238134262937

0.57055701216108748182807943012266417216405382370654764283319110950805211325968121427145862810331778159959745779186321594899688980
0.02975699046930368648392918241254736951196296196211413661156129215114639439641231990337357289852646414019455786251083200706708476
0.00804040518515370939419663154936900358032896954028294763693129309277128982643043297477808683392870357619197591734052447574149179

0.62021783416062356769477291835030382761000713223670063021998177089371666065613448582914649400865757208093361762577954100805282004
0.12379201243135601608256759368945686487316808328006125621817950781961341234520108318600760451644150403401927751266294840640114203
0.01410601078890307304258393369880168314748336725607650490986710728327794510991693160696598441165370986883696063941027933823297668

0.54831286738402029235349541125522676200169425105996552219122287230089531586687915288626706856242476577181201507623469635653260570
0.08901492995223209850422686504015366479981242570564132978368313601543300083747747688432493539577121459203586316094671734112405218
0.01326748723369238742216693723387193524664004781539394215501756576193317832228748541789412855653546392604196707314030338178032510

0.50578520377399319337464357568823438868677378970443904918560813983524119893996374195167118011238419730129744505105379555774825344
0.17259434155907423443564833920178488931658736587144084254410386343265662999543631084507402342455481296075292651973616899526146847
0.01701691303090735131457805190744861678917689129583055824500437775345481588314979485829575693916743091898436348010743270946872626

