centroid  numS21    numS111   
true      35        178       

S1 
0.3333333333333333333333333333333333333333333333333333333333333333
0.0024662527879240793370711558643718045009457623001331188831302072

S21 
0.0008223190935790283874106998860516522946487709740886144884967721
0.0000089005395434140017539423853202746216844052860807672415787510

0.0043129421768461368553970624092698442514649075744121463778114879
0.0000477459547338092194889632575144982559755500158322172845556975

0.0105739416849414526060855131585564563307837588887673279026316899
0.0001159968896957285214419312704511253719766267520387849619357519

0.0193854666922797778355907293168628983485108705448001685501928399
0.0002115497526079058611341316206576240182317586439015841416627257

0.0306575874821358271827461358596007231335440801458731897472685488
0.0003201994605379796177113947750571848323101344474410642251551962

0.0439943508905273943293895314264652775270235636130125398694640206
0.0004451298974129085403582160444677968249959059382098289659355869

0.0579995671649718705298216195674936325424572091265105266829687651
0.0006377534983384857965038541306934239893214194974456066036136046

0.0766052316220213835099850519697883151063413612323371456794452958
0.0006319375562915248156509643224237337381727096433925797956815074

0.0930326475018115056065794729777064436284381429200026286804392961
0.0009339947183462088302308354828038194765214690886851287874530715

0.1090293416942941935316753302990977760802173273597775174774149758
0.0011931735391764692400298240763424963422932094554360633156294468

0.1263607101802847309253565142330717298535143796647895823499420023
0.0010695745703146233243461972206600460104481371595966111204946537

0.1468351759739089412973137688317789944140345470468358361775195986
0.0013240385532405185178266179611394170472165596202955287304644049

0.1659161802306523278399319947067634394526537779853578063774291883
0.0015906626891069600832470054501415622389673871765098863723339752

0.1862568618207983810458577916634014322413606731384879706867289521
0.0017551637518037435127225048889722602915958142185508270133523157

0.2066411034784144659967316182269222415454285570348556809783686634
0.0019772404549427139846946497970469510163092522843906681785385352

0.2277084350028058135134697413175739649524364342476341781299869367
0.0021227900206633577768868199413644653326621321596603938830569354

0.2490510344271699429854355626084264769435790616656934483646082909
0.0022423683405713178707311394101420658993102027997678105240078835

0.2704615076981892077664399438975239776767517645563884279084761503
0.0023383275666873535743419239715223200286445099391895956735190429

0.2917632609722601922529467637606417748321392770971123794169976403
0.0024085884284161293547909532825374507758920051350050924913085047

0.3127771070735016070104350573937981391589715955264753672349907357
0.0024516474815350220993918246080904083670731114918575802295346816

0.4997463403230736221971928844732723247144114499389588788645941080
0.0001188887382381253068278038251127975077422079863537187651107647

0.4980108783340132543054408635247518739968923877923778392763178195
0.0003404045627508392225313185535093929308806450260528651531061939

0.4963908048752324383986489017435477795997621773016502999840621289
0.0000509184944621172734214178177900917978661584831527079540942573

0.4946009869832878277936052193668980892324973565171532436255102578
0.0005737337643962410195414601207188374282008272047689880891158816

0.4894913447042246173944243194257892545867161816996903076402325837
0.0008503903713171354252048449778864363207007966557524605050044156

0.4828461014805529975479006215248862108855852379262186364288132813
0.0010738040816123835271846799564316419771720089021129862811203790

0.4742934528786528047604222366857922258153589436366902962163274394
0.0013367568236839738305236260556272253482027350712005441020179832

0.4640614726785374004075944711290007694155549567470916333356200909
0.0015564205517061604256509984867947318070877534827841717451390471

0.4522149594313452061431084292242576536143460498462412159157559082
0.0017594424981134397759870282648222754640852053132903711057891756

0.4388259335458364154766168718212499363214826457274389986934575616
0.0019380047617155120470719404581294586713632983456685480617466424

0.4240313745921145809890756559958789820691905379806320615524727744
0.0020952310640384586928671422218007731912799468045725502615475756

0.4079553066303212922416399217442751040337160592679361496744322532
0.0022270218712182961800134640719199442232489903945214444497666969

0.3907192006908260586741634715484293378365636236520465901227450884
0.0023312831960591271876973529518300531516862305377054705471618986

0.3724492832683069312345875578484414353709254533485643567069280649
0.0024063999363889870206463391370300723856352408162794966854273218

0.3532741409437875125661484439051272234329556496031536613015951644
0.0024513744306534709634884247832120668842420903041716332061429730


S111 
0.9948547560233392576813011130627559360955349893709849033724528682
0.0008190295179176333323297647218661296917274817691822208988699463
0.0000205800808507044813844624639676573892184315540940893837143263

0.9885724749212545700207947130387950649386981737853281707663437921
0.0008220782524891025425855640028171709025689680989198887275412290
0.0000322852248972615477690980052478369323836241716924796481918115

0.9795687939870539564827321575963627243120163877942166348981381583
0.0008054177786429119383806893130922284128866963821501622831701543
0.0000429087843701731071053998075627015835765723107148226814621264

0.9678392847614668763126295358337528338062800541381060328684293450
0.0008202098704001300753153336323507138339219566943174794795385383
0.0000548377299584878166883543518591074888791232220234559400361940

0.9535495897712223951616055661834216614949989232768062187222975114
0.0007630110879060592209871764308101861692966393519242547749313640
0.0000613662981268836505389584038707986895224232937768857057948807

0.9366606608039524873429507225676266779004404896418155979624783437
0.0007651110064126143050750637343262791952562257782609745507331947
0.0000707667971963691701379789044761542910448561610790865885052007

0.9175378091494283546168682259316124281691761660272683485716706470
0.0005623337432097047461207861060718368905460965355052890422403691
0.0000618358508908573787745727061084303336851931125420246862872333

0.8955768644200133893107945269841000120730164334645783941305160974
0.0009607250292914406091663982441721789849681629253245225174442001
0.0001118480317924337712302672362287604236327182665674673680735086

0.8726480336674523057299444025409923975247912866775765867230611268
0.0000205616120380607042147949873732672856466059436081667808871488
0.0000340729660200999597943718545907446089694057588988145772880035

0.8462573573750014481569785746080786006967346827864248973501372729
0.0009011394508011497490755436395815763154566707352352561697851394
0.0001222475972820447325867520704193029985274048809595715900009712

0.8191508443435004082713366364423606107458455409021815736581888756
0.0008206006308340804913194055169582058431557288764031657754375786
0.0001162104241499026412905179145009090478447262951533950659763491

0.7921445346814593392350208817784387974733640307571132783241098295
0.0000879824200796196874805706932257501347354561371700055185358424
0.0000410334455190609090757817921064494307909605742291662247576269

0.7651038894734756658725495923262668352810545101195933827628414351
0.0008959784920847608505535733748135236442243762992945787551870827
0.0001147886580793130427376504471846722661779018906759749594913990

0.7407609222458699925935595719864441270020661400461692888810761491
0.0009132482935508902273215824016508384018829840012791670316409754
0.0001147919751151005064547168764779801213077304196899940191075141

0.7147190934122741594847713762925640942008111887104805656286398200
0.0000986633106404438454918382876467297858167193487897619190269424
0.0000466834582569299196861179192086709075274047777427995859698967

0.6765401867953561910767677658066411715989422327476377023905070459
0.0007959186560542790039249462935153434619957521208570521668196389
0.0001388594097548918662869817914872175448237459749463712541014061

0.6419404733856844056763278329678980667245107268469472571054097162
0.0005177860601824677899317122679794138255941832077785533758216811
0.0000981348114712891842875107046775006621957032620429138621526502

0.6087740805095838877915175159906076051134745780037211169688326833
0.0003971578203742268297682530153598217750547879727825783346518560
0.0000653329507627879233253917577871666968323935711140735115358349

0.5790698189789359605946154451798720272319028160126763039748150516
0.0008584734676685903207867549018826204341870649209958999372910067
0.0001374859176326845279737654494108005993682298784049764610931712

0.5464999050679966239128185907593128769253270522610355117509365653
0.0002008156876574772055774017510654410487602737403833652385766952
0.0000591014370078528625258189687318337585607679004066673730423416

0.9850953421758039932814310386293416576001902844160394845489140485
0.0043202095679565571210017774701994933009607452857092546467047014
0.0000747270188628549029668370072760515867374811013332108840746604

0.9761520750351192639383274361566777125387929634466105554806320715
0.0042482123258516876011955886098177234886560780301115503941777279
0.0000999721022981438300053573292768175488527869022467557094244830

0.9644065119018385937369296687621928442779657407637662567525259675
0.0042991603402098945221114623968544644792289943039596452521338663
0.0001260436060501737807911045855034903958195055520825348520865207

0.9503502998035769118816487225372758345163828126336034670224271586
0.0040540203269497541558773524170389272333050373407167226507149576
0.0001443944580744891848797436049388079709903543370976202896329318

0.9336438154142172337046170344950723059213577404881456534185195208
0.0039441182517037182929366628034985488000271302031907885629828012
0.0001573513435651769212934862316725401770859141389835637851182001

0.9149496868417876793585950894700680179468854102144119352958119022
0.0033665448682960463064482919691153203548608995154468796178807961
0.0001718957620026604035645575120132318912485679997693791299003015

0.8919245633919175083516370762574216614748185491051191121228016816
0.0050568824329744528385484514067170750776903093019295103618771758
0.0002581644161867166930217373746479862848749864433194411397825521

0.8705770290358486256664371688003531990050608400389947271253079817
0.0024676410243951579693454267088179974623173062268799512090283900
0.0002025313344685162193035640392914513274648798686630997170320846

0.8433159320921668582377971884289198115641734256235652111300584645
0.0046834384819134430863192490726082176511006135606127026232758943
0.0002725067923226098657045271886668234507414210814898432837493833

0.8166731353716059432595622841896953400410163250726446882174360566
0.0042685665596876472949024205093551147140548307971369962502534115
0.0002639223073022691129143161471380471019022984906510766402672663

0.7898784654989652376085172263105903146137974086449344571238050592
0.0025197385146237135384545468944714405522220941198623015127006823
0.0002277323977547198371684127976675089044085744747833838142863344

0.7582116196116307872089505981388530815303916086550650682934378777
0.0047766905792334479819907727604642112369306818534458714509852808
0.0003318240096170845984222388116414518545804296175363764810251110

0.7255328995834140281307121638754203883944450846048219527963372847
0.0037794862736979056268686050502356372659007911298093493738187615
0.0002761404277269310767414270859895816246611620559992101048229915

0.7027809545143058900104256778429303366653035154851592260209782784
0.0019359350087255627682457411751947777035033863166598868470620208
0.0001703929705189992967657537254507174669093719737567164301780123

0.6817736600699200768750607953418200582461079214344216389114246820
0.0051632553702754113638830356111550554716677637954806508172945096
0.0003500424702392653997720689158182983677773379867721443689405764

0.6496971055894419627311675313841696313175467028798190426056216257
0.0034024867779816298181240724448797383588337881057448992758170654
0.0003056171952164227185868634545561899340421641012859098518460597

0.6132643864066946086593583478398362604785963116550143097329566610
0.0025810851875223183018659571345799383648311087351740150249529180
0.0002512419809032259451200385058699520616704567847203577968636657

0.5667802746248102147852867491044012614440998210924493196314495459
0.0036611137408698505978127879906169032918017639089241827615599939
0.0003225146576339585444480072268539756179844842468405362320375478

0.5320075789971707958783131346597903007487620440116302862463006374
0.0018767372790504991571728650693420209615633067724410541333797226
0.0002283367098791779253703428373057790318287085215782793263717388

0.9700162477523912373673844998758643218162696390026474096469808211
0.0104480516270413289107261461289106248317938457530960420988185443
0.0001560211342983002919725240444182756969872942804543171976100042

0.9583684860920444009661655911995062026835961076182067382506310844
0.0104805864331899600537583891655199213665992390802555805053633788
0.0001939388787683451566092507840226575730644943177480331530286302

0.9445640743950401278991197225503046950952688164137200100381648610
0.0100642868839067615016981681126572718142917007945129402985974842
0.0002286168620163548066880407876067807479209287483464500264694306

0.9284757067191272621757791426545879772544737390212449526953958889
0.0094237977585087253150872459294956396367091304095205979728650976
0.0002363566136622689074941727737343885936506452058680804015075888

0.9096975636235505806207052035666285910120511081505478846687788399
0.0090945658117861961613251104827104398743655095428655227402127673
0.0002937621664191718886977513117630058581392021358595828026466393

0.8855027396054780716257828769394585568514893817462259472051040106
0.0123844630159243032092969176417758430886287734474316323800039372
0.0003959734914286420069689008668076666238852872380448235980630017

0.8656740443399649477615931871337151149493273004382399392973464227
0.0082300071843715716309498701355606222847661807702502645537039048
0.0003619086266246148292563141689445182962129283359533379023964222

0.8378703860573664782069160555035125652411537303951290683783892494
0.0109960782598790428216435165651892622870037892168130624562927887
0.0003744765959920900369247643659394940009019221825566141597240823

0.8115065944373126653582014124998098194899463256357005548306362547
0.0102618996443823547723349615485846300836435859478810110713169354
0.0003973177688240358626950528218543051685808136393217724664390650

0.7851771710314383511647361953839218223084662666794578646898756789
0.0080051002158531373817090454602830279263032778717846793597498019
0.0004008651348951311961306112215464303294740575028880008865938309

0.7606240585054355595292978047359846297244385313984496484236243385
0.0126583892302566275295823252257779589780993790978802025925632489
0.0004289442954037251419180226378812169438501159744561137021059659

0.7366965654838387718883949593949280997141529602110191184345458772
0.0094508251427572592631784986855603462723695530170998582943308739
0.0003615051568771011176806713783766211093203112450288367015020989

0.7057217923933877003026310674101377575614940157086132222968323273
0.0091072231201158249507273408920828559334813554356520723431407490
0.0004701272203079441675320213063551690294312373644912451292777848

0.6610740000085500523188850048573430134053196703698362390855469511
0.0100499473491386901158249222820616195404276626628686126755170361
0.0004124226897632563494652281488339337374149019011915746309388345

0.6295111756901164816739489747178653646094391832910815042764838664
0.0083181654858974231372681326429603797547630982889326464386770271
0.0004686059922999940760978528674771076555545773212365564460680079

0.5963052122650170244890858987165395668241478376791173461308746739
0.0064480555221174380339896434545499598750022803617995308058360673
0.0003819257735813307605594100391083627525523980364701531910496678

0.5657736613392875712562091074400421705770877890360053249565462499
0.0106651516697138564951720482478202699865987669934272918067098102
0.0005782824794838228142134094599112855820220093472841440499277688

0.5331837672434433907074286977232891397047041917704911466878140366
0.0069167169585366222974422078549288509903580497918778189393810014
0.0004773594854846338687250210580330372974386847473367081854746176

0.9497327077910061399332416676170656493851439443356456724951460980
0.0192809422623850028756549669604224556314309064309076521470752844
0.0002602580645016131086799095218367676238409745262039003936609521

0.9360443255438696571045384363871000726066567191554648192309647792
0.0188078505082304242017192193908100349267541241682714502441729251
0.0003103916779440293813741928563540927980580664080921274140663428

0.9209709502544543730800101805715837245828136636590947950976548389
0.0172278295608647247880900565722843249526397963313347775026286819
0.0003234034239451305572202772784158437109563928866959892882757049

0.9014823560917176260621601562575054838030075499054602394201382212
0.0178916039633457212084220477535503080876254176344174236424067074
0.0004107873788879967480488823070841617879528704286324036987339351

0.8760330482654753233754588540803513868325135206233981627739080207
0.0229857001867537879678595599487046845361511713959538012121449126
0.0005271377480558129686081057412689505566141104162238944682100367

0.8588797875518439087625032917046566761865822827749997456197684111
0.0171980043960271793458070239798554936946655735653995435322340702
0.0004791341258280859513220759578445987034025469070313398804252467

0.8376459352378923548958512802025489395160744976632802880844686440
0.0177740156581451060499776993151466551787148600978388666242871463
0.0002832462484984640178500035293223071438667470205770167497994044

0.8132662674201660525145595577000589952192881471053271519233066033
0.0186082476460150471380996519209210420437764604725466465505498141
0.0004407584018766986600357577570617750083677603953247309010320443

0.7866707102017503139353347731102974078155972246127921890685150322
0.0173217302786823785920144535311680788036105785282742674394292683
0.0005648589277484714025799837853717183646784741725874459219578797

0.7582922715540425145148936911590601645751748218812422493413914578
0.0200648313906599010326971233445062314750117963900617417381034150
0.0003920420327929610831983876776737721919016790948600265898046784

0.7284659924537488351912999671942335915749407744150932701023009276
0.0163615534990835393820181942475049471072808426702399875200230785
0.0004625307302075882367310326213093469525988635690705789881389496

0.6991322597391811887282122651643873157666156048023778830792570489
0.0180233638704808054871687099070353511527794268431349391810837547
0.0004776558112380660041790245932128405648892303980490021447812276

0.6766741587571682973359420024038352929093891720017588296350222051
0.0150403213075467137594131639584749008845510809395095779910879688
0.0004847932980556765431624005898750840757537190671533620202980188

0.6383559055838647152705855815605934579411120514013665501903895122
0.0163533601752208171266135364292233476185146212548011363364005108
0.0005021671125880063341279086179004147957511045265857976953803274

0.6004035634287272815859364987599722234729313085498584588213988139
0.0146119308637252507687836567400720296562498893248989131069851905
0.0006950528404442493304175534037621967365038019787161968108662553

0.5869406569812169098542836538342959536176373942873802109672196191
0.0244457785417504757845536260235808087538702070537000030217629802
0.0004720409085839579747969677875270119272068553878933909410833557

0.5272856059982083069151750389325924143444106046889626618615856631
0.0152693779066345985639519099094495725905311857562450018710167028
0.0007131068512496808339824407922139156225844724828517014321055386

0.9252140290708024467295799786305087572524996742673100378375089597
0.0301928229447443543886113797972010534139811309474584285484029968
0.0003835003739795687757190465627807282456325973108632617780352893

0.9110823655765764469175609210488645357694528097612130144200018765
0.0277815781673057837182886019524059471073375411107249926649800302
0.0004235641672752925237079385689640497957858705369951870377284161

0.8907518842936841264740441680809861686683860391257984903472952665
0.0296028997604158508527107723959512355807473634961832092203465643
0.0005135717721888095236820050832017860851712758094827732185909434

0.8480560424532928675168509882773717102945198601660596148190919603
0.0294787970225801862219804056501376334558318598661585266548755834
0.0006397785635371364003779050204069018920645790376115560517810585

0.8267029140731021454242385025089754989835185198663154555607502031
0.0260943234555442075561397947390905256989459061607315914886578354
0.0005226288555924480439015867655112262271965788456928064355647185

0.7962089909198601893030719749793691169460808610574250845455352437
0.0280643472334082476608027395461802956796526784812886315386960129
0.0006359795345319012843517415553449782326430236519562126589669503

0.7669915026757291281778390422490530787913757645472307936807732392
0.0290023536046773677891149282382569465615620025778666087425597190
0.0007061760005197388601840031027806158951795287710316885857481567

0.7145425246749424282774162364229951703769958648102494505986148644
0.0363702965647180367000406491453146515344947576956666877420033879
0.0007949928165947667911840560962008200554215361314148013095759645

0.7360798468026507870135791990018510306096701161119484086876261134
0.0257454546308154025747625304410292347731856871498132785418754401
0.0006374567862203205527385933139000710875640211458409611100724572

0.7096316267370613085793286648741071387107765329926859785050722796
0.0238243657122330166038293116694273120410052743772744121799058585
0.0003575912436556853004688374091568837207823358429403847832906997

0.6613698693290677078398657218325715755624949684931948788020326594
0.0248453614080080831584984300064781817171521907381958454850253496
0.0008393579222019711295586337216033217175771736275130612893990231

0.6267453672938793262963377948474302030356179972129520449614845784
0.0219469825061545074535854665690695203696044878200915258089679618
0.0005080450591734665834149015408235445233942752439690333713000080

0.5985098297683818456887463796926970122665353520155884608602220729
0.0282648196439826410447373786864386365777983500139099866204118308
0.0006013388179362634853682666419747136280324477627596524642443843

0.5602837669884955005111899564582539532942596261540062259572057940
0.0202792243174315367579826980874540440455186666880517419638581316
0.0007860913752810498589195253450311812363409674458889511699446124

0.5228941008103093319777377717840432694252153867117274583514127383
0.0271108194824754604626566612541728623414778303916286051762434018
0.0009689810059877279312340338798577755906539743764410842675933080

0.8985146817110992596958810396348027247542301594456402543822075856
0.0413122649507997265597759522968115989704006334938646225472515918
0.0005153204286545650220662568722336240149247839206533107632840928

0.8780805899617312727695317766861198033803085207629114955598238686
0.0438530638879314483650428089878362996532402741357764809451068085
0.0005873554600907983479640100411760978491100978413012555327696285

0.8639341065687590910489489268595550921049539216747070031724912859
0.0367509944392708634428797747485626065678168389431502715909950898
0.0006532504473055270990972334591035541077948874651090808578839263

0.8335991455277057371143056510026159864856657454907778056250312408
0.0444713675948966582669578536671998148021434314423595629367762972
0.0007916453069242879725356462819688470223357851430278854610150463

0.8152477705509962601396091814064325300639960895310524287555082817
0.0379782799386134778916278501178529479280394993661426724591610895
0.0006766672208931338676798807785885905574448367847280266478517986

0.7928031471113379687368732220335764367462730596379634990839958569
0.0397856061537622310705721711168856538012621650583023255832987336
0.0004831677648905840164762416681959479237770326608989095219284863

0.7720717456903128852607332789679274725462894550286514640201918829
0.0410409239902322865014584498151788727612644529279978812026622264
0.0005886177256271909745687684344314646843133363780366978328101321

0.7416468090082793588672627447759579834138108843097742542335491017
0.0392974719073503091599710823911846118903263631173795563490263498
0.0008040325602870622124871065626561984830732960744644779058686189

0.6884815647945907989749283032479475348664101895360764340767365122
0.0307517432409179875807098019074270774202481704547210596359396311
0.0007954099076229302702100028869150752700693846608329280833961453

0.6561122109496047678081093478916883637261366491801542994503035316
0.0401528723488378130009952813795723800027921193025993439057661533
0.0010503303382251956265493015218184035252612607672860299674201657

0.6270601499012367715584883317350858901544446943448783766062165862
0.0338285394630439728288496015760256163375730769411412863141459601
0.0009697726739939962347028431813792969552710756570642935388887780

0.5859375438696134742523823218445138561474847541410651018548677991
0.0417022738052451654922127127508068394032480805105369697459513581
0.0011586764616411408769789539445168182234328392492896529470441486

0.5549127890580072978577641742951418280312536583336076297295332525
0.0340438335913878030846877877750272224811261400058115006352173924
0.0010865669567434479469765958530218941190948554429240090378386803

0.8636387810033167457417720214553578228810136063443865100264111075
0.0594811036061303231598139743971817507568472384769700402128728641
0.0006547206967396813164337979595079398464730524048379365258698828

0.8486439982926370538323097715201411405198056651087632603216204743
0.0529680999141916637510593907140373866919848363714597584776723037
0.0007703665307463973651041223456719164515610910179314512180143767

0.8176852290973570026828704555787752963430720918531968298559277022
0.0629452991647354876808757180229587567142316533992635985126046101
0.0009123622174760111660797206593879018857293719198410474671246216

0.8018050279027987261159639213847922728018534695424553708274055059
0.0541862308969798711865682213638785092951703232070520379822537523
0.0008491474960268681533936066187853364153392960123373267799523488

0.7774954079463778440413156301741980483594880058823437310075965787
0.0540683025350142953213618042721598195649416877689745688074759171
0.0007592781541811447669346185598202127952561181588828745640438170

0.7503563169333701155217485931976524882041219589754574896732922407
0.0510060240713488506508311467326939229017745700519820619934597588
0.0007567279388721365092861255531477530588813998991852431082942338

0.7139189959919215828090432666617494118309903255848625240244948171
0.0526863160926460771480095347955927181722904366096491443699666469
0.0010578014056143371974279760089817686459620376037202624876994001

0.6843045877782683008210367365580754079798197674467250678025992084
0.0470991025767255783920017628199143079010423508138723389213296539
0.0010872276299701280442067410406442496965840996017140705636278312

0.6153303530911302442193101399167098758129948657738964741050627151
0.0498171004187458659434888316110271621577966900157122949333176825
0.0012200445454558315483616064928601934511395703957593066310536601

0.5464296783512345218103010927690406274261606677714555201975151158
0.0511193240124008009350437323744109772530372709007494264293249716
0.0012857058861432670085048288776736601570357851174907773802095237

0.5129048941618694716664076528795223432924619623727160617916228153
0.0417671137679895222717982312310402598305100340303173782560331971
0.0009525599311212945394146567908528426010175649224961369742617806

0.8321019586266343933757204668878041356203919983607351242827526060
0.0718460237407751224133131311165147952348958302282849070141031277
0.0008284121370512884764044660160001453346850386288200315535708961

0.7837242445834973579365701338077073313505416080354164819648861955
0.0731655640477594646529091204128195622691577366812254310662481153
0.0010853083343629735164835151371774829006882598249590994799016391

0.7583937663595678452309121638835078961184896834259022245740916446
0.0683927846648756537306170044162026255778468736650639135958516818
0.0009923965442265236579134211409985235420346807420510789915413274

0.7317849769577288663125185281695691152885504759770907244425350405
0.0644781731540996755815491597635204291057219406803916182219749089
0.0009986302814623883355220067282219827931557759349404581945254242

0.6953910447902863246628267150573905086044319054540173347793550019
0.0668614096057141936042759309082441627822908885769052399730665597
0.0007120843664602649315571452511542958734827813530899869056941584

0.6707388267882735380126184917782173857577825857473131079979231079
0.0645313892733756334484743421321356004554702057860818717973186094
0.0011014346310650478479947558705437110388724014827059000756683662

0.6440024489067639721512604506661530247657680946638318995936163511
0.0572806701343007665015364779459392813081404395432802125221061794
0.0012216246842783170303899728086723374182822513085589537671251854

0.5757772750641161512196883563209403333169804908551776878576939748
0.0603120999306538001690108752830364551400317604431340578659663539
0.0013888020532669217291834923767620565439805757631709243028517566

0.5214324508013298647078076507010653676839370086422360575274201383
0.0447162059074912271649727563227005990759781450783429884266258864
0.0003329959552483116867315346528529364128704232112405763632875738

0.7998318518440338897810101678991613427430790073667576646283491200
0.0836929292730051083645626850110481848206917171964397150485344188
0.0010301290395919906212517037599801826694891373649980088499551493

0.7696922083696455584928382686989109720586034615867039995800464205
0.0956394155586143961469370219131173032501888921771530235748255611
0.0009523734932583078938738825856940790519574862317607828156395118

0.7518613388168176078938035456835258987074609089721753468327741351
0.0871332989980568701456008451082658961536247935375525759308563802
0.0009644243436821411867921491705395853729615449661419442325614364

0.7254973863937974338464679277686970958822794966723396425338916895
0.0840243966383066966827012279570903357988977178012538800375130216
0.0011559901904043915459924506165216529656256508590645049647617599

0.6999047428544018539753171124257204004261437796062096372637616600
0.0788173334632932243489265620608742627743295242191812858603311353
0.0010752415284264432973833740919874628983303131161230998780688359

0.6345266726655446218456373297915801995625348414925990882243246412
0.0767763591399876783040308973748702403395224034029936663937565601
0.0011516744762314956510979656908957760391592741802703862545763755

0.6046451451465204511068665102112561702364831130091354172830816347
0.0697824653238653326589756304815476632918458792156530749347397592
0.0014503419027338104405202049663470203029215761612745045801307766

0.5438993702614105005296030211166106208736952895370745037521034534
0.0786542880024693512816935156827139456076394734036686272766856128
0.0001136814990521587900355700620616132815325598388744966755594738

0.5342666999177989906912205413135353220078350560527309912648772596
0.0710220127619076162277597105792065321195349567326699018091960782
0.0014794051380414838486985059964268589722681247516621419260406378

0.5047486291908035239324691595819608455996311127553845931952601723
0.0610845341427680885481250980675487945258481926296740119366684009
0.0014348845576761522613231047866854069922473168781520039289466972

0.7542087422205735377710603934577587104686454786917996810157037801
0.1088638299221678717509537889707962758303900398784086566155522225
0.0005969879489365121507950496317833151314213897782381296832672658

0.7323941016325965630636177335594274035525207922871842800231705032
0.1034500879171968352750694321193478497587900344944232798725042721
0.0009324066185601111836846269003229193565972907586559631561257361

0.7036944276450866923469298894261427047240311724721332651590663915
0.1019047574868612148922046772898644883376807415578331606732589852
0.0009309065884860340659122793230463920975193137012065449943817807

0.6792546952227525635341111397178511408138123947099907886581564524
0.0989309966041140962434374189440680200050638106970952028573833882
0.0013234058452006733201672698957796341600933167263329401392610725

0.6492974460536788874278418307882595844486986266580943783577845897
0.0958856814905228162145147270839311005578974805964004091718265542
0.0008532972212526697246114994843549406990547000032680984282412280

0.6639015842014247731783300815597263113814731438258892215408276268
0.0831738927525795891091813198454598073919497451901650093627054136
0.0010518220857640028185154266061599982754678146480018385182003563

0.6245169067412067657100598535804092604182838814090013368711470067
0.0871414631970818990709778462318583159688082322037409109823256770
0.0005716443047478774021280387314815185207432402007772552695255799

0.5906258584101521331090325974139127784633475067603340498174149471
0.0927213213115790621861172010958641384035194338815204002958434820
0.0015957083815849648258708327581347505597497286863179376111237333

0.5637417662794779083364411243778970877991791272046870997474424704
0.0819076352975067596731009941320114196733103214712244450997842020
0.0015537152414927513884893665116357142290715954881252602492755445

0.5217672474149767306822788970166168720349505058822422940203125917
0.0948781694138277213828842603603159575826615010339356739940894240
0.0017149365700766130959655958037146455663555399007854480484806270

0.4934253667744649208497261370573277161781752345167838085868864879
0.0831505564705498573941557777575317177466669407630116946576009532
0.0016536467180654840849092310374626550613006867239033720527951412

0.7247021974925056112999692220856719205749608942852697513013933034
0.1228728221682841129139737209325657400683049956310827498535001243
0.0011273085571857445244964153079155070968981054960490941537102619

0.7025162057143072604461724310389067899268212210579734823589892948
0.1159931819295205761686960940007508793793327139247234180020581463
0.0009292870581582800396910952048474457005640327869593659101692407

0.6672757737521447607120431146255376710790399704112259788176511188
0.1237243998103450361191114708503990647005612161803230320415653877
0.0014823771382529863529097048670357957125050807087012820578102283

0.6414169194487240976938390067581431450055550638712913590311820611
0.1162762688080044519089983846014498504967676239940172530999109214
0.0015391199581403127880233209490372707044945290830217486056848591

0.6156738528875178539156200226815507694072110783322844964885852172
0.1052268612377978925127224535331613638595101352690250752934063114
0.0015123171825079185705410032989911949064265336320042403506520160

0.5757936547606788391088143054618848649800730626602296935512910080
0.1181202405801832779685953419090152436834181980165734278311497151
0.0016430132422451954239138515629677418328039171774499825116830394

0.5493303090585799631349811094257832022440494830787378554006874059
0.1066408966210458892243899847743746773879137699401816427332885187
0.0017646120727682049101174454481103204797619726846935052041490172

0.5076970178907038280303240859823301119853419903921132352833622754
0.1214620811450250224643628948302263687000844267894603919644523149
0.0019034994123249486854399103185356985961372158477699454742344306

0.6864587181639140267053848765607026715160747304988742608157417233
0.1376302018782947274612006553252335357701446551952964821348545508
0.0014269601100732429331304119291228197021445489511713615196809343

0.6549592605336666310884001568569352940820509866673257314173382643
0.1422968033412983048268226146044338522790148469702343489862778406
0.0005342038277966020499913931888585365539993498383401401525965894

0.6251726753132673367975188827668999594007583366719772398415194222
0.1433533475141990301659445816761390379790694873247848644145932731
0.0017467702691231294583681983155701191514733996710589270615581188

0.6014265230253608836816369886494913748693764881882183224371375958
0.1312983207132622479885760107866312331540552750713825858866626701
0.0017676798755331576261744485698590351118758686898160877689128940

0.5764437956127496098483389306129700223233458934417644269770346922
0.1266863924636779408589812136019157417514985661021064994912383924
0.0002194440039229069403135596723349325779002133829796313767124942

0.5352656562657447783972761892030458225067621888187643434591766988
0.1333964978011339946777049351056880352158780975506471695157437417
0.0011368889574048210005825846267373825724045021197268644368040474

0.4803219553641094862312546147304692151070492852445812360896855931
0.1083925998510284169924082265889149456273546131572470769729358432
0.0018422057155003296760863357159737311514927540020752786147997333

0.6463992075760532586858190285458117325957383023702508953972742029
0.1569179477525273391529810221606507315088889350915476546837293236
0.0014484057189689529524161027249220108196447252913910855507794201

0.6066944446366629328670807343382527185832069186316382748443544524
0.1736106557456581024225817442493025790757859735264479151585075569
0.0018787021405925697201798823600923288073600229203198493554960131

0.5839105215862872315301726201131471071275708509927441080360729672
0.1608162467238607790539487458329220751987726577179854426520553287
0.0019301964763551416604693517290531415058711887354901930032006453

0.5595346808715028937127837101852958287264763105988240087399763668
0.1479347951152610241678837743269372196091613865308900711023943255
0.0019281378485974754513283334462947111172161791304504058716480815

0.5329153702370813425533935845840512210377141071743526372832237611
0.1361744867739411059668868153138408600310497129804989527540032550
0.0008224504493573635951724886339324026077141804002461741417642591

0.4920970662710526131873479939260894633096249181650515303274544565
0.1508670311227737567277449534697626748683992708503948839184384796
0.0020582568538928231542872686846364738242514699512517705461281529

0.4658057376205749240242180360804777349289547957619284363322192664
0.1365587092709093398690471392142678645605880545124768312206282133
0.0020107012098341235450365838315022998416802425977292499810467848

0.5650726228900439034620867858361793229852398844976774862451160240
0.1931331116552491070522417785643569281192122187615467307291020756
0.0020421456363898644275657284836049421535203687364730483449633991

0.5419237888634288257600367498218919875042151926046805329280545127
0.1792938540046140295501107685114297289269383011086983492333551852
0.0020735697194973787220797421358760849168828423943185908019646152

0.5175185725975518520440335161287428946358054308849901734220375969
0.1651732910795799259589995033170460270337317493021019071749511012
0.0020769589163105649701166164976606454686121371578563295086708737

0.5226386005479932458837735153073348163298231556938187382782300291
0.2131169356136490574488532562051403956683884439282040996314832830
0.0021735565451774975413866852600366198251494470769828479821931120

0.4994128539284620713922334945157090506435826441722788929874836778
0.1981252838764189192843917702429146769878172503252220259606346266
0.0021953982518885070757566734887125768428803453044627426180237802

0.4750985912618396149201274699027592418869964104958537053870388161
0.1828534822196254951424989636940945852873091639369825524833451249
0.0021890975728488727621927162332216152264679020118346494420135998

0.4499089987063397630294383048915787436308906533986522599825193597
0.1674177933651915548938664096196470310535472997487793149269170014
0.0021551329823321105510471270675091751572594666002537062910541198

0.4567533012129505887666666282908518414814868378751146862316033344
0.2171672129424262446758001968077861306873803263151205347649246011
0.0022918172497411254161469123627924655108873893079189028703198937

0.4327085553670586888661329924721809724935187991485801158246763218
0.2007205971976015508570856337131887879444096588980707329532511926
0.0022730167146461396701156516936543100818469726337362936491227003

0.4798809657436388894603382107466930782125604228495026313000085448
0.2333156713043313984202630271499963432897640714131413934114122260
0.0022817823379124252486118489036653369756526063692091611253163743

0.4143153256165433107416794325974881648994957279724170821684637413
0.2362202194882926889463950818977750008864599007434866896596987964
0.0023624663445707783442184428664703146466271388522953628566140405

0.4371643367833204207974275215918411440078113541550911401002898036
0.2535605455939384517646945762223144073091447143574046475532481355
0.0023651570015298151928640043544077227834820253587377003703353822

0.3948455862354362044771035772328957225311933060786881313972134039
0.2736623815189285880725952114427928730646202663763808072242629576
0.0024221353598574649645232657696027271627662973392620396024083736

