centroid  numS21    numS111   
false     20        68        

S21 
0.00216985095797610497446777289540057314794817944028978921774728482341997020579979551095324621571117107399440956576608448704325148
0.00006209989214157951700168800750541754664508953369541170274039303521041481845024092042068145806215328882429549533467725672812347

0.00940617717013316948848391283657792084981974699558045364714287776279952612257810077050665756604927919987293238243559723707270589
0.00023473697100049562904729677934981078567640762446239231352817300180986824454004364801380402044423207571297987261524485317765775

0.02250025700648456691046134166977733633713446078678114882792385393533075794135540682930939003251269430939221648202992418001704514
0.00058917950250849994596095329032086890465643661379839090283669880428219956666709268458537924722868687714299282715712099972376779

0.04754209638330804913055636097634055349561017763765169173749430073063058040148229187955652874967004147166705900370662481512049518
0.00125518621078363758674122302027665632338126886938049255597873407828831776156830930232550575139334910223097159530860824845422653

0.07759247462559304173577009395163375033102101753033232202348353817511135942580331800029822953842105856824433729678288066323588591
0.00200264797735725045481921613780297832875949726973900631845066338366367122189473298481510747013111477569754682275724920673132993

0.10526177477203266460303724720100537621982855712618672708827623076403796784648059786505090016334265129646049105189264513674315919
0.00258870257800294420842795958281674426117839272371860411078575544384373629654800222525351705586940369840379234509345502504211473

0.13498920433561782569872641750258801067840337080976791328585914584909734521753806538327330516538110431363674034466375811133558858
0.00302914629661414678209268904611194360143488720514360834419247719635923687521147958078951199978679608208110647883957440906980916

0.16256072512162308439237760916509959950777388657218139695632026626255334115018970342580904993750620032038268699376709932578807773
0.00321531835148097023071518467544283264041570797445756417613960943364043119367619914596371838541257698863471131754753204533450150

0.19577393694650098298111710252660785114294150318244771888589819020089906543843357682799883586356089240500624451186527261345896035
0.00373399849617635711452467251114929455614843290882482680269118615427518150450003275448412286130307499879898213189879963988724965

0.22699174316579370505170341573711559256522340616459314542049007790355729556792830656593228587436866981955849493772885159064727356
0.00441184218329934580971369535189055910763847888525860918857786454596578757020351310013654066502972579953836708270968308332368083

0.25064953532130197103071935590222934572876732418771437940858311329801843311006551137837046662158581473942276268394684999089720570
0.00297987567191784537873077541819348657162396529731324161913578093844237244806831694275973615404217516935928177026402702103888674

0.28306882295058598051286165543461190678525146271190948069169993085433338639964765070373786450682423963493837137869916954558971248
0.00464018105986101560460755111822887653400318278765397084753479559610038083366315766469325075110921282285389381575499620882299493

0.31541205768899707563806685640698691102926217473812119334154229729168587329488723701072246572650755059670568935662252888448429793
0.00556134152104957475872449575316007555690394861012299924874144295578587025822313798611904599043759265304261531031144521525357287

0.49949844206183010950045223876394075733398999565005805024540251099660852384428996095023103111374758679023560602566852979687058778
0.00035947648407782249668604996838715044831766331243894986727364970900405513893769102027246587906692735987235956485092400146657471

0.49662581037818353638210674659514898251292263434412158633516809624585610566138930773878846157509275271443248574381124689314202703
0.00092421662491210022845701816475307923004861187345794182329998132471199332474298095629331574938564537437284231134078851500307470

0.48251749955865026353133217778539887630270635107078646211337623503914064686755083527786056225297701419122231080898415966879790335
0.00188409963523712701500012062514594876943590677386509137391412113700103916038425485302983215608268892182589393378392273151616042

0.47010554698948700592513560302596073064600603684035625054854332954563955500008235158544641798814772875320854739671906689479359859
0.00302423268657594933455832238008528173105833249218512671293683897584110541977690170398082294388333301598801672387763428765951529

0.45470512564269680360773816786114156669429457022272280741993133688032679204740935920750212780264791506850369546681771724663613493
0.00395160950116758073994389843962035250891039213047334558093335871506856856502257084336806385355032040213536956938718924093761062

0.39264780714395359460695710356516690828601838575285942096489964273579869849794148034381144498773207294036531852188643401898115031
0.00505615675260578968181938263571765181459026080793455815373784887815326474758258957924799856874083296153829737507287198842177955

0.36609118587602183358472049245055003805469387617601288076148758412456866153890073136916098714013680415007725911022762785180935645
0.00426008117810372807618605969058857731459613280146631334229110156025023631229794700734081693427526351926112083670945604571284333


S111 
0.98674552227251741127747420318891195022647831298699073229824416231735890071190211748862855686169670969506566723135247513078482790
0.00170189482502170696573263299584008348393684390766426081034284796984002083479124095701936528030271114531437683775432095930241186
0.00011605909301678996379610064410274499931287104792671127789858584009974079577512116731341634061795368927844805549425656473979654

0.96986875150424184989686613137097483760569552089704802472078784450559386694269123881487442972535016082955277689502682788360810262
0.00171413757776210527078992695515723754134695130329340004610572698283619182273719531483649412317272972828857436827406228009608598
0.00017877134875541713401319589713359664380063889114869576468660799484909663543226240368413358427216885953284990604266798422729033

0.94615731894920350402024232742895831782170907098482658950537349355834827742358498224318437949313362490372918579348646459494034994
0.00206827941057748087573077022851388847105844750707489062811692875228578063519854429081135176612808644164025385534058879805750811
0.00028154076006828415248795693124042254177819819367398911548490811465860440126749656297817047280274049664062374699813876092902933

0.91635432668956977841906118519908090654735014548459970791667719226943909216280539158366452113814441278412524723216440388432239461
0.00205219527637151714168044527794617245695001471411678375944160115321406516096847285951682375261513352720754866378775553572998053
0.00034849739660871233783697844444845533141689429407272930019837035048686878393183379190605904840667674306128187625747320800694629

0.88013444815134444451062294957998476273653507144423453284448109438145716417396023476283249980751942461144628774240045598370394325
0.00185377777001680722429380232309232760439762032025502975656702274577893553663737056476061328230575412738380424179270252305185467
0.00037755099721040361478109759685368779828869239377267514966167159674511902049524560217607673822648724731333535865308873266197286

0.83752619923511096947488323942509270952330275479651467823788934267437097306598937868188926380758912987695370002973621337150636807
0.00177817857223704415636872498014441282678676426669441305045005045849154876283743379037120644145292160097063660610395369070517151
0.00041461328507185539745650946925074265396505931956247616373531706774622294972189572453607411242955154088705738031490656526050931

0.73646134370051803876959239241622845828743480152465324343805468999745043093770170358548043320084116392928302524745679505049846736
0.00179118758954274510537514522719085508504974139757455632039382432696563739718195309204468842967982793993778623340826797552842777
0.00050504045788813255996695548380698809643808448377534087626620415128437621051905060628471539112096708923311354198974691369497438

0.67981807986200943692868713621361661789983152253363697746228232585617584644489396834377288588897256961882858303512895753041683296
0.00190178758424933574654247832568775238235957064627768299710253573757473351124345147981273534436311780355514175564732935903897607
0.00056460230451065001619204066435781799213928895763537126040530191845117455444052390307018740944967343753644608807807965656154597

0.62105770782439995296827508801979388961677621241457726262053444222973546328498723938620393307218811631526461803772257752561788767
0.00199596545242182600470603755757580368275739559944404283056096615974094405823943605174220778975328709092326474751304708367344977
0.00060754397969539194503758105510068190174983112190882167681602003668332343284130957427379242153067752960794507642326259295379820

0.56155334390728610936253609722964696674510987068982079662617207959913920386792529149535495030010439650838168124192176930350966187
0.00157354353948963744311010217801357327426840554161548551345426234346499502836490766997180006626743006434609805832756951125196661
0.00048863956566132208248706237938388307634053682528083244851224510571822957418584747737971075224543735733664143271790785880321071

0.96791957372913691489555795182046115072820420397172746404683352053724316479716990244573838379051720498533466748181651880787588641
0.00883884532760752560576932771916456856822366551589769027695685345332229117464745727665499937707880580027812439993750896549364335
0.00034090027674317973770436647451623973278650311123279541671329950788669803656749855697858250192845448028668399701087726260702277

0.94688736276150308913438601703138345780710193871175198166322024738237125421895919856935517384361004116802466822168329800360918426
0.01038820319912890889286991146947442785842912999426696545309244320901530684774705342719720473690107736678427446156691688466331614
0.00053722250073787071937406596481030623345946230162648830304396700396877887545842184743510473137213380331787380115580787925583570

0.91984370485596125507829794380456531135008842911197667695269294407822879405156855067027695769975092935372324328293789886061999594
0.01101535517909620770740562954193517504968143951776790035415475368134034863873882770033522396665386493813792089242865676608015338
0.00073890385526717799255392696356903502178493433778030398266875977988793247187971058467177672778994986842758496215430672486596226

0.88813744427788227358376055608891116480495053641685467861825150136481274465284200031742308096492639041402908655559271621711457417
0.01018823061051966530945361597576723521959298318070814016123270916882926848291848037645297257445102661234746211345330999484920928
0.00081016354279556576911450588986640198196641247590669698748521353297027776885042606750249555139025805652683482477312720579842759

0.85119436371174890320098119148799479104649287901059259729692905006478071747043941135911909727733325818087036342975538654542990833
0.00942808068932270974117003009601683455454927074015026444882785086258113844634296465985730395022914274356054027156684884520024110
0.00086178318689547128727147554945936974041081522782989307590710986447984031175339275888978985947961999910626512931568773597793323

0.78947723361613798295471809545017246823108092796132531902507015389682398939300572367246859974250992757428090619836542860706657297
0.00175898024413425358317666795293756405156239296076577918266912397179937301967649634905900456918523882434107961768011990237693007
0.00045638454811418539615269613669619783283565879409247428964829185070063345558478119648553864141326833337208396359807702085853210

0.75931237233362848346337325698901720213522311360134922517544785991194368451933639256694669803869843876235164266006979321423722934
0.00916809968393035644341460487935687716100537467646786640195056869394780571939750392852555297290849435117687643713646931438868163
0.00104458891539395400575766043561901028567675045024412648975485549397806184820282572572934465867133399298654059779383998013383506

0.70584917099804068974607213708727488670643146179664488253594851877736964434794422497725666835699683263350723240733937171738194202
0.00962832860737447553178352668688465658232121716390014743233026801760756390812670843253371044923461381265820335935945486282021958
0.00119243304157154248232023217581939733671718608364649308001292398309518345748265619002359175349420586638293333625046503338614559

0.64942077200802733178098493362408432723930702736921883140887485017661530622590738069620643351268762002230448489490062590947121705
0.01029996785738036644048846130333939854222300462194734940045162258134961152519348967983912093203880007752492858078583933904815330
0.00132612387830346389524766040877988108577367826444645800096054922467231644823636969821249187823751132790930937387183727335650579

0.59289173806892777560669932593891958207148366814754162993696214365438249146641541084609065199484344029925255955801715237233112663
0.01020999385480435177382528159362249923465717569995626831748286582615235027318565117633121404028586301257936671696760767675311627
0.00125434382185292090605543535114272702934796940075616767955633420752101626352342673324224319126886875844695078523425921051279319

0.54617742576485221322557804968605686186835788115851135321863007973831060892322023618666433449810081540589612760152299393291008851
0.00753306986451072236202518960610927710013386965630303966631088229178870007088209542430137806886943785082208260724983986814857560
0.00081313598665873695336076432221906092199578899708781918402280278408890123864219057092734142225024293371298041108127363185072442

0.93120734774199290135399490967896587198956913332522440806194474200527150377888792635674327446054898956526183206658803311468795801
0.02543092316529502220466073380206874347065652104422964414272481112001965640520576397347691578048348199944237706156647791008694450
0.00088606423341323238318996390135437431307060886044333070996007309626516663808758168338096651495725635037385292997041820313262385

0.90243254970947688977256061710113406992992311098656158453092042494838155292101146529973053502762251847694882764958127541500605999
0.02687053452595897717934522899098832974136257237012220282604473738212399256975501687366168665725543270582581565630941991413112785
0.00116549381193920988459879920468053835999912030568691654617186944738417951584875955609417070077051307475328933202071796129020716

0.87125226458400484370123529187886228211097939040095819157414434985808502167295003753384300558840133995499405046023338228842912190
0.02478205445373562217390783413293544246456245997938202297070310327828171358410396164627391212666764723928350279457684832535464880
0.00130062444983645544903463096935193569132973846795097542040892312510936767233415956748680237062430422131040194275474111578680933

0.83344884877309069559110444461810013853536354428744317530452160168793461312289104620375624235533940455055886083966962726793297959
0.02297451304121696942550166432075860744813467486095898036436122808326469955500847905335874897156332686321380699384052975775822379
0.00140938713924896663302577109405729101819485740055496188179149249650732022266981356771938942094722928093016234184792030330352500

0.80789583153792784677983807867952805399784586725362085235372790377338468598033173934717881028787669080624976841600365235318868679
0.00927931430218837869765720705836111029018710214986037745749047409707533809988990642367218220035816280388349029836552686738263380
0.00096733054288984851858978674983159536515269809991007117488163431117139210236955769313598474848542831772936070575293747714588347

0.74081002849375916088094554971704440719843902062485154675892229106790076246373669963350933627659662039978831544834016661148553465
0.02209202915549119035118542358465066202567993677302503679871631812849615752085843478073924358220079517791602545611494242665091314
0.00155387062303487585262935830118036272413016579152723489049810798960339536197611757428574315585080173156018877776524462445257228

0.68737355667958290116850082688702491963471127168689465535725926491467785278866152489013373480325658719800987556293377790252902713
0.02388158523925287181272332172600882117525680853222058480259440203156072256139272028836589976840379456920292654554232295470709310
0.00185303762585833879797892013633932802985292441899584006862029444215847015218498489326156653211432729810458495884865723600741330

0.63154100616118297464067616946192677655693888861584764018894970005370724961993127797532623592048700185128168476374808747416306213
0.02532736685297603236510603681592939489650516819109051868979128223996381548855195778500438215318160268599097063691224163129507453
0.00202097161955494939623597907521391992535948454248393544313972811367818639119942350686834790655693992711470025293180484610102945

0.57610665030436759889378882657816965887465456810773073886713320839244460006096322133985423293601482160546817378676046262432505985
0.02426561540833559681626596666558797567201947586251052933742195535159888361313395077681645383338972045199070025929220695221589221
0.00195954297600789324634206264315991742134312279294629728603623098573995166947985083625315183430694151086798637996970680209077956

0.52179926595277573755863510616938562353121059810024966825590164536286984870728506294961124391253611698684563836502405946027961704
0.01880489128428850369667290981231405428190514806713481215041668266465114119170298796501486815354394522847103163005700334207989081
0.00182321802982464038718375363453648918278225499574159625951811620862222446093684014638427782421979478388664835776061300967957192

0.87538828809838376387251907469883717297206814356602593083938148267130542520082768320381740375112118288654704405778114872109497703
0.04921593194192558671094648207219816716274642358091588772997030426048106656238472055897361308895226269446427805439152635915557573
0.00152423805078959662528788209173086754148000678009338115842300348315140343408865542943514747206122187751351189400528442722908480

0.84810024417812115892341298020764115092403885945109058423675342768666548250425573894292015107179857563935819005590353962816039504
0.04538126586485322176769207216568955294831302076061296017061696771373497397057496016435222946262669852700245907689047431691378898
0.00157177353749084790363602698938343031921049511600572110228008965406455078489395872060177186820117759325621724416010481400890136

0.78899048338382352393655410318056756866929074258463497431694613057786536279318607456155895333241221000088957532645158707520865991
0.02246369560606131146366494544605516656167949917172078321910183421797187131803187454711417912764039454539125417732197116419888226
0.00148692817956673098374344299306781422929572197096614973689835025448691887264811891429777187928244125670665381717443932186319512

0.77642538984463394064398314346312818122975922221524910401163103536240449668931086690405168835991173329346585217013651794815454022
0.04068861205859504303602687243203010612096099128531297516238591835568705647280520882984575641841213820779450891999493131073163240
0.00180063892360231104516596524617739592774652952029457821630094134225326594053738421748014142139058467404183173055327259386042053

0.72960360408295084808488022454639950996200664604773937249334563808251982295282836816655902001795055268774619246593959461576643759
0.03990991003746954539501156963609224994428897595000227031804133781268005833830969617996944364892095392144823987250580962002272751
0.00197827028783414660973401860360670183021751705926054622332360657286150997312570930273838483966095203930011601603923978845853136

0.67867966952169121726303883722084404916323600698517195145596958578867715071755825968998937562963755156978042692286194284464321652
0.04362482648028176508534006006165900354907582049039412927748750666517750995092564772727888093564422495271952970437563062024806758
0.00214628057668700562319265363896103282078131026039494287307006189210651822513967923913200334715521252587116198638716813915535938

0.52754196635570224795127430656907031719975046616605526133166163394004790942686416120330392747424921656990402187375724380394492904
0.03959359675547629014550339445718371632303457209322061428467332754679357652826786463752866204160745928675813825368990536167200917
0.00229643433571809607326823448033939132633338567408633202983092157447619423001463641022465115813304086107066721243236893432561213

0.81595449167545244413419720084475749950738470215044890846908966245326419942772048151559764181074659246129845496486134705114110373
0.07136013406381524044687494851321217193620260227513678023451086821237531093130322340074749005767318603946115257285391403207523273
0.00225805717394466169174772180055920584630042446567428530113777512087930178732959877944454402284044986642734393020816668423048137

0.81548567213568219930447414658342291198553010508835770876121380178060084288874444009776331949904249627770366831707495168922852938
0.04258105834906195594505684750869475699685718373780717323946568486067468915711180978383563941959364326713442961615485575318210149
0.00170787465711652038550749172291514960343581427991160896709072858066270757129153174557009804604631629820793502534295731481531229

0.73902210582505552195663499697453029885791928797323833615195429802865869293428261088212933119500510037310923037655474736525046531
0.06139685011409706215456626008475500559822856077394152817737206262651652602982495470314574599216380259498854173826805095343021559
0.00216518276961478875999161441609742696619047345243319885152717653375752253286218431945309143032600604620106078846680454775533925

0.68962838777871987407396460704154329590206719507309939905844196204017427462944793116712072021329015549828229914321432562116138880
0.06477876523287076344576854467398139374987675179843197494647526032690524308779129748667329507410973997749132668629086682159276221
0.00249055156284268680542098787300278204598438835260697527444948894770401592131419634100108462789298718988097573537653610578304114

0.62936748409811840638166333828595543498713961083836788962450441232352212348552858684567996925532230985574259734114317972444756167
0.04637817619664641532778808651452887283718391665761224548668332833634258470018267849993535582166751777657966206585344256696815343
0.00236633957479444005201525539014607634315520594727006456660264811446429362376863807449437428010188329442172299290983034587574581

0.57847264257515453713270521039423205179591631907640030997830617876860546145655967354347937821500217211540918204280784714148541047
0.04574925505178428093126493985624037816951428591089013188462877317891191253117819396970975096741844678845552647387477011533290290
0.00256176949506843505873488075358537467125633903793469490177243727184401186199551251200952763963992022455319978447776339007913586

0.75777173882255735993596180389775863115692098020870437598744603783649395516192302344142991847129316994488909077749031977357735651
0.09748435901485418684607878104508561129268053432142270975626246149527696739929974901259567543776395758486642297345946557139305235
0.00276840993796916664654567277526879039954382174877486774005011890838225630358000749812673985481210893097126398591766185037368203

0.77986220347483992293772642535728708876944507841437453854661890474980625122694999104758480249639122733666842981327622135352412483
0.06643027338200965941089878038152970221578518761114918693004136289764237221171370796831070470193842877636922656138325844895701264
0.00235845520989903602927667665484176686823731081749869963103592182064634826285313919138585687885775807205027149696213998025221963

0.72108153369459298057091188288687380720242389277083400017885921782105987335113068633276770634899199860755606976618422153683636109
0.08798138299043149696801581419957871875604665369491928449374438444916125239253887423662974036860080097880165759510276369822087687
0.00275121742573666418267617895971324095002932216806783550956016183605066521085918327772614253534084700994669418386036729811189707

0.67036525314246247428738546236205446810703982623407150838631993463083847909490743393238207654031630638200112086501285379390187438
0.09090078322448914736683448972150537345889872857211151082902988139923011323328462751226696203773733446757551730749312116313431654
0.00261475967806857761940708575930291345917093463508083171965911346740725017022558343917054481585860340276382343022698716555416321

0.63256629587379846587220598470674507044488798138348799086819870858145131276610624359836559503580281856446260954435992894247054696
0.07220292410345324289025884851050322426686555065620604582791989262140258741956755999345442921099286333101028960180314261644221715
0.00317145211964159730792824638233564625766577776339008175474783469337391968478299700598415886860426604967267168136676205368228354

0.57641279357625719516046959241158835499230653744741934503681253403323927950451566880784024348765211466418100898430001748521718756
0.07356415948160422812660006290423300897342326791168574740318974003390459715798795656844988374679632256522051979121901434450452963
0.00342105691801920931725966113767464296991778893338005548741399038621550388660858780910591486286348140468032430693142354566044895

0.52270496633618561988830908260214764912141225865922048172225392116730994174257217952668349029762028589574777722831280942226877315
0.06576814095583617938772050661456933420864753718856940732459482616365625929809526038817153467119491943003815341108893378982772420
0.00319232047761445391640345530968782324051627012707412297994735226099563676600163408420792516502797641420326657773043264068104823

0.69984033148405781278697635684256573146444730795596733718807932642816595724870969730523590646077264124265424468941741039408492151
0.12151402383460686488840205219525824173634708103395013237884698719317843071280771335454171181580587333294736977709071074578332077
0.00311404839273342000242254970319339988977223692843406205438463254407823889116304732697596705392636391651286793829338015813287156

0.65927841902435689002412659352690552490018920122910667222142870484327682792670037325133183148956288503858328552911311264145785029
0.11711550513316196625630938199063023906992987905426283887931024913828695978289530186374579571551523854786798764552820646865388608
0.00264435052741597870035431175135843069249218754301660984681839739562627302346095898764039792904225172942073336490318822133695015

0.61235711387736941249202373439621751829310354833045249490377633980279084121731149759631249723274857414817840354092507986176652458
0.10465681873458083854609807663513714463223675221978230971486264187571403973680979996840417844870845248229469204420931792328630657
0.00355297344814100505937331487267683197800793516503299910066293661770748926713099100534087753983572041039462738218788406327278886

0.56012769252786540468750124705302665020999026670761853518169748674951326954386716680173147739831258453852098294161607937548837375
0.10646284538391206611891263439523307344127001673862173229767154293928426500040096085290860211795964538751014876798107395103509218
0.00370016440886207633705251548750956615828944084914690517912561649143662291963799627695760804671161447399487772089143395090039861

0.51014218851528557492679905194500575549571429830001145828175424560572258730710087768140166486308628808086402608169458067961238398
0.09676561895948711521294331572808850105640266592666647588633584800966677897057024665148725159602505853945347577140911848233542786
0.00381181214304407870109012504288478893458183375418023679988644862748087223421622174425505794713855178715077226848150750021528136

0.64195778023737623976888985735641865745842911115821695676386750148181939718623065900827090518153362213289423126120781458069442367
0.15325479182305162155618441500317213642450287869508864346489090463362782786571249820190770354668153639575431511602766208732881410
0.00331316603029132683650481658784156453969654728117055395555684205735015070180021549356334511333721214382834844864818913141343246

0.60834828975383270325615256039829104223380942507056571735629424070197008568800009200160887425854173755372482709297045202306845019
0.13846412687954029302712686439210119852000165568391252131779496750065592595938827449998791833858048144290711750527051704146845555
0.00325778669034542899276121764479387674388945365537492091725065481557055694958884839374478359706523857382160301208008895272413219

0.55605613287245788657673279454437900506071327756382030152958009496351570031090022946606195817656663598936602095597683390385618342
0.14534640625803807036657853247862402289708576270626997056859526923199645423278705658608126895974847935007788177649560252055253036
0.00430319036451508728889283706641526554581626870327265848109613441323723554766413958016916501869280957431117818264846085646423579

0.50669851096668483273864919082639017134210806431199021045810291883024825743981244394644452996034464215273640937414212414491319085
0.13580830583325039370893436413622255663371389601640440907316284013335834135214790514744005414933679501235122789653668464780578649
0.00400643931666593748710113106634020928860101642189767807032700004792048814583692307734920349618124170938763876672612358503843178

0.46003425525284515987964069835329234728402436573439677359755475897525763334446237698496024278918889354727357382390249655937391453
0.12767511064826899922703835633759800974374002971353085296672928812713720451084663986363893120632188493349739510070285924778746363
0.00373390919115298734317917832570715520971881551225072199997710052024025872456197776296576193694272838481854662921064736100361958

0.57999622157216846164695775211514527182272926828088327214545029167757877416550343259306758499513993192876749100613365150425128481
0.17787472528489834355867546800332102785310406203702328339998723990293163052423607219856617259340938161357441211554557089560405639
0.00378805690495792088807485751398367340343577059558728436725130976285478582150569583739360528438074751981413495687680381819042478

0.52764499682733919024381560122267108399876336851381324742105587418385037351486231768872689138165870644664466932661661860675805659
0.19282350445213268685172509951321480063562329488456092741568563453266944491400637043184701264946307093023607994797840446093774448
0.00422832460574591421279033639926052922770014749047920218525882258183767854354568844104788537214931002077652496517303934642640349

0.49365607170655415341784683512486008275617720664525086951060080775035422407201140788768156729923756948196518501871671179446209920
0.17565671368528670315477838134359417972973907932683783772341964700199591121197572138606765224859137982840898970622862953677724706
0.00415327544988523291930898388911765707405901185763113165989722772967496279430441786385462820776930544225448627319233545301655912

0.44251077779867515988698894533712713333473487301540108752029762736636135866442627062573648489510022130435309676547671878744654188
0.16881524937679598936361380463464942134102647779908442134566782413713674903930512549587125936254549957712809857422531533828049648
0.00465247228348095875003814321873937568710640737278294479350698448002287577122114247919305266519603686354987661526294486210556651

0.44566896874988184288689273346166002543166696578655020996107241956467182075259968046593209981140782796103375202834424891936927782
0.21193773561845256663726567500685132173043206120764760747489888708463117879373662683769749030752931498892228458935223838611455821
0.00426746210861337053675393284791303132780271315182830557850771919640177002791778442617042064207075147729797399024356874951866103

0.47746971793142468425213760561918276105677099551508989778108515061234993406484793791045356546386265016487850230219465053838075393
0.23149865741979894610572340355222028685795150787878728090439221106018792190741299115577391629028857660613715630368160091310324562
0.00425925306266728224162797244418290576426875400411153522165282413085282757283668479732508106695285253673296120643979233984784405

0.41246612807347591623008139780400535168654194002674670846861682251546182617697169780725081679640440064651201825279255468038247038
0.25686672751036188874255391035622179146689766464485624213455246817971812585581803134239681497299496032989170369790688820248327112
0.00416752226426336853774086958019473804804755937292620073305824547852886833349402364061229359032742421966612290973811798821721813

