centroid  numS21    numS111   
true      6         5         

S1 
0.33333333333333333333333333333333333333333333333333333333333333333333333333333333333333333333333333333333333333333333333333333333
0.04410203207671223006578283413363651134437076426011379442702277650534266240247299085764427642915830558160031869294514459366257021

S21 
0.01558309934405322547634722812281938934718156991385724810121688989570668266443664910108928468652153611446923365721053989246240111
0.00283894250467883954373334008962352500483145359947650006165539685465860259870502188903665063924582235324807821283284642439352116

0.06883126290193806174614661278029031516398813450823505893877376400703436092924643370450889874546683629401631416049271089460175946
0.01627242573009844870349395918963790065743995171192924759480483191436660621254399318886750980272885590199347062221443398046540941

0.22611860342883855711659075592772472580337690897695312251754357269007720440905488280516771181241041119140751940642250430007207095
0.04679015826874071311381736530085022529941480508504529646699879276560350896060025048512391002336254143897400252425094642611227228

0.49440972807972102643544511205518376379851717262952129285455771964206912490359320849209703784187549410825813866803456490662740475
0.01057460120015873647729616938604384886633631599629808143050744406907417007968924685698247643045846102249978004864424074688967012

0.47224138951726049387480357714499601995649674290379672916356893041074909560728678480137488546822795143450679454163157241186114938
0.01766348946005523035721450842956838228398772734059471157702991514891829265125534149348182403361706021409912361542999984071250696

0.40526109413785341995448184315204692920128790321354502745783631813399889464935194662702951056130987463897557775063671696141027864
0.04303872425774914093299022021043222758108067785596889396812516078489216499313534501686406683525111235150805484649152771854802915


S111 
0.92246305075245223693464715531957541949522739121962284559810944971004510061655539250317626102570903903356601970882565679685985416
0.00837874773675790000535709069507325465003742394240987273839841745308859319552618864277157470342515555854682353557254942569438307
0.00377731896416969308759613799761698787264864511565693851095333167877615848872654072102368299119757687129502793858619408737409521

0.81511644452047962428140159029986207013594237529142339826224370133351315999816546284783657262364866567193456289216145538521041189
0.01854031066110201607054893304236098168289838744435989323383269477967778546063514873301939048188183725230543666062920111846183042
0.01169559397648597283642278058677288038558464802251267458670623212983617533238685390178433702815875307538283198834957985039710603

0.66774223729732316375472617726213527706515187068166095517837154727376493476252623553481913892909144968750007049425355732594259504
0.01838760268708766354531392579335522146675167668287163282179971297712597858425183950523171628200244123206504858762711048786278384
0.01569285673826243835657735830096190736114059496116165354785031122276299675433097530740689794355832401159188489495532018167299030

0.71712841105084194174477765411147120459033787488612401622303591348608131896209250027251477043668780868323293661681708193608533303
0.09391543104380490757309492447560833220157762076874107872619942949236875609422223575071675965312572448740540084084102570291416411
0.02848835934329253711417099171663930582976837766086594181943245065482486910963663879506534987931781963155145942120629977059474911

0.56785848688048235769938795386435396433396493851021392575057784038659380703452388567867670529944441103269848681916587086184887491
0.09586840695810366885879768147083065806055327008670392070992503592917755636469033648947289542511745635818697554551850041241629722
0.03107302825426343236332947773932477848025047440179412691432644079415268383320889333326746720390921550541748770647975110912325977

