centroid  numS21    numS111   
true      26        105       

S1 
0.3333333333333333333333333333333333333333333333333333333333333333
0.0038798314290573294848167369038328215895928643709518206323125422

S21 
0.0013499564378951267081603374456934304863214776318429050969112795
0.0000239838548179967970462446762605956681635913680631845668255780

0.0072081911739483004357984130557928987499357962689295908690284603
0.0001330283258462787502346030319988846738949604169759881911550978

0.0168532753587792806311348429039840552067579751594579446965288756
0.0002968045421621775141994644672729771554970639880999085485330226

0.0297374556504637593329755245473284835097281783078936924573008190
0.0005057492408951846444827695769244281222719908848047993797776510

0.0485505774075419284860926800013123382569468320600286522218911749
0.0008124237840323063637151984251773602399434669263708222048870617

0.0713104194126858520645242745413183687882333290644222765354789853
0.0009988658795606773238529257545975848033748117398571175830766583

0.0981426480607667349855806822338871179285181800705822332527633476
0.0016944367398212961535946204532425455547435965328707590561134746

0.1224503453454444315451661965292074738433466831020647625206145675
0.0020175427101267058923670250666978554589162335721078540012243082

0.1461491499627559035043272779821585212619431298607302074433788776
0.0023239686530727061183666503281505867441351354746134432776087704

0.1758756493310877045896966730942299696236224105581170069371923332
0.0020694824068139873212665868027738633131438285454994660812820110

0.1989900424622564376583139257061796668635374100243055705459142192
0.0029659564034020337319455081260705808353041654131943616273536232

0.2258320338745714835295872144709033844472079643353260846189710074
0.0033851763740544100780840360312436153495516458320246136959030060

0.2527750321850160719171970694835540816111623780940473295290909232
0.0034932287646709384474541884497338167026958879121573043980774142

0.2823512832588047526880014189853119874930806686861212179834922860
0.0030587341372832670815952013711854444650888229783974969376162919

0.2734059425094886239355646771248445996724467978808308561435254077
0.0009581159764414458448001229755118198083750310346873142365719704

0.3076320460323398847808324132687176675594163434611621879150625117
0.0038328399346848450067564871588934657114300706873564407942098715

0.4998646082486446338408398755104547717895039733976434485450976021
0.0001374824296548409833459180760414771445402825809418662312565421

0.4958340839198713465676386278817995397667660301635350009335556631
0.0005046960789166268119227708544967362742539045904197889780531708

0.4895788037205858590095923345309831186625127974947214864086126551
0.0012749951726924683042386293006192324273935084907113412949578182

0.4713525532536012690529324532644269990044231489031857079750450544
0.0021251276652705210090967107239595580275250282985425383698084346

0.4582721496918651489956730208322668801015971137335822074306530401
0.0025993805040557096687097325369843728029075863099469335591504769

0.4425141295340040346272756933056534232310282849129955195727524126
0.0029876746499798581759675640017069870244250101224994993926225768

0.4243640750730403662754114859514295462973435286823223763132200173
0.0033198003143478116718388332861299178372235397987568761975635205

0.4041873347210887449487623325554127608614235676447461580901801461
0.0035805205048652493396650394159869695647921788099507287488634025

0.3821088715141462937410710806142606498551735009053774042856441979
0.0037649256843642358682265878744990826850527316665856015673265437

0.3583974964740655569279590584668243833121580784767531042464171275
0.0038690431035987161218473628010816356659177805502050537296877495


S111 
0.9915298472669445109638386906736797260631473414067620003491087472
0.0013705440415829212257387724694604484427417455553005797466876472
0.0000564596451518637082862530362118364998874571220133437482795834

0.9813112624340013375799214629069922133927432734658605855384479052
0.0013079248075173571465579957689477324949123335052601914696862254
0.0000839685092196943834969109041060923637509609548900877132304216

0.9666608591397876074382819374180905896142850547358562989468081217
0.0012226799549614539484068916010664925189863843586641923639849795
0.0001064755477373784132372304277384152638811579550907288707905565

0.9474447890097101052308941705554860611566738504367930122595470855
0.0012802570931473090760381555228530321633834429063637912399096409
0.0001401931233686503614765431222393501127213601234584495577636899

0.9239302667368146061407953255076428505918644180271949124831737708
0.0013653563501249336825095359480979240815287618063212524118948453
0.0001783947003989835134486136684036089047167697967246049446912051

0.8965191796106013875996910553826060644875329728649383357509069753
0.0013032787875723207169871416101269886843304243646426614082942973
0.0001967772724104540832308780105883955794915790881568976210635606

0.8658751075427258716653401209024535084022891237555340030403122261
0.0004681518856352055755402190516769728510986302862102860523460214
0.0001062732238616017508106450291310695331580938377946228301123973

0.8303277916452349992099311288581825245943443122208792548842233082
0.0015064881878879889835463756386322918018712647767300717634338410
0.0002813696276795915136866151433736975503361447274205368412818196

0.7925635381631860814834249103389216465547691844665633295139275599
0.0011222084387596782840002479149224791214274710627638012084588887
0.0002309542007056132917734363544406526815567824853551241341905960

0.7522655627995698487300246590862669647314646503901151547782612856
0.0007586719165240989369657771852971323029280491944421648864200253
0.0001690503715299769708731999443570414808206022517115605796397395

0.7144773516207268210917948715736414327914167564206711457856516108
0.0017494937628724244702080983086378699104203621553072985613776527
0.0003070959633054120285829020821345712295215875040936210839343056

0.6846714641865695391776232963597267170360425732873527263191098381
0.0004620934898009906293431199101131398725159219929585127344986000
0.0001136770462581034583798184035574714061663493224801472288402311

0.6449011489111059222193207545510952958050748349915398416542426012
0.0011548931694327365313916722599207528844939152513202320158924057
0.0002441504349454058989040444458090861692560857964295265138942284

0.6022321860884879954118122518813551386796131929097348470927742548
0.0013286639232079129738936205210512556663468312129941442781002914
0.0002984272063363204119036108429026950908485662202723824517559801

0.5568626908127705502545337093358435740735222318815018723147292460
0.0008207888336891405719710458407650903740521110045788249671524697
0.0002138342159369949123295952490271934242107122249786841938332401

0.9754770151817004689174553390164533707393846530691152237800419266
0.0068579599522000607216145638590635117954440660876985066906778806
0.0001974090978468642675080782326801218461112870859301389910309852

0.9609144038105827044454222626200062023783817337384019863807885150
0.0064578312847625039641528632303230390999032706810939308947262364
0.0002518400531781133876645031809242755417334889821105481996043122

0.9413987715881274548564775865118961512542605381892635329283050462
0.0067592663436056725880647264236560761242523325166858785968358137
0.0003252203225595257138343042461118899250451328812570220186348706

0.9178506676438103995658984542302861682320290558046775565181303063
0.0071604910881801758416598722379401386258145112590593253646318895
0.0004038452283520809429802974344146866143098832869061658322212384

0.8912939561964176575857485365845147993484274868295160850239292221
0.0068592979788635489298788262138074255357961539145488231615180760
0.0004448365750701363646113022701536976925924558391669589011585304

0.8629448354665380335099509558334779534522188783542050951507500288
0.0043059576575560902538234191356515721864211132397368646216248015
0.0004052778121057345230064906338628511940910853282777509291643649

0.8275997662020197436995310649398797421365324300234580042286263684
0.0079796607714568695142401801361459322267562766227318432656845307
0.0006179631170276447063547041623702042911949510097687863896086311

0.7926201828469939005793978298538097120789181827420326751629542238
0.0063446695619418255666518132664273308480780663519719529642473839
0.0005628030412489552963749389958675829739407154122490908437257933

0.7544279854472104664255324601840167792254146441939572113411652734
0.0048796242582615858271470320763281097328652067699177732681507799
0.0005037058827383562373730683285323032205239630001444029862706262

0.7107900024731027571437192900527896770076029966365420115550334415
0.0079576826446413043704564975172774602012342418242177558206809805
0.0007344015922357255735784088202048830473347678903417149288824628

0.6702577927652399365954774135785687012933357066621940796306271798
0.0047546351919830660366030892015544868870445718543443614110339131
0.0005602922558723019224486475542535109387936047031567389624028959

0.6217050872249014402374056379120816125246136843940888134052573481
0.0067291202568729004886773494813388714478109542869584866188589567
0.0007300186372381438619954732212864149114136154931779619417763733

0.5714838276515120000179859880329145722871993806759530613159712735
0.0059807620180678105405832397620416927320987290387762617300205163
0.0007044324829195892669260543080359064147486051382098686031434474

0.5246024130332697741249096234917331091094916398893144070766515125
0.0033694907401652091919407375868043935380181026902767278801793952
0.0004810680297103932332049219620188881644595054509724844501508410

0.9527932049412746393035810857335912610257170311644529774484528163
0.0159477971305340057045172159009393388751073278869177923143108016
0.0003825479488109164366210252008960420123662113079978305020521768

0.9339047308254789018882685874517710417837499842999904587699939809
0.0164733212397645794841117835342719680713209359749183213233620637
0.0004828992338975130788612139150536044274803816171153868885289963

0.9107256009611580785807871165702541821185050256183301962278262064
0.0173888957889174613806259786740859139396555552341784940302866363
0.0006052455880042674247947617211633341170539204553143155647400106

0.8845608306901536286515103517189624442980270397649023922896435012
0.0169721373897772870946602439722943571096552735844217296260091368
0.0007007202397573180968163695587283988342381005934753214066195977

0.8570869115406039507046962935982603197917162970891444577200598498
0.0132491346959295721814989186108745418251226998756980848121887551
0.0007247181782421672584992706736808581875112169711127127645254709

0.8190757014159003964651431894591567184142839696846417304130939509
0.0191762862487197872050297999851095331172050071584921527729458916
0.0009397891592878096543346243304916614682779423267417863811017157

0.7849499725358086004421653542264819503806966567175012837517793403
0.0161400900195331616470179235280101998394236796604229220927699781
0.0009173825341309122519046217251231588698346533913185008599908931

0.7481563648847174775712589092261267532006538212997466007148869675
0.0133920171782186987822690372879915472272286863158413418780481550
0.0008719021778200138579509904295371564289988368045901564679503932

0.7027383971634880774454750063563463815686753501531009184811986282
0.0189136912527468999608206384463531490544280996459317691125316659
0.0011205945064385848285548557633624666088984554166688017774299817

0.6625209990225994777695973428038409678626937856353570233927281925
0.0135008779942010594831897179381177418741396119620035983180586931
0.0010057771924773128128820845458357084531339452556898044509293516

0.6167111854401103549279144171322025785364508482676173331347962327
0.0155877234615009318921804315747109119610048539116695835466415881
0.0008169975800240636401362064270650457388535890576214874577602377

0.5753954884673695827379804828846400667229418833810994986606817227
0.0153793564382038727219039260432405022063321802529171143316084063
0.0010092223565409446364406883288014358104871598654199875628005171

0.5291965669565965600479819019154991050201633107641627669025672473
0.0119581420002056513063045846873253224636762515432024478209011982
0.0009165112256659548903856021700851147507496299684806236814359044

0.9218999345062045330334764427502725268307051522881608489900599326
0.0303711875141751257824199628203301319531226397839393521932746464
0.0006456878377190224809028381432020317952788213488857238278754120

0.8983694474625155826756130056848949105397151344944884318126512614
0.0318003661826225955937054152728743476240867161279231944631421315
0.0007929685511711578292847269717673033767324641604378731133742955

0.8726889724691660092900008382615165594268235713667160641489476196
0.0313817933550372802280134331796489010280330214683682026358911639
0.0009182675813783864098213166560715739887871517597801061599197219

0.8464479618769689372167658542423774071930156216391646644085489623
0.0270030600341513003967688610919366196769929598982785051306484752
0.0010248982167184085807005482612849017956928005194222076314095226

0.8072870803981652744524307042758081306214656739483074017780335488
0.0343088673143331081997396140129589979804488524594424004155224600
0.0011390816764861629914262763027780495695032887747405827376029614

0.7739087880530173236510952796153372988031900064406573227486120680
0.0306099048918595520865028532703336681338947983306963979265631951
0.0012615829684883937175864995973851930687508522083891837284087259

0.7379809245080518182741090469568605366166403251192501841924116685
0.0266379045270785962686023569007359270203374591051325810607419486
0.0012488662040611779448213512943355220979606407952710412517604744

0.6954498198995076961407863404085107377052920575978578071859125637
0.0352847094673250184369494175015710200649654123127729080260238032
0.0013944741554712394477310679672108772705645646512704533758239050

0.6616122099354851253380139683272876417456571891750135420847789328
0.0270986459278395508950185385752528931322460551895598344978410461
0.0010949715592580499319785433589207141177417284734013420137554089

0.6246460666222502325881498137642593519773426076925601739935916450
0.0260174583386625732126095478165509125546213836051587911045496307
0.0010507322743490649437361522836146759955807774202028552880205720

0.5832711875805498849958933681085240308259138984759855092415297364
0.0287390223416780676583258572557586000375757314988937976411330927
0.0011729891242373548114638367149528461533571894741282354638082633

0.5368131739824016488674340169578223239071587411864469053688576692
0.0246937413691028181584966490627889910023581506974719265439697345
0.0013203036684412364040108922867727212369612279697790197478271438

0.8793492527508617229423134698203582057793039635953627772566868664
0.0500759237382746433360338332513021659404103424608132073081643601
0.0009425532028951054349751992972955805630458418846580259081720592

0.8547317516294441976038050460039389646965757867412087655727161901
0.0496674090156229263159016080255108911040186501884094839935676095
0.0010615831238311216156506775372699532908140913245634944400716109

0.8312816108150652198317616337614488401607485567314604775127557002
0.0452177937662782150013537394635189060692710441684718647797837527
0.0011874660236326277615894756520027522821549323453711790091322189

0.7998091965011302976551068473605595471817204066543753810096526472
0.0498848202919865949472419386681112641443703243426387686878878522
0.0008125863130313637242275447290467473347352436899337593775884953

0.7658034835835159705349663132648446531871238986573960383474452474
0.0498563082788839394518745798118393913616585905039480642060499185
0.0014594053920509717608190549895467822538643935838118185708978168

0.7304970583455900909860006637891336371521387033484202144793991451
0.0455932896981097888490065781630598610940932542811344201035203478
0.0016603761904902637791411097237920432678876194414384187355726941

0.6877172675991319548301728734130306405732102499037200068207877261
0.0513536624122513388173094030416683350433166647683320490858552652
0.0011503157924293662441995804594766926324881478486461182997131830

0.6497102542675395749792376040231223975950632041857582587769830726
0.0403308516112480455640096094144826276040466264669509352681056643
0.0010352237492086009628350878600406840522514613848175890848807940

0.6058432083567967036501598579495900937537794316859486260659442748
0.0434379117763691933448022167053595950495135683449006134310675831
0.0017778984678083630323036586095536406682816756333553986737618271

0.5557521482349154897523183548996800093677591813524747794670052594
0.0391248302881092233941359274080546564476120435816826155557600393
0.0012666842264345277758824189850816677163585911572430973539719288

0.5017739184638761574146883035471635129493896803004215926014426711
0.0363650927145100249381799985152891826048028965247734265265133228
0.0013505654994720059677944033824723871367389689490407436974124682

0.8334649953033721761312704342334740887507755598561523587192365049
0.0717837353260196519598651202209772293781403451210928023756398294
0.0011800322793213152331691405414437866399218140098934772246231151

0.8109922074180330146397289641826328552816059159819989452446604425
0.0682726306997812768268092637476416426089104871718454505131232435
0.0013702409581244363708862947643493542025572588688111206473873968

0.7828617560079914426431727356608351751673051473311989713769078286
0.0651992621900426860924010242730247669707742733972910585054128053
0.0012681412653052776898517535775980052816819678750302453303958246

0.7390304698313081272841154173179112857477394567064848850644444934
0.0694982338242696229311611029314385278082138224619559860617125265
0.0014557359053047432310461710791881927037634215997611138022295490

0.7077901361198295150581685115802766490787499260797813551114374506
0.0689729573685513178359512128147186752645210109036074218088923534
0.0016653687185474477740164482222220741403378727413356549958108686

0.6748875074515889832577002117352815733496459583132706110380492942
0.0660690891751357562353199126468793116827517521880096690888192654
0.0012910973190686833193819140572783547596852452199732287587161349

0.6446109190615558274470905060173034306359120666053375047275700155
0.0547447193476655390551480313346355784669077361712041158707263434
0.0015749039168869245024591032076572311900419482513131906115049640

0.5998816702530815715060929012535013070565577276958597977057618244
0.0673429902159221781968073729514618024223627746032325017563553808
0.0022042556242386202966739324161287220364521092017267292288529290

0.5616601459322919814868150213413816443060654965169557091623220161
0.0573672651205044043608764815593981866614092155830450904682495806
0.0019681778306034733255766678209931683552898835539728749332300737

0.5200575642523177685299835434131462937607500618115935010140679688
0.0488019992141306963247449731689677984202790323682531244349500842
0.0014569623535211400271278957493781941285473613410072965110748882

0.7782327195770467878727489541782219526383848576060062281357447116
0.0921015529470478884105686503256292831188940548506014491874769461
0.0017726496858771537712944809580734003500276535726206404604081546

0.7517177488007544495302783590804042785865114209689269744564731126
0.0844943946196310343922858622368515197336971832391720015553381890
0.0016188076296461873959866139500504737009881156547492907973152024

0.7053241198859464564591307219438614946159369938190051908263091793
0.0966452484476096103444580915468448836083957117156730088931825846
0.0022553393631774415040151588830268653997973285929870006115177497

0.6679019946711880719259558409437743627968275324042096065507399840
0.0916902999723040773785271624030505461452405661531214625520666772
0.0022843323485581553264544213247617880957465487839157995110399023

0.6343712794741828479964412497423477039886438143907301193920405512
0.0798110071158065901571846597574895399942481679607663779521955519
0.0022095565266143924685809789714628657416721914340681392221542657

0.5477747546267319369557106866958377785622436660078121083238628829
0.0827584815528328761283192511034290291550932598498234279874984565
0.0024847623633608031674596764533179200777714735574885952038216126

0.5102251797537966175807453857715313368954872977887670169171424028
0.0701563133660456739919101298620984501111485301496120251938616644
0.0022885461351056681622730896598776919858879939320937878436428309

0.7297672268952200042347717053781156175630875640129660411886580107
0.1122562898121344883744219540089698405366638355344677840955961498
0.0021363512077545354424111068321611325161643039766246177318981846

0.6586521196155174631114390251643190468177815558824998663224120043
0.1209175101328783796749265535762319145925922461467044501029848888
0.0016035187904929444556018322367114563543690962049317852375190211

0.6394825323103333325947364793493801752149820285931903496588090892
0.1243685606765720203200336676227276792856791047548173134596554983
0.0013489741636085873346393072933605902946861953929585811936865159

0.6168653734014285390738088317008324342664023185298160683705020595
0.1094660093206856683834271626156254167131321496622953433331226077
0.0025972537847125097355436935078467228798144067137606021509019179

0.5834851706120861313452615827161643909435451733819862543742110240
0.0956670727635715622206150426949635009184132924633378889394052851
0.0026037820689326230729683837140873229054372378713384498710077471

0.4950378495678934495003477493212649098483034572155297143237530702
0.0985812045819212617949403496034252859649096083415208145137457536
0.0027602132325958082114698755494686774102603654975783170689229274

0.6858976080105625463460931180250999080221667632615027700339514746
0.1272324675688697454007460046360063618563268304797190456884860356
0.0018902143782750478729269130424842015711972465289896349899951329

0.6716691428561051125656138584079798675502904696495384919660048312
0.1489239962667176169400683123054386609074746345762663413303965357
0.0014555126614053814022882623343158319802442678536318651496189976

0.6283738880251728766308017200823596757025575761194387701211435609
0.1571961817501577798127846418910137300866077716911035998853557515
0.0027938068457555129096851973346798566038160692443190674617669610

0.5952451523387788686186465309340786599782404304104840406201041310
0.1448870575637739768279696061649904627119640852081312249626572944
0.0028929433022955063896738154415750873053513571894071682862718485

0.5646567504655061359658143099277017900557231247097619516761906854
0.1287853308100724365762458659847387330975130234579543827354570382
0.0029598473995044672783875795576034291387213149283324941800255951

0.5305130834113810260123741049985868084074855374137271880818118442
0.1137400264832433525245364064246339144948066689983537662815871839
0.0028900986843302654321165054429990622704708239017895320114378895

0.4772780116483106018756394639492422800007027701462703383228143873
0.1323304797702163105335911308497573810082101278360891654912182411
0.0031305700611515296508128323044913105521067723454249355495922441

0.5806814679311442042968063508383126740679982134362703201049484453
0.1812651299732413415933796056361790037085239591612082968111286923
0.0021821040537391636157128639643396040109746510995452253934342197

0.5427322355494199271355739614348718264197723108558092272399308541
0.1665314812146813093944979861655018919245741628638582943731527965
0.0031960347225684278510172135838052101585493034885395846534166697

0.5180843929141924382782832106174950440521471703566880606689770195
0.2089673479989376931114778710127461368700901678400565009729546077
0.0033580301967582613912763023360262246279554241817518079424824958

0.5110488587898375567002141656985643340355511461036415361250209256
0.1495108956980101650778167062968602022734973464648098161254730220
0.0032160586198468370826577826475518437437666270542891117449639800

0.5614140303919541163891021273012786710306565856361447024388138367
0.1869194899102936061235973840706313499827440365055616734430007124
0.0013644777868984093431249123796317233778394436576530633895362023

0.4891223158240669507869570986170557034764418917380042034193798370
0.1897659899192712924906864907678634625156459544108864757861631397
0.0034798559286103088267455656073754241568488566181394364448925458

0.4574701223622159704333126057777258457671490999448579623864783809
0.1706091258028374012745466299909831324412145529025120499988725309
0.0034337596469281027061812638427333185337267237537034069563603141

0.4351738973969185842111123306226638037120467533009064664442577756
0.2128548144652711283132188455131779607649285494509651436409016377
0.0036556384699244228172156860134214188763104396137416375402604225

0.4645057259183000500029732128594462085562940588515809271107455796
0.2337426951528175664584174013208402900383888277910350494787997016
0.0036429513030130362148176433398581101425083786229904210862585960

0.4109037368567593989229787030875077272255106935484503659297947504
0.2586793599981118778296258053448290724799742956040453050594250915
0.0037981237079660492173458072539671297301303126691569446275153186

