centroid  numS21    numS111   
true      15        34        

S1 
0.33333333333333333333333333333333333333333333333333333333333333333333333333333333333333333333333333333333333333333333333333333333
0.01036199276149131918574949336408009570207779419845195408678234809514331027409448458796609429610569403735872639722896305583998737

S21 
0.00374584969063617706106546612329634138418642031465901576819706831613301991443118148971202271788485391331585732413378219741929243
0.00018415785872533613137765814319213665355740026246220934723748915699527857242337931201873576401888802221575240242369813192521853

0.01897195791432612912274834678534002375499841151867617553516806526178811968638475343397745568868139967321807814728354610189299587
0.00092305255363993510893768575115750752512140307111929681168756252856462908475280551097555834180485362427100221896063083686262235

0.07894098924805215514270334413087004472857791171130527015070889016146991032093286341087363546100989709384065423038926804727922588
0.00366189580283528431297391768923872215014392960545291863663120090471854225184624767493949161157155599313168723902142238574299585

0.11784198990004609444666680554013236616483564006444586514041388055500739852415498364157280268620190685745780722974222419622744944
0.00514626916650871648574833825791500098301187774529308397248758209270952892887878455245680234027293869964966775462133532739234958

0.15836657745822316981445976072373439311680447074641557749368834700099296180327073786608296981999913385770218815280754957208165653
0.00678082613461896202242747544635338019452281166100822127024766182482814105151132674736895078537963642107874806927272474634396019

0.20121954301712244405058242374240942671816893486288310405861123524209326678807967572507557249537894054597136620349867958741007655
0.00826815425957534253649700312585424720115605308885432075560626420425417858515266354790753221266675785731681938248189427486399182

0.24585554897860286696690340545083840049673724987457240893861432956617176812431206603782110863718481148150912107430388123534471576
0.00939575775471541482821847153481366628091761902551348943965853614021921594641021609592401604422119821048592791777140933848204115

0.29045568358268276005918129790250676568141988164104777256288067240321315265375535930583770281002498160619878484402445057650179879
0.01011045812881495434029756084655331354770672380904736659482015673902121830797935166734429087041288304832184016800653967905379819

0.49871071156053290392418297563861894445961677009392914387861914107803338056310713929003670836681708117530048155288234378344308107
0.00115785516352944285612243045178901330807223421626466285951752971504026099085546156476248510070272847113776793536772281570358566

0.49237062178115692937221082345748754339234097207036770092691691666292449921221973188187692699952742821437758690386557869371366262
0.00266560110079032271935438338689619130099131398266327813071737631009233138197800612407300089370778089758448676864887772869837282

0.48117599984224453158872391230695080774820514124617532361309587702761716382868404212720654672842455548074633228687251828993895327
0.00437291891863131185653332297357715812871305893768755917592483415024272961119407982214805230946365861868822782433393820418859372

0.46366844673760488973957695037982189494779026691906736969258857233852669047446355053549813754610962961491532337743949912994029820
0.00626247782308802015178284597394434061111794960273132497513451863569166236914591236647351689537019208988141407530675476123833880

0.43928649771025702772683323529912027686012459504573879809682922394355572003401022573705034219866126140559716968617429592746524259
0.00798870907986958145561338580189590170201940134687751792372232141100172186144543695003622870062832092925231698091058603228338288

0.40880449514855766006132938008653382349256260726175150795191345802554140374600132727326584105891621752489548086993705451352458521
0.00929987313418150157661963304471536615535583814073435654476141176053989453207612244709927026243210810357420800200010982546227031

0.37316263740356650434989488389995104422451341915080381624784338440961473061691721971081468445809333870109268278929381157823492599
0.01009816022145848660029998318262037997343567607858033180718102712333795401825576613523261609181451858182867102893330835653434911


S111 
0.97681040707848340751520015404227899771151745834892571283404656185748718675867550959112336082581336676567133572476568773009933072
0.00360071226582663509814667206415997653498051726738905670501337639347780598571272879658815804541106618105840689408734288030474388
0.00040653607500044232487833739779174777475755261001158625458697196663302101764004973893640678511259989154139531063004709586255896

0.94868417558840805456529071945615099307822301976216135009992062033032003442240045197445133967441612583991120151489066892090162638
0.00385578274989860026355380668634882234375541012217851776272996165891550539330015831212993662066349717486319647444654612569581855
0.00066323235177438631945368121735048962451058291588517146285292843919562396432079119775095520718405337387677454990244556997884387

0.91046833260456973265773170895052066827614479655754735153415258700579566432445462849281992926664081498632838524250290289247888242
0.00306574929963029611980971296976918739878891600211966053863162760030874262446526366392864157015775366059167497987481644526689817
0.00069825875099209801064946503702990126644641851468511597387365208941123221271694413663404148863412205930621484295508035509206848

0.86222387821916824567952646323325972744389760427423429152837635469613854930713183477283241111830870382091870588121562225817683320
0.00254960739667925330951936156200625117067045202617339910694856019894037241294220374771849710368761975406012948160436853660503602
0.00070953316020354281828692103655426794095171221673135303340586589274632354445574221260676351748140794470937295317856241509494352

0.80578935061147323870749615001037510809363828002570344055755502763861855670742284072855823091544950731857238174169279306105118819
0.00182149484554022037228219254276919159964596985928297990965465960984018624695527219121406180841895281563009995699014711004620841
0.00058401964960623451372429059790462011892853518693864357781065228470771884509389106189495938116067245893204753006769281524846296

0.73775026219376757469523389141817247270026316739704643028692095920721025758681756655755688564705769704587870032178943982418116170
0.00327458810998519433952955564796487137529270930612285052415789146265141929738677804664773920348619703064090969414897110611742058
0.00116470193061171275469012649358846898632280683430832998482101057952906822931727168806290814348654536436241677916257718255031488

0.66726222088286268640249729973128631242522304280904178066146916920642835205185086419203400605523162562248140369720562019857988921
0.00229229089147034537365906232824834951438697175225088524385701305428711927115858783582319328910158954278313095804607568811084093
0.00088459335403190421123336330129376172353019168070047451993888025164192609597334745514054985055511515832833118523529253821940711

0.58947988799351797984766486965505065297408513425121524305631035513810853728166869699775523839594068346804774983567268821500366005
0.00113478787809239640761685003503522712544266533901751467584516863095275203601787716018282108794152342436742815375155641703081605
0.00057797565494577535558730466445015241508825012053317897535782444354190992169900442103744817100122255640986481106817397504011330

0.93357612600006294965170602707148279105355029928255125399079843037355189408371757375827885634966436880050192810596938222025588379
0.02002021456159314510916374607235706467772588910334944102714416406181635705292550710158454208559222955558696654666102156536196738
0.00148741217341083187288587566258942241907571277371108269921776243992544081589276193428421956647141515315251246975701778934468855

0.89752034823140272354358127993848021587494371315962861024663280359937768105785042653114735108238161380089803690749162047828255331
0.01652484562571511030163926283993029398524946692809818133963149850634477871655287675732756269457466506376855934524875422684700280
0.00172615016072241113381328345007082738799223638970613548230466690660065057021073195557973910182135715776706899881035444009323845

0.84943377800380690040316117556327913882916089749051855912997335253448940185809185478584428864518684311391374153057872452211024577
0.01419846855352613438515022134627177495128996013681897913145271655379275720411259537379545442150892083102740933973442277552214983
0.00187901936313523989099833600890238550084979965499482156549845045627497064316393457398061948395759646387200827546155082600705583

0.79392246967395858857020400152308477367755208268864011564734835062431428100385649486298052730044396326549731369655696125500578216
0.01024970504165020211284191177874342255493852856617228554947898626544543299486946611824517255886857960565106733495283600933199360
0.00160661287358081739766060341233469573116947087233842636750913727113922014510808061211429392443781377834079807346879967269673579

0.77256361603664753948555117380921141332619016432980069407457587302635126476196636295037831668166158485816502797959538567006457701
0.02760381990641158153979409312873933686510972388387322611597554638553999282328154722604119881953582291267489969352511904576629838
0.00298584672056648011917141466568746977864040565080611512815666170496507264855596785000380320255103832070835390913452048955267521

0.71485859013123218624541049575581771641363999875287070130218359358125510061537800117066678199960997727983132803060944861156956380
0.01711550974491016548046663949085176842204221648066632302311502227047201590730831578908004678781081366433790262002932081913068494
0.00290396988529985695884452499789324376526805053673039347573624856506779934270979148947322921090771565210157230410930397566271291

0.64427407679471253187063080331268636507857278717550032388548153851465274564763659879233573211072731998558261280805025178571216438
0.01177709569701688836783352000674644390910616852604710952017323760848241030101429042600810425947419990437680528897923181234963661
0.00224337795994910372539613039373310141043145921647041543427001478901011933508417237479556734148245837464457350658587333176414415

0.56999078346127844064415643130691066092689196164835513978216928454529581784592085470288091605075554081853976267430016871678997683
0.00801616620285918097345956534009756696696337488684838010065959642402064309056467128905145525124573828776650474840127144481898546
0.00171381322151108940746425270269036329671630177839278537121316549390688723930423807713659993618427778940375509789076994182842172

0.90249810728060488284618117175750247507915794263625817677722547207454794335003860276187599125747524450929949011572066010324115392
0.04404497943108991033774837149811161646274644068372011612122103393464918673130760770884212835606872222207416244776068304831581038
0.00130493251748468879931550187307547150349888380863369231862544658874031059928474401138850530993132700311792199045469796652372012

0.86859855982382207790958832994755659820773604211137059210506338730369798080220694000281714328183770857649209989143291970693217243
0.04113927373760699825620059449497451761760908704458851995990975391124078483212851946013610744270100373847282127844920106225073264
0.00275005801986362820281045082153791428475300825655462767525911731580976655755829637407652439014475413122816939782440265661813933

0.82350799009947073935960130277659544989724931170487836362108926873070658927875618664621084539687620678209538520366368962579532142
0.03623383721200368195510498412417688037642339934930453065072400244823292246271883690565429262324840135965830900460376177700932678
0.00304009689086944715298749288562272434012601147177039922822181968834458763099115975621056973946596157265631644327080869918836481

0.75289400755210697987985186933797127575470705185765464303036496640778035777787642547924256294796107111560797794457185136071925213
0.05916031954343899810544328912280478708955144341953753771956124732467135737845072025222936184268701412550830894039993992433555330
0.00455513811396981916865931956637889678283299550796065456866944295426436512719267745883610279030188407508447083800390743805302446

0.69860170714614782155794697974315748234686530637940727993853391851327836801623343505759980322025155414091648140395972030303809715
0.04484583974262713741551435824434803515576004815406255242192120796512651743519373251277497508376051044018079649841801614311377820
0.00454539908143030034195917856441519682674796490860276315793509270549310756875589626363978628895789398870319180772804683332297764

0.63606839873216969673654680071166265006397788613064537508593763059238315798217719900261737436495552462039397721465807791857563153
0.03333678740477299343958340070920026329221564775180980149884637985767961222643486821604204548229591582361630090533010591475148326
0.00407853917648064931123830657982662097651654362601505431353800684187965256167963845302071838164765470823116487156543195597768381

0.56580538100523040740149546563734139623490240842222272986533882072799567457902766065261870487920571540377265572500784045484238110
0.02448161373188987022236188028420833369094986916743708368897034121337722789389257271311111492021647272996923569267155703439418992
0.00334145689739560508530873401926847466073689229284543438837606159166249980935155728553081389285103127249176658194371327703102609

0.80062704983889211700280721265916323384884822834865522487754180483266103696687410609400502418987165561086020643248374807420123762
0.07148993185914862786880875226274815239991843710305099819245272681615911017410450962471335753442380810531675501240102299408287339
0.00427045145527148650234285390197770470516818674254290768366874257562488508510776182606499928488735210711895345673342225447513492

0.67131397385402045347788058282956891723387548462833913571728371918791172258223491065598041691323875042617284540894829139178848478
0.08471733845575135555234188868979606907216875054402958907380878444362286404291943246614961754843357933122617912634313812628705818
0.00609587320599758682466552659838433115186121314880362626418852224363222000443321942701032709656233942555601534727423983548856775

0.61341243348423669859587410250007294159415756421134815945749844178587991259770927746652899040386137374203532740034633739243808547
0.06778645253106604683525212985322509764277057486214973792893912869840223146774636404918475908517078438547604609455475261488836527
0.00586573180351911947360774012131059430754788595859510573631802643356071226674364626480109302592979722146814348692496690226785629

0.54955316823657972187840526988643752873165801926410410359852787091397417629321918116049710971608200596923279821989546774438901512
0.05237983954665356227006050167523836280596035950388832578903635251974805029390259389974359025963652165806734424017366993187484898
0.00520024800865526939864765477771342372382299791290066106304396659050659552077625653928625540051852782664447681953406780383399268

0.72149986795157175599832307712438670579736250079631288257681933062985349834100503245093654744084360685766608634167384257181849069
0.10260911590765238388114476579948650257152790249194554955155801489710841220713052098815559398558735339256140961699643782269444124
0.00580742179170693918471980937591448431742175718896685831861592975727950182860100608068586241589596567829854591603839168731400083

0.58488939051499325278542769049141251715172674207905888958500889976283589491872455528331665461311252918269525950096393946671509400
0.11553183187829502837525729552493588424526806453133730124587684115198651290973090561512036675669460591409319680310481195957458912
0.00745513329990920294024890040681668377973849762431268471387124247999408547620906930834756482627076392704806969502326781928125514

0.52611271219625804676465582377870914990331340096774995888113364109951379638672519065294164753650150001003167776686492567955731019
0.09403000864707871852419760674343803644398681285483070070466529780180277200300735173764713916896906870730347846313100902853695478
0.00704019468343723890985758586983963434099247952521760237954251472487107165575519584559151866245381489353476000610075035212996226

0.63786084846176867563912940569906166480365199993080795108982451533052686671738613063817090537437812413626868607322607496624200041
0.13723379682326501290372492045658238436815580242093149348266022890534334449195796202747592318087554954885569958017929612793081323
0.00737408071150447397907195974303965328896180228673153170045478677555043859834150599710148536203050953645521383717496003977957511

0.49659259618088127544317844830395540980401438605525182619049931167196908443096960277164693148495128263564578606774658574837347558
0.14886519221217564015289825975649479131437441466628200732731093676813875964707935194422648583489964879169900049890366670075297891
0.00855533183039996646695789437700496671654345067831522097124752221772010263215546178169236625864155618682447162635411029686542191

0.55004220337021752512797068657738669469881932317034679602673692139311696668564323456573092697749799429438460625268179754270082867
0.17555276658350825326239305977745168286953654970323269298656932195650417298149507948008020056260552783592261412101439940904514795
0.00866927369085658268829258011451766657893447938153111322983619774142407682601470213162521158909007889310853432118949325686166285

0.46066861390063911699437002914310970209420078544632715780022747548440751130139849640585995789841122479822827870508104024910551346
0.21499048184769691752275595239846460132943778017538989686907227954248253710516922840501239178877305671384497157706962885091291084
0.00959716985849954239887696933088579309818085173986907151156887283485917355383295672495023447707108393120369634254128844592331493

