centroid  numS21    numS111   
true      15        26        

S1 
0.33333333333333333333333333333333333333333333333333333333333333333333333333333333333333333333333333333333333333333333333333333333
0.01184814580767003012651144071695665059331609543957543127754276026668319059292318248825247323188970305761380193480637708258609910

S21 
0.00187872768025761061662657430173608305979454960815267480151572634758179418445650816283886408397784404806730219532054974526133733
0.00007805077137375553767992274219472596291086446153744852546384620543722313912945756628698261462956068472919461362289247116389342

0.02548318023880765097767754273600768418138925560567033817670228206851316784591777933097953455492540967986154900754969665654926240
0.00176628921593379851773833938222175277350685346307554266236629496933842945325987618098866100105888062529145059545494270385033369

0.05376049597224691518168680795113132963608782892275557631797375490335156080076726862609792741303037493682623393731131987374714986
0.00305787683597790044742557500849102925279800918613219376972803684415656660873105646795284053454151945858232654755732333720384523

0.08051608387310281322763382944536554413607680070376262754404942812820599679330873786999923535012611030857551882033137994040860176
0.00316994859709649473365664871133971319601425073173733780915587476216446194277554091749078265683831543354769300716771103724475271

0.10127058534151970457959237480870440174048616930233407645088521591452206305492853999401322498623924782916185387414886920734664407
0.00380261614334336885327194926077581490934787280165049614096986390579526324965401288763478151258454183837160576951188211832460173

0.13971050351092190393871050061922306030739214171497371463414691019727612793288280992300460130225722950436130451644856353682299228
0.00788956391302524443136994658542337202209351885933357702534211852244765863679506228772310460911690884383407057849294409873687057

0.23352430997391884309664275210109358462159585398477684049792159586494214913153502436325606871464424209241791302192182805884833312
0.01165943757377230467890716381576835868916192406463205646258745374985305141180035613101778935210131687680268230615175747505261417

0.28356887797983074615242223830471117484195664418248246527109158797718809576555354331694556181701134585055525375908970694791630446
0.01233968294572311371421699730144021958750233673863595621050031759105787074525131850311546357852656562762459679761537395761601185

0.49950782645478150657753591675018577643748129458847210408293687160126432973570584087040955862292581001890491718661263198467864490
0.00090929531010618750340309617077354667488776019195429513268315619997986350452752969793484530867715985562610583637095698640461224

0.49323969845083742443580808173097033708092159346952198582832701909877772881528361419570882338046701812561532726489148808727394786
0.00307433733372188651963285793168714161537772287166229283269585236344816309228525131288359089119937089185477129924158627609482000

0.47983203257211600694546088946728961587266497188855295378587115033087288618229660431756646606103383378326404990908018743756620019
0.00531871677129159692135852738969302661257096736698050148672213959387655005331485588471303881672668946059685603864866515830624292

0.46045410088165868873951499999698208085148023031364159735804500428482827805644336300637781844653010518469040397023504236059540538
0.00761820755011742637487150216764915089591338221876755664616638809753563394883007776378704416199785354978381729904451089778051107

0.43801966206879993411099264357480479858087374615656719585541758755073029164273319030676568624447596799498871172904272258270512368
0.00730756409192429421410656760489452233443455438891233458828735882636855950594924817620693799667543346010496364893907194934051365

0.41066885983304394795353770697323481526236800453431095443518018206961737759737365228331306114598019533014389126194701276542235962
0.00999186034632439074200334356177416407891148947968712744666503100494192809030755249864256685048217067904486008015662255860084598

0.37386311652861839207297575974905327265439335434524301698336560204587252819415143971676715279769450975098210626679221553005219728
0.01190020775761451164599313868968629904144327000730825021078891598940711701927150627794183942226699180385097942475028427871954696


S111 
0.97918069102817752368762414214919346056855523805174532528082746118487402480236464076479119795906169821784682287890942612025593137
0.00438932988615098290220755785501132171457159085043754759579513482028439892537204852938207359004682245923699777342589283634519867
0.00049148691273839126175888830350348595507587408861718923256956022676297943632947090747990740600328020988003032742083213414929388

0.95000940873384245666767336853389095611646075869447865893240854101434043628987939548563720414180862265668454674552279148183242976
0.00494028192630191499815109056838983207193395001025244701218210497460406766579471113701139783938925942520537049645688365542494296
0.00089479054658753107909583994112384925270156207972330829653740784845459479120671964523613772225015943230527642780483377853048457

0.90894670278345384794112590900095983008925131618250049353511047310096214751275554579380257082640729730868044289918292992709012821
0.00312008636649166781443018792649053396030618471741603672695913529813246095249232817582944985914861920216118921962972341585752678
0.00084566328698734378133909755473892098222204724034848762333310478421075974722830331806834829153431069261977772144269053922543806

0.68275725504301331515480444033423299847883960390332345433308982476157515689044152964194143785768631511196309597204790561338901727
0.00442278383927344129966434498341748298574185185838132407520630372720940177108768171407665768175271778207771157725191703534312303
0.00186484728185038885456895594039371555385074349861109958551563259915030177733759545149457586645919128637050941962638962558046800

0.59819912734904132420089149573006954340262759165620964678087939120084097077520905843358917537444939428858394278672022798231594459
0.00257666690442922138260889886777178691343649265512638793997411810004234971290456188283823690198098362447180313874532272119454351
0.00123199329039682610545774389292819483579249445873307807974042873042326956577075757594509097438237171277840914116645161631700891

0.91233782558215071504923678035145496115981868652490928668919650417706923421442698017890985827640123174111437033678964584039968029
0.02207745779621983920146263719708622237388799521501084365493303075349418661856649672155574429915560588017236227139501066433404093
0.00233509130712206219788997988736957185477911466549198037103522121085194238148199527286343537862410183424215016387412048562398001

0.86791353002820097389932083272436030661214544505241766372991491294827336673664042699770531265945272148975884285174820743621997497
0.01384490809641724631814999845181632776767381943960456634918314507992268364348143491436564157973286903684970155267000813086982229
0.00227321565044669443019765020525509816354769910036164889936780284586056037692323050545657558895526513684646821594396595320984218

0.84851532107061727392591880901357069370140459708650461269711521767820262148672053045338210353267174690187801868804931790030145858
0.00017052179935783706169395050323723449474133771104464467896465672402941215801118949589274783588618595370945324496479355774536109
0.00051009618245482082080776038188817362999583341427770223378343503139426828241995279761800200249201697837449350878821240241818939

0.76246192638514150007136812312443215305228667724337430705424242938726080842360586876496786437332973659905576028062115023907276662
0.00389340474117636155365992241868648756048684548968231654285124152569385855824802352151148792882737024986690729064030390795372353
0.00153393686539947443611080351405142438922043847605496005613099031538142942695820929658501886002760948476351065734950449426805081

0.56868218443799951075689804423868587843644715149004287751892409956121280105294410777086860692817866968956010639976708070659352487
0.01300207213955037119060254022468056979825593098731474786734084963440287062804814872082762173448651467135966762039361052447212167
0.00265040709107889703813290181295050838252278524190136633851298128918697133499216954724240402899673235380675958353680340866258398

0.84757075510196911662219608001149454792885469228578522198429239104793470144832315480070602898643268637906230400491901928208586740
0.04333588212468053215390130913030385212589887847472922994860166942203487627179129854959062753837843146930719938307211650595755511
0.00426691746708784541060797078036863965757573639490514743383912457524932836999650171519762663203097944422431095954510691747514162

0.79021415175831378420397764299120867250501449387594785272768914613798076377971782717859543038358288327219146045354330621860569343
0.03557942117855212833846407735079509996491833477567941564571025156099502222873574396270295899814875215512685750574217691160111675
0.00439594331999762775753110476535728745308048065212921193787859089669577079829045816867006752870717105421224602009670600759783657

0.81227043795807712841554752526622595351217735867331914675720721546379389505699381754349188043223243722132174005189570104093449322
0.01111629884086535305143950808967159906536756182908926382410413006609239519037815112405125579653505862759763214078314112869812555
0.00220372747527742603509550835725379319563799241044302219190813098565676769551135353437327263496696500377083615556841245440826850

0.72570611139470294102861791541148370169385416621259467944199069525545156185345641746747366888649121419767986173500778271208176708
0.02309223281295951543318608330216247699678349748612377966636802504753440575511551358206337207105666983343427373055591541629045472
0.00441432865091018707288866003948451254189729686027445722015943280094543094178316657941091325996034733109763982391421041518826627

0.64277470016393759770058115160558339782822423277057988760259140868624313442861909107676314705899142784828941504626923249061230057
0.02072652499490498022279003671791198690186344588304880690794914720274694207324162337392212053670957809016109531563821570574273485
0.00381290108110633032122886376941161286778288977282786251329518690217069258352866504575292216845776347158426366849467246325945875

0.56085785782677291605328399908374648808869162871543604961295426766850808130917604929548074693922901363267742378022660326651297630
0.03858888135870491724491395405743826961893786252610877817153181263668968542793179929604249014794242060125515949737661754896445597
0.00528718391406826179282844927989738830416567188527142821444799937176666100380956038643776650379511660415578448478393862153721189

0.77078548693159372558273219379490855066518860550365950162399418296463267726401667432820411175456094295410118425952166339410122825
0.07739415260700379955111491331678502392636006520595859249729192336162939600559869244017716796097642920836074603733739820353537112
0.00622311969212463101935891194588409250150386132079308654277451753589406564634084340074324822825592411097081298887204031043859065

0.71173157799851049553200820799682632079879918694005803883627928453076019663137976893525461927527229265766906552682680370204968324
0.06027150934273892498421097791140631604686096713105682797938980873473201321720197687240956370766159640903012710649610132184033725
0.00625920630829945452252010056499028318461391950101989631660558822438166207880779316481230602320311065042951030915902294886805444

0.64115241700652005287781783590910139199009663433417020138152485991142229791233308900475007510180296677271612890352193474725775630
0.05168788270290689669021813312905379661588795909806621487064738204094575518160443777496344452518656591906040621053312668275868964
0.00632452971429537899099820935948944606769359589490189516632381060352314832591306632893350685923074122997469351398909722583195994

0.68477860698999979601812084490218953793028491243377020966479857703164141000106226270074176781086497939030335645263785241413409503
0.10887757203240039374143609848949205211525690407931123379985744644007279681492391141775047866854076860966157574751275627395936378
0.00750123242899413999366068758532185991456910344533825445396347056867787223889797214292817109139920955890703714163860034468979271

0.61481492727002170069595950061171181765810165683895612516403722648912368192373820882083615478550675839448361627445673619903838746
0.10023132371769699677784589138050189153750328797397068464404411872517045619836785238988018474268731817233097702825311504962832769
0.00869389991279944896612879208845878667687438228504213672768072850064872545198712948502945078590401933794485654288577771704198931

0.54829291368145726276120419406965850341324264169195720305785308103675236698889842994015046374380317918084939477782273678031138636
0.07763385167652738373347844823034080303007256568180604667323277497265110752695724256272808792567400520206527538019005137548024360
0.00785467769030929358533645180780369781909213100677487678743954503806329542948436681188349584909123419831461234712743881118747863

0.62954042389521050100569411116647902615689464735631721544445386241494898530233792861604943046811953653071295530649082267357678984
0.16397911253547788336255180943255375020378451992358952815967648220967343871193991448882849891336242944493114170810857823218079743
0.00746640168288992375104175443890419800521599189698121815324695172620356972758451869122792314138118618058325558954245835074769545

0.56690794807149285323926325020763984598379174693132096738160792870149235570708491804480491741004483122662727579019063975744107303
0.16020205707972515168519780100287127167280867847006125837732439991270804941547064856547890170587201220191637358349078997460411783
0.00917550867709680915830494232456972584540619811158086571848746209849199212601286767676325357490124536192112114974030237027501141

0.51200443376981163018004727059315388641832432441444992106987708892177534783618078732193476455820322461413186367262644163822413630
0.13165250973356545877296428423317373273624232101504884565149399893620379744890574464261950166001574292205362332122975014445041840
0.00976694792673115995891539380192343854610665834969527386771263634110730611068471632893073199088230660970517817587829180825158121

0.47354280392211364529006493845486162797334256608159714218086508840251866987540830676945751798195338395886970778075533635012389502
0.20327655436112706288305696085157994995967929075610138626679096175042687250913632855043014120697245377860846926628544561514565965
0.01147209376299817588595821604194576716341876029196782401639180792482859905095673452904696741574771734245783538464579329589863160

