centroid  numS21    numS111   
false     13        109       

S21 
0.0013048910960064053089839580878200264477665753305882833506264837
0.0000224676656762628235452138555161609328965304812898887917980810

0.0070642795495527707716408604869130358747727170664841169199106345
0.0001265471438086836029849261879245770807997230694259436053050207

0.0173350883951486768422317806209007342113762004300000753759175710
0.0003180330768794259057697648929947343979561721457273329235199493

0.0327394839886437155036260102754623087463661170647016437093644937
0.0005806968129109627719549956084322518312619101443230344834061401

0.0505810087330208353777790505478226202142881041862472154864227353
0.0008856977348698437731740695794823942405019469255382552144865089

0.0710931542435296709351038932482405645960029481245675103630538336
0.0011514062772524951002624792839909077323894388107530099678126237

0.0931837367351253820530217915364541848680812082059685548171955890
0.0015190958570741689355238359110029722486522857233900251559208879

0.1253424991366098957470554721152925601694033215163488584022714525
0.0018772962466050817778332884070606160721359386210902233106493953

0.1885698999610196584616708997832408522922389205253558331377893815
0.0027233834853457199228495914057712079347425516875452849383509944

0.2144949405909551898261311017773070997041466259246388620094347716
0.0029669731849934430838709195706413693838753720363785772742772811

0.2405206584273509170418178295226400755643408489758655012246003539
0.0033285706888667408280819325534449403430126039438777062876383840

0.2681098138661174526933718233458061163449806740283504520392245993
0.0036340262752374626950440770056960485113427521377775898980794769

0.3193912381161851931682822922437762615222752663063061224376583818
0.0035014567137434982194750774794037699859733531612938310874596829


S111 
0.9917555227142945575860256200143341151359549184532959565432021998
0.0013485805877583670905422952166536423279632909252817607165440130
0.0000541710126169782172859206000720495720688299544606328947829338

0.9816901637749081460608692964981496674873652440940002275041857760
0.0013286928383014146475269152840341725067544776968710941603218716
0.0000841383982931289350318061084331267916223569926709472738453173

0.9670872929731418451452865122465664178488315554650949849028148158
0.0013999827877103340642756319821174544393834416186281642134464931
0.0001198752743904693466548036196688145056925187528636958086163792

0.9483656207648101104941252053141085867559756956766408773153493280
0.0013091767189025348220519851657217880169411709998234629614301990
0.0001404565654817865342764852286373743679389725411775189748881088

0.9254550711745409350660042408356062846249876249069343786900235953
0.0013297194368147701645281425054344202035960607912919071940506692
0.0001693140062836694840183385688141877884183238727797077974940427

0.8989139585029660081993552057978332065117973790871144195432189479
0.0011233110923085780433288565176261317059030570110660816509110172
0.0001660733823455850589104714052806051068596637742614078371257530

0.8681181730884957615722069418615612783494339147493928745050126606
0.0013339082072758541310681205856260722122233876331205655878743120
0.0002216530277708099845557957138424894827271218029037378805186507

0.8340542505852948158374104974006649248741232881269666649797677195
0.0012592769474828358584005389606467639912459776047297864156756849
0.0002318862901471063877071066789610498639291621386209946663979754

0.7964109241070412350966021104619411082745306130838910872943980302
0.0013167324725179108875532569073199376853044265857132551994317173
0.0002649766928140365828298995119071600232897876030478108904612363

0.7557871571261457746355424742294972617417569639940680403463450820
0.0013510431136357002760363762282490480315984427442829554147849914
0.0002899182854610716636953013251523472612245187160280820919109847

0.7128232701001375058527275382331835623804302358628462660928432126
0.0011852952385429610547971322893981808360234849977077319396593620
0.0002702721997090128023716115345960946963701362078287210597961445

0.6675874292168819578689155021454233633701807429193154398730484992
0.0012598871832480981074767386516716103710182655580714085832905930
0.0002969620617476327633625305585934885931436206133735655448705085

0.6208040200331779914641524964349061413199118285939576487635387043
0.0012975612643917651850660564795805045187699044384809493678634539
0.0003153451007029096930673720033130611992554627460152913084420327

0.5729500255648363162738849460878025695958587579157293260685066484
0.0010994854312407474495159077523544344070030124779438534756528367
0.0002754985053528495366389114062848499658878235409187325584358023

0.5238873740266367166961140325630262815575723812049797947640248428
0.0013709304790881446618823211083982217983334339840944390314080646
0.0003454171405589282444548989422842327927080739604739317908088253

0.9757607842992070659172639745814436929864553286847136364350761417
0.0070255924992301794110954617199091201081186620345990037897511466
0.0001972306047495963289417375866065199733038828076220400731622473

0.9609401241433896858744043769876315025800754749475113997361656147
0.0073351998240999081658970349495955805530692523429225701677431575
0.0002751944307003957363628457699998081224549588340581681645558031

0.9425610123996230447018926099248590206047526416346210854380091346
0.0069146203242249007325549730129225636787950761616205150087117743
0.0003295101492935823081758746641143382757949762492437668445980394

0.9194276767066516753612437946604256884647042057723403750272745653
0.0069480351742574317274285566370020601171451298931087673140264245
0.0003932604888352498281976668293916431907821990744375323113554446

0.8932614085786957913571225329063849307206149108760359184899755978
0.0060192740585088233064505120317913129259640178203711088229242938
0.0004039897410119788277176956398827895434886322581184102896922456

0.8611048137095876784715352026024143743737632598703037453704443440
0.0070174638762305881044688784959069540288253809835859893153194139
0.0005210229358974275912113758040419027548573008428498108028565692

0.8271482465175927998104547966269454059199491986085040266948707134
0.0066152881758987265337430549509077925821536992443657595614793216
0.0005385020501628700727588173213198962728687728482831920174918717

0.7893420030791380843201635470865153065946084402877411914397144492
0.0069732105658754627410494040626203964336575894869086292664280848
0.0006151263836631087507918995471333843563272770823490495065694444

0.7492923276508126728481080290938179965827546043415871311635252603
0.0070226382247494906484315030831941436697345797328550581106403791
0.0006450739776682878635123395380140749951800262616312209757670368

0.7076393739889805174216004409779248073197364396483026545425638226
0.0063380330011634629517071279866238494451865287825193591731286496
0.0006361391265028727242186847896505878773844209519592518786771698

0.6627466342784699917544580253870874458511701071481186525211858648
0.0065826278349928614178297151227190203183483799080037087874894738
0.0006745798273588216574828233459077602765662037224169719131656438

0.6161183327115684325105462168867136415517247973230146402631781419
0.0067835335383170831765938509172019550697392916219257735141097283
0.0007175098523573015435467643521936256228103293972434095989808294

0.5692512517506134082114594477842900088923867660876300216027777085
0.0059133186516800281987521552879740219427733951264842867202125286
0.0006564187382576044896778543637345584941215708627462564227360797

0.5203913453193554957476694178264068779987689947628345175055825699
0.0072187796523504262798621980207554351498341641492419967227472099
0.0007847529807093010766313828616632852337750154913621504748127421

0.9499446228452939663939667232746901474995464302202549722759054225
0.0178396167267780805310245818432744095051953304653435507628233208
0.0004350324485269363312042663789018980438330706824261345998283896

0.9315976080929835737513480696027464854506373065512831011942897095
0.0170176676542886629991055719741085972499003713550058628611965308
0.0005257951945960320193388942781386435676959202710428876379164313

0.9084594711445243413655599807119874938299464469029735001811708562
0.0168641494606905344951408680782191326189567006127443800751016628
0.0006055868150976467740402514129503685609196810114255391022283279

0.8832925764362034330897138327013815445412311027758675385012933971
0.0150326584885232537209065232286730908997842756417066287484835740
0.0006463361523312967724889101970666521818210746121842267406275624

0.8502211610441313249259374380611275400328491307804154629507942187
0.0171975444678308478440312515478129823038906884800256090967306604
0.0008057570389559572958875017402706627806156013672946822034836361

0.8169527792530122676454511775411741851804795450237968380550187927
0.0162485936271675252523148215614717784434781300336077738153778086
0.0008469328872834479063619246612993689484396105611124894467290252

0.7786218064045260766132499750010942207697505697638614396406457434
0.0171640876826814821562813848675897892027624719330966822069467277
0.0009661109467503716615116648295688831591519922285519908931086970

0.7385413105671798358285754525110890372857491870981944443079503930
0.0168704163734693862573682144235896588912681496720732162130891972
0.0009856527101779930785568286016946642054675207565212335799472883

0.6969944989409434940575318516976709833773376002525456968781127928
0.0158476860169187643580224079087634065613734964034910239649701082
0.0010212759294166823068423718526289825533944149350588210936560617

0.6527444175512392702500437025993508919973800040310424184966758813
0.0159564654551235947554152392942304734599364874029471966940140577
0.0010066440547808872333711217517047268213665506709263721697174198

0.6075403611888373975177181275884034064587613486123834252070605246
0.0164281666562069396024823536404865150565604137505959766305724347
0.0010434083391597441101836064618543949540715495465227942755513305

0.5629623581281585621770531696414807184151697084422961878166855627
0.0148870502593856847700104443435432978907729865084602941296250982
0.0010353388611508028276139439440117430239528796687689576202702997

0.5146526393133778884724981641261800158220282150503709597285577329
0.0177068534275993335220506689871412839456516971732714254843549868
0.0011994085018029359590185096438734853863636578767159476634102399

0.9165320739855820691999458526946356053764002876452699813204356375
0.0315774656017745417683290102374533596285180789307349107840389769
0.0007127806289187043874292367172353803691479390466193253032360016

0.8939914130432567902131753501079069094182131000075820798421547618
0.0308560761926928252463556922294861916227865507350453129657599769
0.0008058595891849069524328292096785868230453389918109944759082103

0.8694491856616414584049243355766930456872296954155185812263780015
0.0283326861381587273570623646784276053814485096289457357361785580
0.0008912545082007975062698187559024314027301844355802922047806290

0.8357076477289239423382665487944670150215337595450454367021922214
0.0317220729299756863266129109290771365537155090046084868950326774
0.0010571998884615214530944681536269833784288984273679340083022506

0.8038394587051868622270286515875275194502261052021276762536196256
0.0302426124494008526877044346745329217921046796730896566200256965
0.0011237956438898159108689009958815894124726151967044221833582796

0.7670688261601135353000945649781144173539928398872796829849589463
0.0316320564694487759071778050592897801732089885839810373580320159
0.0011992750801267864191971415370595009575621640543416694629986862

0.7299364663755281697972031474904862068780329218262536259566454418
0.0307842958205425275703922547726690388201404688451195911209784772
0.0012471457481594820025697650173633882038814938250030767429238324

0.6896479434682403340850837831303909875553490338434049955254663080
0.0299097825237478976719479562324471492250513731285188057779283442
0.0013619935053418768746389057847589567731185294929567708789881027

0.6471364291935780193821778196589714982495675049491287259619661179
0.0291565434886282823954335055556171031862165242982559680030661419
0.0013452713630739335409183893699103931068423831510352025779309821

0.6016478281563317445523247189301397750424515057202800844964609427
0.0294911773640948429928860729195569659088370962986326772944149035
0.0013316620712378133403310373806781968438376748057733482382217599

0.5551342761905904092849032506517808731672373923796959290051911962
0.0284000532191227554482912657995401361530577099166213515894738860
0.0014762414210591539880715879522126505314487986204048523987432885

0.5064650590880527346402886624041526749212273017472863880322334985
0.0327123395265047777664267302017701470544072178867362807684639294
0.0015735433903566583419402921789649917848115396817323986958688925

0.8774329466143371237913915151773236459255875823109611350145067693
0.0488843056979552042503378585392598200108892011238825892583653669
0.0010027491051465296700390094373275954049066493634535901518347720

0.8530790538692332316761789003606237995817434074229980125737536190
0.0459235695558997689155991689473535262117603955134225674883328469
0.0011333541836397318259448659002815442259493664603451264322460768

0.8189244472629978050247274960837547161427610084406847354373937642
0.0500231139046258926596631544079140146754275125972765799607425229
0.0012905074647119543112242109093612972515671907126819608127672763

0.7858949720040598421057397959505397378188946779593078039598401035
0.0489194935933176584351506704361894879956065834198393619717056475
0.0015041374170957711342498918030657215167787955389723086025525763

0.7472332403408599123597232232333025353692049124762299433874089144
0.0495777386005667205227585359107518113716047584808830810807744593
0.0015406926320882457800258469810598474570671005967703461095769811

0.7077174252124231345051030708094543173870243704427880618584691741
0.0484208007370946542358847898761539559924743180674274854402801769
0.0016463656819327477385129838604045980516860417254505776053159016

0.6659334383680700770842372729277515822932610463168518610311591437
0.0477975653602860406403355860064953748318800598370249177458543338
0.0017021042736270634165658784842492670132401698314550831188664478

0.6245702452646184582534468764721771377369929158501640263739578506
0.0460514727742211349301686764514934214391471705142619362546083985
0.0016374131760041650633032902652428362241326515514691855116000722

0.5819952891092332426810743602968010252368210413000958785687570865
0.0442535383803497244637909176387510486411117859305917778514087591
0.0012927310711878852610883212912100171568945285775479414210598658

0.5402925367065666934312144640903089717648216528862302763713737600
0.0468507205862675062770225897539070611004707114508106997475020448
0.0017167318729751411619947014613203579582086221296695843272110029

0.8355670960388060334964219925139808133985650307355286905855846911
0.0674157357379277766475936162831603228813030973627618947832838742
0.0012644964391073210741932894993907780966515935952098045668555994

0.8047349174334901048710259233327262795979680751124308964925344778
0.0712733598646813755106295395308089878450208149199409009984293940
0.0013293432590372171973301381158798624816304514830726727073896040

0.7729602614076836010407540192406410824803166205572469487736786414
0.0722993499978389404841146537071702698413021687625613694552836417
0.0016304397473817493662744758972735655512569982353184008671845720

0.7411173233475674657990088163340581327634103899457541710348179456
0.0705441782002950029340836728401059925266468655982761836964127014
0.0016087064973299553991714256885996486694079039727428990295622456

0.7027460323653800337780284581752962470059410357145907957236026284
0.0703383164215851615023535638681043614300050174020985024178828206
0.0018628822920815244067558909879368324917064155303173338988388569

0.6622184324860465945441899919318504322875048098244382707880055557
0.0695644132876177170567449401960879554331394476053011711040737736
0.0019726055360947353836531025674671967562426182894308052689777733

0.6186370982731353301761833847984223598715566491769897798825957784
0.0682212974865647033588282931065866719695046820200711246283804244
0.0021513780858523529275242516381277838798104553848535189361134448

0.5781866641537099639305030790879571175504123234228758037881654619
0.0615106289568045651976724957261257158283217098586530154948834514
0.0017294864922895040481412792684015773062153462386991024514884031

0.5297220610684288814362164461109481893297732973185009804408091314
0.0693080417547888641445909890036634584428653635049178766765776608
0.0021603741699993181274822687913456990833513559421207061137441271

0.4949739325746858349350248712814274359112411323695942201165341895
0.0521800472045317509857579315049455602400269554825412214734203609
0.0018146255915937524015217609109905873154410648971457002064255249

0.7812013807640340621639523574518157213103976158412546755977570405
0.0961661451974025836247202043305272298639997675868605311192461052
0.0016981480967491869892055008848120084157262537388846187375526816

0.7448073770468995372326741427998060297542235802721724561370428391
0.0993079576398966486860918905272882220967067536179740321561029751
0.0020171422399713123938487905120323679394793004799146547846740995

0.7133607852356700550326471683026503139501851999868180229892037433
0.0940751526736472842833744127997419855029597109938185983414345513
0.0019113699810301396066681873793152449427001036779079240306306333

0.6732226310293912813765702105458403154353419765447592340308151174
0.0952846880733599388347569563592711337394640643312399649583024718
0.0021171371635241544352496117749568604434453579363196267803143532

0.6346285624571790176302767894093553467675310177923999607474266339
0.0929285552100457402737298384859818379515029598181961647559089711
0.0019222085868027317710318254369214451407648612869031093184967018

0.5956513109563660808237741462087078463224125858518805208682004155
0.0946753564406396107067951144102053412087504878771599539449809493
0.0021421110822905324246349285218678358928495385797766846142644743

0.5645944009668842254001883313762360814394832561623279787742144165
0.0836160290164425123740298121299170601745085359744563916041342404
0.0020982114875067490918798857115001145343694344966075915458142808

0.5162874958683279995207801414844502315207386471039686116180722721
0.0966358669497274230184774678810406965336420640534883467920321246
0.0024934391214149419061002197715421777779631232192150546341961421

0.4837297424853781331146028982283440291175154360416759235361171089
0.0754890927974388037893033323564606428267671824689006190862623370
0.0021534298901218443546374635755064509562339049888590177998548637

0.7133275679621671716080207313764346753100057338041016253734190189
0.1298441142687644074555811044763699960935637209728480989010826415
0.0019756794086530751382987511213706434954503805137465406048724525

0.6898548403996282937029783262393365479499694933955884082535383911
0.1209236807397919079439132573279814430959915853820419119246378067
0.0019001164683653968140325148205211061311797426126130204485720826

0.6558143329742349963256910828967169967773085656883076586008207288
0.1231000998008587885991430814983926936787781242229879578622344293
0.0018847912488902894389297596316467472655375826876976810399175036

0.6237552109074135536143562901336749095224985186172871768073690441
0.1174846642815315359409222558672924862863114247293142525032723422
0.0018514045965683957000489493694709475665936525146151280101861256

0.5470163240994448466323626633527789872041902179573665102705612443
0.1130794459598681883759699467290647606212456618838388068550993260
0.0025243176687092518727080629075799621139897248507955764416269345

0.4707375698750723898934209482772993502527439472304211624045866911
0.1021070939215414765028464178067386347781810942538459057403132997
0.0024404606958071933114913416016785043386576512101865173391307966

0.6734785924165802141039430613439065682551262343251446755123301902
0.1540938632519426821352343676126008817508316182188316456052428015
0.0017021866685281649236758703298523397087901338664560695134582585

0.6437855894034264556723840350254800927406281843271079972993241112
0.1525423912587348718431952867121940470435724803878297995184867666
0.0022792366461115348515361821216813953843734684351124650677046216

0.6103917350904688920641891491489126368037362029103849128568347441
0.1440540129029670763951712247803096935287806139132154912136461287
0.0021711602353451946861603358737385170634743488557960611820301255

0.5813582985871211861582939473981313238350073142531913175123368432
0.1249573635665656366563145265239938169061733296929127140113195542
0.0025813134306169459934317864306845087930148406874206193981660676

0.5300633589202492190109462086621936860402366654755203406119355807
0.1460071807498367485990566456388469058035132073097116966448360320
0.0028701653100704918954059506957257207206013067754638847673655074

0.4972766713640729333823864095275310718190280948627659483951765419
0.1287899123684315073706886217895876178508438349766429349765501709
0.0028160796223004891377719563466370025225462536007609192166653284

0.4544936441972878923645491527887781542481473364609302687861823624
0.1315454454371477190080881733874312775573384439121207027796282891
0.0024948998220524996508242783528281328654525877701908106664382439

0.5946552837097600823326101229003908976196383839461590358691096982
0.1755644309908365408228946059244945259929511550126381656886838305
0.0026716314988497332008085363841969063591548368356230876853647067

0.5636867658892387239954690802430957453743556028878797596124793515
0.1593497429818998759016693126443986198704878055762104065649695925
0.0028879526083898145573214853716777113044167998922291081074212697

0.4392158307941299049160386138481673826933289732713518074500953229
0.1635235015381218726262687314022831915298153628011852104477525338
0.0027989887171977213930324979000927423245908391571668763533684945

0.5443022215067283211553568934606711490858707206739041284550997016
0.1974284564051563444676163346101285566034709457376388041872002780
0.0031260121601827682220419835487116079168221851103909214936970033

0.5116627141934023360804458984308781098708897060621313026016720723
0.1830336914463873786742566708285504178280016133242889643467419760
0.0031366704649261431091005905313469989105865413121881456317766352

0.4801943325914157408848555376666127217544209672185709618053526639
0.1642014819800425980203327085830937972787024260132614258991922079
0.0030300348081051318885079736807451548604059978040786494520039519

0.4213156937108788495340086814701368010492821419222601110949439928
0.1986237528094302100058257114880013423801836122374264535111834953
0.0030372758969382208559846746600621818432538570460526397681110158

0.4913434372346860782865382005827619118088663687877118455066129678
0.2231346542012968625581169703140137642992859392413636245889760831
0.0033215408741001869793323382926458651213442122975410969586730217

0.4609771483492310161618476555795725786082056503358122917719344986
0.2023140500791104190186220876334703827358147652033066371404770751
0.0032428768180426994484182493273716594355601167543752473675100210

0.4416837327075222802215662745229282068781594338295125862889517266
0.2419086210956232245429049883329946707870137726769173155291384080
0.0032011426435936467462913331645113604499752420369961947698569845

0.4027205647900282245129125132277307555639961528022083741385958046
0.2368951332068508703348694740875345202119642215009886618793412886
0.0033435742512484971349893932194773808956658067747514802368536552

0.4134133889650727254919178698523030923996502534150396072985950500
0.2792560449690470045252751450443377899775080871536965194905202231
0.0026921032354959781982383382121073716724009824651690695171756942

0.3788222833436806146874781669634898510677493046725491841791619842
0.2774825105282538113965894571911789981675341508731423479250443067
0.0029393306984704891015739651454994715441070630743001999234071109

