centroid  numS21    numS111   
false     21        210       

S21 
0.0007919670354975053006008067768561886623501777648925781250000000
0.0000082576949488425441334854548713906297052744776010513305664062

0.0041674807806365574483487002055426273727789521217346191406250000
0.0000445354490459114638230275762253995708306320011615753173828125

0.0102167584192803476833555365033134876284748315811157226562500000
0.0001089496510958752975052610256767593455151654779911041259765625

0.0188731297818363653873152685491731972433626651763916015625000000
0.0001992171260077974989915333692280796640261542052030563354492188

0.0299591538286526140599796974584023701027035713195800781250000000
0.0003105718682292873933890875459695735116838477551937103271484375

0.0432341481893886506182589357649703742936253547668457031250000000
0.0004373392371916672623916033657565094472374767065048217773437500

0.0585079102578728443839750639199337456375360488891601562500000000
0.0005749612167032445682671171205413429561303928494453430175781250

0.0755809724194046461676066428481135517358779907226562500000000000
0.0007174254547114947448346877756364392553223296999931335449218750

0.0941725659808518439364277696768112946301698684692382812500000000
0.0008581967366868594989173790743564040894852951169013977050781250

0.1140020193795308750539518882760603446513414382934570312500000000
0.0009910908949977918335622062429024481389205902814865112304687500

0.1347394644952071285359807006898336112499237060546875000000000000
0.0011119571855110531397731188363309229316655546426773071289062500

0.1560841951465014032507383490155916661024093627929687500000000000
0.0012122765755943028850166731658077878819312900304794311523437500

0.1777165762345438715374967841853504069149494171142578125000000000
0.0012914233755135710694783579555178221198730170726776123046875000

0.1993394554886200042975730184480198659002780914306640625000000000
0.0013448446699854507864480002155005422537215054035186767578125000

0.2206021081688848417545756319668726064264774322509765625000000000
0.0013686223873114388913108108170035848161205649375915527343750000

0.2412381913387256771041933234300813637673854827880859375000000000
0.0013640386469923205386978182218626898247748613357543945312500000

0.2609933474641215611633526805235305801033973693847656250000000000
0.0013331368323336104109166910802741767838597297668457031250000000

0.2795708269339090001892600412247702479362487792968750000000000000
0.0012738993207808873078801248368563392432406544685363769531250000

0.2968401201459161531381880649860249832272529602050781250000000000
0.0011978599220945657533726746990510036994237452745437622070312500

0.3126238463762796015998901566490530967712402343750000000000000000
0.0010917132182066430906575149606396735180169343948364257812500000

0.3264985354356676472420417667308356612920761108398437500000000000
0.0009427866081284070427434573780089976935414597392082214355468750


S111 
0.9950396456177720283520216071337927132844924926757812500000000000
0.0007917948586357104537314377523671282688155770301818847656250000
0.0000191786349881877447810709508280169188765285070985555648803711

0.9889826596772396394285919996036682277917861938476562500000000000
0.0007914754036518968811908525395892866072244942188262939453125000
0.0000300105738125941933457097032800220404169522225856781005859375

0.9802747089881364006558328583196271210908889770507812500000000000
0.0007900573885283038643931319278124192351242527365684509277343750
0.0000406291093663079140715574388842412645317381247878074645996094

0.9689610992143230516759899728640448302030563354492187500000000000
0.0007855687494708545699426127661979535332648083567619323730468750
0.0000508075224516756209858572845838864395773271098732948303222656

0.9550992763936869689445074982359074056148529052734375000000000000
0.0007775866955308204705316077465226953790988773107528686523437500
0.0000603404214224835541507084568646490652099600993096828460693359

0.9387584327886586699207782658049836754798889160156250000000000000
0.0007675341168702155998648795076633177814073860645294189453125000
0.0000691755330641493412086040493136351869907230138778686523437500

0.9200210245669383501976312800252344459295272827148437500000000000
0.0007570441085471417723071207994678388786269351840019226074218750
0.0000773605960647251027781715060349654322635615244507789611816406

0.8989841868515098255443263042252510786056518554687500000000000000
0.0007462883046594194448239423245183843391714617609977722167968750
0.0000848634404798597033513576914920406579767586663365364074707031

0.8757584468673291766549482417758554220199584960937500000000000000
0.0007348888018165794424468861834043309499975293874740600585937500
0.0000915968551824762204681754096391443908942164853215217590332031

0.8504680293142506952719372748106252402067184448242187500000000000
0.0007210330018249072429881163515119624207727611064910888671875000
0.0000972783817851305274626225183531857965135714039206504821777344

0.8232465404937678865593397858901880681514739990234375000000000000
0.0007053283546933817281521239550556856556795537471771240234375000
0.0001018977382362521214541339897863281294121406972408294677734375

0.7942359554207916172430259393877349793910980224609375000000000000
0.0006913712949107058596334707267772046179743483662605285644531250
0.0001059457705451160246766517669669838141999207437038421630859375

0.7635963033226585983115342060045804828405380249023437500000000000
0.0006744628842838826850852873562303102517034858465194702148437500
0.0001087240944106822592178304698329327493411256000399589538574219

0.7314900418850428520656237196817528456449508666992187500000000000
0.0006577314815851454006534471119493900914676487445831298828125000
0.0001106801917154805989544283373327004937891615554690361022949219

0.6980923127144116335784929106011986732482910156250000000000000000
0.0006398710171100295118068457256299552682321518659591674804687500
0.0001116227070339305171885538325859954511543037369847297668457031

0.6635841351505570306912318301328923553228378295898437500000000000
0.0006214461421685252154670231483635234326357021927833557128906250
0.0001116523019335255120136965456545397046284051612019538879394531

0.6281533676972351765144253477046731859445571899414062500000000000
0.0006025678779025315200124079950683153583668172359466552734375000
0.0001108132505833297050358218771570761873590527102351188659667969

0.5919941414247864575060020797536708414554595947265625000000000000
0.0005827967050177052486803486175404032110236585140228271484375000
0.0001090598645939033892095920696974076236074324697256088256835938

0.5553056589485935168326591337972786277532577514648437500000000000
0.0005629672518614041746773390961777749907923862338066101074218750
0.0001065887165975920461771786484916901827091351151466369628906250

0.5182947191071493042713314025604631751775741577148437500000000000
0.0005421308325565424128533731362722392077557742595672607421875000
0.0001032527414789875504566585284749180573271587491035461425781250

0.9856119303835250144985025144706014543771743774414062500000000000
0.0041655641479004454352796926741575589403510093688964843750000000
0.0000696715242072281124669982932395839725359110161662101745605469

0.9769149042123489445899053862376604229211807250976562500000000000
0.0041578114999395992396058474582787312101572751998901367187500000
0.0000942941872092456121693532233862811153812799602746963500976562

0.9656285149059375960689521889435127377510070800781250000000000000
0.0041340245172619242974842990179240587167441844940185546875000000
0.0001178853794471739722124828397831208803836489096283912658691406

0.9518128692256437872742935724090784788131713867187500000000000000
0.0040920451830394610759356055496027693152427673339843750000000000
0.0001399792242352988769216182163290795870125293731689453125000000

0.9355318909992181852786075069161597639322280883789062500000000000
0.0040393491000052638567607843356199737172573804855346679687500000
0.0001604613254389628137185075384962829048163257539272308349609375

0.9168621369567865331262623840302694588899612426757812500000000000
0.0039841490859339207669664872923931397963315248489379882812500000
0.0001794157596272493836869754701979218225460499525070190429687500

0.8959005667792629967749462593928910791873931884765625000000000000
0.0039273083181775901920329552297062036814168095588684082031250000
0.0001967580736242162094476459976988280686782673001289367675781250

0.8727596423008758819150898489169776439666748046875000000000000000
0.0038668528647202307993446801503978349501267075538635253906250000
0.0002122837975217875831814712261902400314284022897481918334960938

0.8475700487026457397021772521839011460542678833007812500000000000
0.0037944471213103491899487629268605815013870596885681152343750000
0.0002254690998537326829340848854954515445569995790719985961914062

0.8204643411629559679454359866213053464889526367187500000000000000
0.0037118805668748429404946165277578984387218952178955078125000000
0.0002361458402841271064787065370182972401380538940429687500000000

0.7915712055324084506224835422472096979618072509765625000000000000
0.0036376813010872265791162405434988613706082105636596679687500000
0.0002453796170623770487966008868596645697834901511669158935546875

0.7610672831589446740707671779091469943523406982421875000000000000
0.0035492789077786160607808074729518921230919659137725830078125000
0.0002518357759939415796424100335570983588695526123046875000000000

0.7291054331219664064178687112871557474136352539062500000000000000
0.0034606429350742830795828464118812917149625718593597412109375000
0.0002562337853777648549215284479174670195789076387882232666015625

0.6958642015730684970975516989710740745067596435546875000000000000
0.0033667123063436488021593628872096815030090510845184326171875000
0.0002583522311971541362239646044685059678158722817897796630859375

0.6615238995308359015723453921964392066001892089843750000000000000
0.0032698526732933912673784160318746216944418847560882568359375000
0.0002583619317126189239043621004299211563193239271640777587890625

0.6262743461644945108801607602799776941537857055664062500000000000
0.0031703225428560935679478394177976952050812542438507080078125000
0.0002562852078751554876952234440778966018115170300006866455078125

0.5903128695701091999126219889149069786071777343750000000000000000
0.0030664896678628023214685516251165608991868793964385986328125000
0.0002521476720850076929346383902696970835677348077297210693359375

0.5538363271503720097754808193712960928678512573242187500000000000
0.0029630762261425680308135621743304000119678676128387451171875000
0.0002464558918827445491844807534675965143833309412002563476562500

0.5170490386889365908018589834682643413543701171875000000000000000
0.0028542358985535662939392320680553893907926976680755615234375000
0.0002388212854136390484848656567962166263896506279706954956054688

0.9708896538098226169921645123395137488842010498046875000000000000
0.0101964825396530112816551039145451795775443315505981445312500000
0.0001473739784631297332264526778189406286401208490133285522460938

0.9596521983581173254052032461913768202066421508789062500000000000
0.0101374029133974603161805205786549777258187532424926757812500000
0.0001841495971178653948997772094031688538962043821811676025390625

0.9459193644885359741891761586884967982769012451171875000000000000
0.0100345981178907323744242674479210108984261751174926757812500000
0.0002185762433571718731627198106792775433859787881374359130859375

0.9297468183179471434840479560079984366893768310546875000000000000
0.0099062476440003131156197824225273507181555032730102539062500000
0.0002504857210443696088376930308783130385563708841800689697265625

0.9112030930238946835331148577097337692975997924804687500000000000
0.0097709390531610009617002887694070523139089345932006835937500000
0.0002799431284628429018705719766302308926242403686046600341796875

0.8903861123368003172018347868288401514291763305664062500000000000
0.0096305306497225361822556166657705034594982862472534179687500000
0.0003067877598665687982094907315655518686980940401554107666015625

0.8674121696624614852311196955270133912563323974609375000000000000
0.0094805801747542984420080713903189462143927812576293945312500000
0.0003307308975123311105097367867955426845583133399486541748046875

0.8424198938880543829910152453521732240915298461914062500000000000
0.0093049634528982027442678415241061884444206953048706054687500000
0.0003512356842913091979456463587183634444954805076122283935546875

0.8155433580665161219513947798986919224262237548828125000000000000
0.0091032199960474190908454872328547935467213392257690429687500000
0.0003677886939608247546945607453494631045032292604446411132812500

0.7868885973988960502722989076573867350816726684570312500000000000
0.0089184192952096452700061490759253501892089843750000000000000000
0.0003817913354665581552975506252067816603812389075756072998046875

0.7566529011738700738476381957298144698143005371093750000000000000
0.0087036256235317414203800367999974696431308984756469726562500000
0.0003918208389942118589563402331066299666417762637138366699218750

0.7249778610223701624803993581735994666814804077148437500000000000
0.0084849103702710551577759190422511892393231391906738281250000000
0.0003984476754729327028364815888039629498962312936782836914062500

0.6920432703655373662954275459924247115850448608398437500000000000
0.0082543035502401704284203276529296999797224998474121093750000000
0.0004015269444465148409445509614101865736301988363265991210937500

0.6580242484508316280766848649363964796066284179687500000000000000
0.0080177826014414740884994614589231787249445915222167968750000000
0.0004015347416329559425765549640630069916369393467903137207031250

0.6231073258717343410495459465892054140567779541015625000000000000
0.0077728657178163847868423985687513777520507574081420898437500000
0.0003981608682418680462446192169778669267543591558933258056640625

0.5874806208618171821100872875831555575132369995117187500000000000
0.0075194486576876549618897449533960752887651324272155761718750000
0.0003918831860077023930902240245188750122906640172004699707031250

0.5513297076848142630467464186949655413627624511718750000000000000
0.0072679372372235293703335301529477874282747507095336914062500000
0.0003832092676937278851595491957482408906798809766769409179687500

0.5148593145020631256514320739370305091142654418945312500000000000
0.0070040230260495286995769959048629971221089363098144531250000000
0.0003717129403760916200177844004315375059377402067184448242187500

0.9510987250264529846432992599147837609052658081054687500000000000
0.0187620068304219546340139146423098281957209110260009765625000000
0.0002487838994255247605791314668977065593935549259185791015625000

0.9374953680594177995999416452832520008087158203125000000000000000
0.0185724081577769394024723936809095903299748897552490234375000000
0.0002951754736514413703096781915746760205365717411041259765625000

0.9214879196725396237610539174056611955165863037109375000000000000
0.0183371534540006791980104594586009625345468521118164062500000000
0.0003381501973836239377524393034946115221828222274780273437500000

0.9031367108499860352210930614091921597719192504882812500000000000
0.0180869340380802184897746087699488271027803421020507812500000000
0.0003776707628914133794452434589317135760211385786533355712890625

0.8825423981424955766073026097728870809078216552734375000000000000
0.0178244666352797183350720189309868146665394306182861328125000000
0.0004134678297559375606366749433817631143028847873210906982421875

0.8598259040818355680713125366310123354196548461914062500000000000
0.0175434600757121209047006971104565309360623359680175781250000000
0.0004452603537658111898522861338278744369745254516601562500000000

0.8351324532096139341419416268763598054647445678710937500000000000
0.0172223121087351285773969777892489219084382057189941406250000000
0.0004726511169970583478225356621749142504995688796043395996093750

0.8086038237226682579006364903762005269527435302734375000000000000
0.0168519518877793088307281976767626474611461162567138671875000000
0.0004948036945275531301585703047862807579804211854934692382812500

0.7803200283945407322860887688875664025545120239257812500000000000
0.0165036241014038069507829931126252631656825542449951171875000000
0.0005129920378675373229121481344350286235567182302474975585937500

0.7504921522165658442915514569904189556837081909179687500000000000
0.0161094174440335087539200031869768281467258930206298828125000000
0.0005263219694433787137002878075975331739755347371101379394531250

0.7192476564483014644935110482037998735904693603515625000000000000
0.0157041567218818081674847064732603030279278755187988281250000000
0.0005352019750360112546744284500732646847609430551528930664062500

0.6867603591491491243914424558170139789581298828125000000000000000
0.0152753408059778071625967044155913754366338253021240234375000000
0.0005391566020496949820581256140883397165453061461448669433593750

0.6531871649267076973544021711859386414289474487304687500000000000
0.0148403327524200840531465317440051876474171876907348632812500000
0.0005394212900979936933451575065134875330841168761253356933593750

0.6187158364296634349699388621957041323184967041015625000000000000
0.0143850698117216936611217903418946661986410617828369140625000000
0.0005349596884529101304545095629805473436135798692703247070312500

0.5835239584000706525301893634605221450328826904296875000000000000
0.0139189057792926222656415546907737734727561473846435546875000000
0.0005268427185287259065932241597352003736887127161026000976562500

0.5477945124662363385326102616090793162584304809570312500000000000
0.0134542057067158441624465936570231860969215631484985351562500000
0.0005151533890070896350502072102983674994902685284614562988281250

0.5117325886676823420984305812453385442495346069335937500000000000
0.0129720811445245137738524476844759192317724227905273437500000000
0.0005001961177595044653887423891092112171463668346405029296875000

0.9266748844935740470063478824158664792776107788085937500000000000
0.0296588780771896293186884463466412853449583053588867187500000000
0.0003684715176771570445575509911151357300695963203907012939453125

0.9109065158995932609542478530784137547016143798828125000000000000
0.0292881799042763561746749445546811330132186412811279296875000000
0.0004221340192601443766159952097893892641877755522727966308593750

0.8928271450186375801649774075485765933990478515625000000000000000
0.0288891908413457625115494664669313351623713970184326171875000000
0.0004713228962841231302685618409498147229896858334541320800781250

0.8725383656519047903543651045765727758407592773437500000000000000
0.0284651595223770099984950121552174095995724201202392578125000000
0.0005156316955366259174517451491226438520243391394615173339843750

0.8501613582713507533128449722426012158393859863281250000000000000
0.0280109529759317611719016127835857332684099674224853515625000000
0.0005548722404407208097509851540962699800729751586914062500000000

0.8258440962077202573965450937976129353046417236328125000000000000
0.0275026626936779941545729855079116532579064369201660156250000000
0.0005887568956973633508070187225769132055575028061866760253906250

0.7997391873816642737793358719500247389078140258789062500000000000
0.0269187334443573150766226831365202087908983230590820312500000000
0.0006164637534222175549100675162605966761475428938865661621093750

0.7719074990964214233457596492371521890163421630859375000000000000
0.0263511393844387334373102760309848235920071601867675781250000000
0.0006384364206215070638300579375368215551134198904037475585937500

0.7425643928753160594169457908719778060913085937500000000000000000
0.0257236027107070400199440030064579332247376441955566406250000000
0.0006546678544831265609063586374816168245160952210426330566406250

0.7118291015580312519617223188106436282396316528320312500000000000
0.0250783588448506740420373972710876842029392719268798828125000000
0.0006656547915183658311807923801950437336927279829978942871093750

0.6798839415356962012637609404919203370809555053710937500000000000
0.0243891781406320763692097131070113391615450382232666015625000000
0.0006702185363784978096302058503397347521968185901641845703125000

0.6468640640581069245484968632808886468410491943359375000000000000
0.0236972646287956362209925487150030676275491714477539062500000000
0.0006702350926978358804098068191024140105582773685455322265625000

0.6129651625139717063817101916356477886438369750976562500000000000
0.0229696981666905435115477729368649306707084178924560546875000000
0.0006647820497257037443764038364690804883139207959175109863281250

0.5783455909463537381043352070264518260955810546875000000000000000
0.0222297453780108573984097830589234945364296436309814453125000000
0.0006548075243091185625166072981073739356361329555511474609375000

0.5431810625880101328633031698700506240129470825195312500000000000
0.0214851590141608324302513466363961924798786640167236328125000000
0.0006401205670770128332985882124717136321123689413070678710937500

0.5076638287473600463783895975211635231971740722656250000000000000
0.0207239111530366747204734423348782001994550228118896484375000000
0.0006218824748641491213796417270032179658301174640655517578125000

0.8980749202471369763145503384293988347053527832031250000000000000
0.0427027441272174179687226569512858986854553222656250000000000000
0.0005012918772941068893192473332476311043137684464454650878906250

0.8803451142619133085176486019918229430913925170898437500000000000
0.0421223582769070029052649317691248143091797828674316406250000000
0.0005598040778135924926128819123505309107713401317596435546875000

0.8604412715420398649612820918264333158731460571289062500000000000
0.0414968858426987760590343157218740088865160942077636718750000000
0.0006123358044397413666240503893334334861719980835914611816406250

0.8384775955928154278495867401943542063236236572265625000000000000
0.0408271617825665261714007669979764614254236221313476562500000000
0.0006587888471753447364523403884106755867833271622657775878906250

0.8146028417519824982306886340666096657514572143554687500000000000
0.0400883803941105010260059771098894998431205749511718750000000000
0.0006987940369409605763026394065207114181248471140861511230468750

0.7889786808583921784432391177688259631395339965820312500000000000
0.0392511219225875479521548072625591885298490524291992187500000000
0.0007319788348680439371563011263788212090730667114257812500000000

0.7616702721155248489992573013296350836753845214843750000000000000
0.0384076013517389153184566907839325722306966781616210937500000000
0.0007573179943957623200256890072523674461990594863891601562500000

0.7328891519774342055981719568080734461545944213867187500000000000
0.0374910671892536781490967712215933715924620628356933593750000000
0.0007757834443892806320156041444136008067289367318153381347656250

0.7027496819574635678051777176733594387769699096679687500000000000
0.0365538102028169706314564280091872205957770347595214843750000000
0.0007881444056518213323037080897393025225028395652770996093750000

0.6714501309270726192579559210571460425853729248046875000000000000
0.0355476760578245370991723461884248536080121994018554687500000000
0.0007933583116707949422358181479353333998005837202072143554687500

0.6391018684504337077356694862828589975833892822265625000000000000
0.0345365584608240197561634943212993675842881202697753906250000000
0.0007923626059930850449794514922530197509331628680229187011718750

0.6058963150939238317960189306177198886871337890625000000000000000
0.0334814371328250315329455588653218001127243041992187500000000000
0.0007861200280353389854143264514618749672081321477890014648437500

0.5719797203902458049284973640169482678174972534179687500000000000
0.0324067099723353638229816908733482705429196357727050781250000000
0.0007741632525007584959483852848904916754690930247306823730468750

0.5375167411883771118041863701364491134881973266601562500000000000
0.0313163710507705153607282966277125524356961250305175781250000000
0.0007567691819727198968004167056733422214165329933166503906250000

0.5026777663651054162130549229914322495460510253906250000000000000
0.0302122331977270272562741126876062480732798576354980468750000000
0.0007351411160200207670079031174736883258447051048278808593750000

0.8656696995616598444556188951537478715181350708007812500000000000
0.0577149271335544375438608710737753426656126976013183593750000000
0.0006422405949092508531395040449751832056790590286254882812500000

0.8462270418858139908735438439180143177509307861328125000000000000
0.0568491875067198143556268519205332268029451370239257812500000000
0.0007024612908854319884982553290342366381082683801651000976562500

0.8247602162362860367395001048862468451261520385742187500000000000
0.0559222145932820324798484534767339937388896942138671875000000000
0.0007555335032849472103044785598058297182433307170867919921875000

0.8014198867725219610491649291361682116985321044921875000000000000
0.0549077407768721256764443694464716827496886253356933593750000000
0.0008009734401260039642761467959530818916391581296920776367187500

0.7763629036025676555254904087632894515991210937500000000000000000
0.0537821122864161269006011423243762692436575889587402343750000000
0.0008392516147099315622706616757398023764835670590400695800781250

0.7496783908395238116284531315614003688097000122070312500000000000
0.0526097654168109080119464238123327959328889846801757812500000000
0.0008679189776176012048949925947738393006147816777229309082031250

0.7215551101233818043212409065745305269956588745117187500000000000
0.0513498631539853894745206730476638767868280410766601562500000000
0.0008885781591802175121558304837776631757151335477828979492187500

0.6921022890144895578501404997950885444879531860351562500000000000
0.0500641586458958134930874450674309628084301948547363281250000000
0.0009016072649452429527486274629666240798542276024818420410156250

0.6615294657971330094525796994275879114866256713867187500000000000
0.0486948309071098123235188381840998772531747817993164062500000000
0.0009076863464932849066488240730166126013500615954399108886718750

0.6299551930133118204935271933209151029586791992187500000000000000
0.0472979428002378299300545450023491866886615753173828125000000000
0.0009051786308712297945966440693155163899064064025878906250000000

0.5975460440616970902993898562272079288959503173828125000000000000
0.0458634520675917298215829021046374691650271415710449218750000000
0.0008975601652400824054245376260041666682809591293334960937500000

0.5644532307292065009818315957090817391872406005859375000000000000
0.0443942560571754796239218876507948152720928192138671875000000000
0.0008835109078780042229928071151334734167903661727905273437500000

0.5308225827291761511617096402915194630622863769531250000000000000
0.0428974792164587837017819538232288323342800140380859375000000000
0.0008637482633917442989557322619020851561799645423889160156250000

0.4967998715577580659541467866802122443914413452148437500000000000
0.0413832671000255378213061874248523963615298271179199218750000000
0.0008388463628064649632923299726883215043926611542701721191406250

0.8299387801210692527931200856983195990324020385742187500000000000
0.0744392853151221861596198436927807051688432693481445312500000000
0.0007846575052676350425090445739328970375936478376388549804687500

0.8090607249598219530284382017271127551794052124023437500000000000
0.0732145050002662028942879146597988437861204147338867187500000000
0.0008437306166743376804190157614016243314836174249649047851562500

0.7863531594461304896626074878440704196691513061523437500000000000
0.0718786393546454738245898852255777455866336822509765625000000000
0.0008941133008657438678221107686283630755497142672538757324218750

0.7619523003860012577703741953882854431867599487304687500000000000
0.0704295149436096890038783158161095343530178070068359375000000000
0.0009368274582070800198668747427177549980115145444869995117187500

0.7359896383229049821039779999409802258014678955078125000000000000
0.0688823385697156231888271804564283229410648345947265625000000000
0.0009688216639696177034241086900578920904081314802169799804687500

0.7086238041599400849790413303708191961050033569335937500000000000
0.0672305209076123760914001081800961401313543319702148437500000000
0.0009917340349475051511363155043454753467813134193420410156250000

0.6799659307260231821956608655455056577920913696289062500000000000
0.0655338034741448777209527065679139923304319381713867187500000000
0.0010049218168987701822747471425145704415626823902130126953125000

0.6502058498888295678952431444486137479543685913085937500000000000
0.0637607673856186302208115534995158668607473373413085937500000000
0.0010115090665220323028899995776441755879204720258712768554687500

0.6195015329717028507161558081861585378646850585937500000000000000
0.0619187216757517283616252257161249872297048568725585937500000000
0.0010081746525082966627062663889091709279455244541168212890625000

0.5879853613159116143549454136518761515617370605468750000000000000
0.0600465525903711438981957826399593614041805267333984375000000000
0.0009980892020626541162597877843154492438770830631256103515625000

0.5558199857808486799015668111678678542375564575195312500000000000
0.0581275860882953868125078145112638594582676887512207031250000000
0.0009817810879772040106444608298374987498391419649124145507812500

0.5231366075480762267702061762975063174962997436523437500000000000
0.0561700811056603868665071388477372238412499427795410156250000000
0.0009597796540640108654829365519844941445626318454742431640625000

0.4900586026246447346466084127314388751983642578125000000000000000
0.0541820053738666582154870354770537232980132102966308593750000000
0.0009321886002303959037687541844263705570483580231666564941406250

0.7914495700167728520213472620525863021612167358398437500000000000
0.0926102380952736059516183786399778909981250762939453125000000000
0.0009225701350825980459613440132216055644676089286804199218750000

0.7694648837308892819208949731546454131603240966796875000000000000
0.0909095353061655647719518924532167147845029830932617187500000000
0.0009774938496721018426488525321360611997079104185104370117187500

0.7458089971266923523529612793936394155025482177734375000000000000
0.0890956806811652596289619054914510343223810195922851562500000000
0.0010237060541142570073425144272505349363200366497039794921875000

0.7206537348955841526532140051131136715412139892578125000000000000
0.0871356314975846174553097966963832732290029525756835937500000000
0.0010589700677573110534218647771353971620555967092514038085937500

0.6941344738470831554622009207378141582012176513671875000000000000
0.0850511889813047039510252034233417361974716186523437500000000000
0.0010840141252660396263551856321782906888984143733978271484375000

0.6663825767728090987418454460566863417625427246093750000000000000
0.0828825916861716804895365839911391958594322204589843750000000000
0.0010972105108940500943492946106516683357767760753631591796875000

0.6375464915945618926684801408555358648300170898437500000000000000
0.0806564966374434116902492064582474995404481887817382812500000000
0.0011025540197699922311674880504028806171845644712448120117187500

0.6078222568525472047085145277378614991903305053710937500000000000
0.0783299020379682325865289271860092412680387496948242187500000000
0.0010991091342738106267223896495011103979777544736862182617187500

0.5773231025254229598075994545069988816976547241210937500000000000
0.0759560412665614137495140312239527702331542968750000000000000000
0.0010865496417591118030049335274611621571239084005355834960937500

0.5461898318517535155791620127274654805660247802734375000000000000
0.0735341479631312494591455219961062539368867874145507812500000000
0.0010680404009922777122665316085203812690451741218566894531250000

0.5145460550086541351433311319851782172918319702148437500000000000
0.0710655716055813568843291250232141464948654174804687500000000000
0.0010441211171072454100966497847480241034645587205886840820312500

0.4825026903216104168237166049948427826166152954101562500000000000
0.0685489827556423486631942409985640551894903182983398437500000000
0.0010148702868798278008133362249054698622785508632659912109375000

0.7508253341159449867348030238645151257514953613281250000000000000
0.1118999035074677295131806431527365930378437042236328125000000000
0.0010497214087837887074722287295003297913353890180587768554687500

0.7280285349040774844908696650236379355192184448242187500000000000
0.1096727160561072750288857946543430443853139877319335937500000000
0.0010980882066851387242334414651168117416091263294219970703125000

0.7037831535886034384219556159223429858684539794921875000000000000
0.1072700062471589194101895259336743038147687911987304687500000000
0.0011364001452949820756416210443262571061495691537857055664062500

0.6782067037497238048970871204801369458436965942382812500000000000
0.1047196401546672400728610341502644587308168411254882812500000000
0.0011640542473288781680218484382294263923540711402893066406250000

0.6514449120341228027797342292615212500095367431640625000000000000
0.1020320288428584465378889944986440241336822509765625000000000000
0.0011790822434942886676179085725379991345107555389404296875000000

0.6236095067387446011508700394188053905963897705078125000000000000
0.0992817928887618772471057582151843234896659851074218750000000000
0.0011827078385267168845335072902003048511687666177749633789062500

0.5949078621652417186993488940061070024967193603515625000000000000
0.0964341148109894991113932860571367200464010238647460937500000000
0.0011780644538677341286170285883372343960218131542205810546875000

0.5655024101608476794211810556589625775814056396484375000000000000
0.0935006064079029475255566694613662548363208770751953125000000000
0.0011627865886877995337672642151005675259511917829513549804687500

0.5355106107009464100343620884814299643039703369140625000000000000
0.0905191321395179271380726504503400065004825592041015625000000000
0.0011405530153888695284875032243121495412196964025497436523437500

0.5050358636175107385213323141215369105339050292968750000000000000
0.0874908479754503976000279408253845758736133575439453125000000000
0.0011138386840831870396029135150683941901661455631256103515625000

0.4741539475630882627399387274635955691337585449218750000000000000
0.0844059931540843688679842671263031661510467529296875000000000000
0.0010839004703021945952984284033959738735575228929519653320312500

0.7086548176824349898339505671174265444278717041015625000000000000
0.1320399132724412727402096834339317865669727325439453125000000000
0.0011618407216066120590802768219873541966080665588378906250000000

0.6853749308020739006153121408715378493070602416992187500000000000
0.1291601370928869008114503458273247815668582916259765625000000000
0.0012017367731014965727409649076662390143610537052154541015625000

0.6608178276379644833227189337776508182287216186523437500000000000
0.1261111778972346664229320367667241953313350677490234375000000000
0.0012302745931676956851058557518285851983819156885147094726562500

0.6351462768540093728475426360091660171747207641601562500000000000
0.1228805981836607330581756514220614917576313018798828125000000000
0.0012465726825352737867219632406090568110812455415725708007812500

0.6084603698391917170340548182139173150062561035156250000000000000
0.1195417386881013066535217603814089670777320861816406250000000000
0.0012491540760155739765019378140209482808131724596023559570312500

0.5809058784721022883346108756086323410272598266601562500000000000
0.1161230807059249608981232881887990515679121017456054687500000000
0.0012424101919844201136894357162532287475187331438064575195312500

0.5526768816033915676655396964633837342262268066406250000000000000
0.1125916930480209410259107016827329061925411224365234375000000000
0.0012261146332874662406853261131800536531955003738403320312500000

0.5238987666413021937472649369738064706325531005859375000000000000
0.1089942477576687496210183780931401997804641723632812500000000000
0.0012008036192896322322948288174870867806021124124526977539062500

0.4946769486974591512051802055793814361095428466796875000000000000
0.1053468023008340692658890702659846283495426177978515625000000000
0.0011699638153890305931892346080758215975947678089141845703125000

0.4650600617395851399393791325564961880445480346679687500000000000
0.1016524854888754408888118518916598986834287643432617187500000000
0.0011377002125012110247265217921608382312115281820297241210937500

0.6656283331684685888873787007469218224287033081054687500000000000
0.1526897482968210817411147672828519716858863830566406250000000000
0.0012528307135688293745545696111776123871095478534698486328125000

0.6421812887888564969074423061101697385311126708984375000000000000
0.1491098288156223472533667973038973286747932434082031250000000000
0.0012827185565623122620593221654416993260383605957031250000000000

0.6176552009399791653976308225537650287151336669921875000000000000
0.1453165359487490482237603828252758830785751342773437500000000000
0.0013005959780027474565616829593750480853486806154251098632812500

0.5921819012475419974350643315119668841361999511718750000000000000
0.1413475600368508389159671878587687388062477111816406250000000000
0.0013037901085251894697097929665119409037288278341293334960937500

0.5658774278151182945961750192509498447179794311523437500000000000
0.1372832457478732892663941811406402848660945892333984375000000000
0.0012934095927151290691264895471590534725692123174667358398437500

0.5389224567125713294402089559298474341630935668945312500000000000
0.1331160012997654462640895189906586892902851104736328125000000000
0.0012742558546146494097978107973290207155514508485794067382812500

0.5114564876100601287234326264297123998403549194335937500000000000
0.1288644406081693172261282143153948709368705749511718750000000000
0.0012467796960306857211031594800942912115715444087982177734375000

0.4835746640945682295331664590776199474930763244628906250000000000
0.1245472687166230690847257278619508724659681320190429687500000000
0.0012138152760305010065267072860706321080215275287628173828125000

0.4553014754919322282233906662440858781337738037109375000000000000
0.1201816326375569760065431523798906709998846054077148437500000000
0.0011784113789466731710836588931101687194313853979110717773437500

0.6223179580958441148297310974157880991697311401367187500000000000
0.1735677612612308851058884329177089966833591461181640625000000000
0.0013198531433172768379674666405776406463701277971267700195312500

0.5990402360146532823037546222622040659189224243164062500000000000
0.1691886122467492203913508319601533003151416778564453125000000000
0.0013376317472422048944491468347450791043229401111602783203125000

0.5748562352672931252683952152437996119260787963867187500000000000
0.1645870452259493299518311459905817173421382904052734375000000000
0.0013435598283888306510996946130376272776629775762557983398437500

0.5498839404085510418340732030628714710474014282226562500000000000
0.1598207245892371564099931902092066593468189239501953125000000000
0.0013334344845318424777752541743325309653300791978836059570312500

0.5242699218053484822021914624201599508523941040039062500000000000
0.1549534974004984633211279287934303283691406250000000000000000000
0.0013105318158794067653905024428695469396188855171203613281250000

0.4981869960194970081701626440917607396841049194335937500000000000
0.1500008539616582703413172339423908852040767669677734375000000000
0.0012781132511141190741255080354221718152984976768493652343750000

0.4717295866803210557804959535133093595504760742187500000000000000
0.1449926312293347563375789377460023388266563415527343750000000000
0.0012430209732974917095915667886174560408107936382293701171875000

0.4449114888662453193290957642602734267711639404296875000000000000
0.1399019831586479634122355264480574987828731536865234375000000000
0.0012066723318984614015531020569937936670612543821334838867187500

0.5793660714587353099958022539794910699129104614257812500000000000
0.1943290393901803692067176143609685823321342468261718750000000000
0.0013589677937621553842351129759435934829525649547576904296875000

0.5565569238269544305452996013627853244543075561523437500000000000
0.1890968978617554585586191251422860659658908843994140625000000000
0.0013641403606566356466328615582028760400135070085525512695312500

0.5330175965657532044517097347124945372343063354492187500000000000
0.1836366690529895040473462586305686272680759429931640625000000000
0.0013571215677887779951782398768500570440664887428283691406250000

0.5088488251976417409139230585424229502677917480468750000000000000
0.1780291554955931165871163557312684133648872375488281250000000000
0.0013351768306194601327457904815787514962721616029739379882812500

0.4842250172274698005736581762903369963169097900390625000000000000
0.1723055570713446782438182935948134399950504302978515625000000000
0.0012990146109840966775345050265855206816922873258590698242187500

0.4592379977986649763899151821533450856804847717285156250000000000
0.1665633369578006506284140186835429631173610687255859375000000000
0.0012580867239280135120443882001950441917870193719863891601562500

0.4339283086892249396981924292049370706081390380859375000000000000
0.1607375795191302303432934195370762608945369720458984375000000000
0.0012223044888918655880710728567350997764151543378829956054687500

0.5374162630949735897090135949838440865278244018554687500000000000
0.2146996665104482782115979944137507118284702301025390625000000000
0.0013694829604797302460145180802442155254539102315902709960937500

0.5153523444747895032591600283922161906957626342773437500000000000
0.2085644149112694523129363233238109387457370758056640625000000000
0.0013626330446584202209930891669387165165971964597702026367187500

0.4926949791159301317300389655429171398282051086425781250000000000
0.2022294308762184189554034219327149912714958190917968750000000000
0.0013435603166129061851463699639452897827140986919403076171875000

0.4696081745604766544133212846645619720220565795898437500000000000
0.1957097020645946483519139746931614354252815246582031250000000000
0.0013092839721278093020884192299035930773243308067321777343750000

0.4461911226276621400543831441609654575586318969726562500000000000
0.1891352093207485096648667877161642536520957946777343750000000000
0.0012612205576473466649145560580791425309143960475921630859375000

0.4224258529525254934888778279855614528059959411621093750000000000
0.1825742385382552457340210594338714145123958587646484375000000000
0.0012233047131619749318953704886325795087032020092010498046875000

0.4969827589238698384299652843765215948224067687988281250000000000
0.2344001348447916910355814934519003145396709442138671875000000000
0.0013524634507282190000465593726630686433054506778717041015625000

0.4758948236985549029576247903605690225958824157714843750000000000
0.2273407788782091376589278297615237534046173095703125000000000000
0.0013319611646374497192918395782612606126349419355392456054687500

0.4543692095243274664539967488963156938552856445312500000000000000
0.2200789615864740256245823957215179689228534698486328125000000000
0.0013022071295739246106493158805506027420051395893096923828125000

0.4325963917421657978223947793594561517238616943359375000000000000
0.2126157346784443846754442120072781108319759368896484375000000000
0.0012540729727954604607459421217185990826692432165145874023437500

0.4104726892016332118195975908747641369700431823730468750000000000
0.2052444174055059189498706473386846482753753662109375000000000000
0.0012084434181999093981668691455411135393660515546798706054687500

0.4585737103245031143217147473478689789772033691406250000000000000
0.2531428483438685206330376331607112661004066467285156250000000000
0.0013054888402124764645861887402134016156196594238281250000000000

0.4386985185949840992947201812057755887508392333984375000000000000
0.2451507709442173332803349694586358964443206787109375000000000000
0.0012715449082806411229551457608977216295897960662841796875000000

0.4185861138292525929216481017647311091423034667968750000000000000
0.2368874574600213223085631852882215753197669982910156250000000000
0.0012306797341003509679846494861976680113002657890319824218750000

0.3981584926602224072667013388127088546752929687500000000000000000
0.2286176459165098484582756555028026923537254333496093750000000000
0.0011840588661523356039939613992828526534140110015869140625000000

0.4227039978904994499409042418847093358635902404785156250000000000
0.2707448036766425536470137558353599160909652709960937500000000000
0.0012348504949912123083294313019564469868782907724380493164062500

0.4043134198765605535896838773624040186405181884765625000000000000
0.2617141490430704986458465555188013240694999694824218750000000000
0.0011909191705257648682958482311278203269466757774353027343750000

0.3855697872000506398748598257952835410833358764648437500000000000
0.2526009740237546985497374407714232802391052246093750000000000000
0.0011535749259991515819345764271020016167312860488891601562500000

0.3895828483071294146000695945986080914735794067382812500000000000
0.2870014414411606318289216233097249642014503479003906250000000000
0.0011530941184837786850359009349631378427147865295410156250000000

0.3726675245160456784176972178102005273103713989257812500000000000
0.2770839177379659235000985972874332219362258911132812500000000000
0.0011112957781189687720552194960532688128296285867691040039062500

0.3593772045620388100317654789250809699296951293945312500000000000
0.3020202638549452367477954339847201481461524963378906250000000000
0.0010486380144196349312180061019716958981007337570190429687500000

