centroid  numS21    numS111   
true      12        22        

S1 
0.33333333333333333333333333333333333333333333333333333333333333333333333333333333333333333333333333333333333333333333333333333333
0.01227635920555110798049813919859367073122616116520438552876870816870614305738305610231359262756279392784569906593708052785567860

S21 
0.00567227341625824349182129516884466275258577380438375395882999332917212517234189803104548001440441334163282698091202540887804837
0.00042521292520968193635357500643799851609598211880239524328172187401916744882102097328237551989833200705839277022428408909393011

0.02113877074360673626220120223885850457600752741456919891613964506934693700812049767016873641742497484053186505316355949556842109
0.00152530397854826665405388295683665692481726600545145165490905373697448117916524520151370318806364985919748540800131848812601098

0.04449167687762140791049228540334358050654568456553751062425795716559884373721766319048644629665871636390994363349577525276067445
0.00277896005670931285168556490235429015915902676789765226306746543959918491385825846548558963577943413828986848865064008859517779

0.08763290995583693390091232970410657169561702533179850430821312848382551939207787875730457702329790291623993422220380838388474908
0.00626484031553852258051701864778771460015470658938564152093433950498338417306037207581045933826114906205916981189244442547421536

0.16949103306747363856408263969069663667290950618392988594629258968609593680330389179368141571074807934936116828709933826938106554
0.01119033275896879702120669082772886147015217581048836396701628804570244350156316390040563505491745441151378176793741016793202261

0.22804305828988039971326716330158935882051202904355539128676369352632490779050014561953914536753344013150633400066809020051159612
0.01158021358100418277917484232246245220790678211268063583689680497586110851741698482207456292862906813015998915044962093140153539

0.27880706785671981671758527768677217800020711020061866316961037217430771930259145869617064851514871169186817476430567256359138581
0.01407824845578459922669401616665331601240600631991185632563259669977121029741798756418451252428677920068451724906385798585304383

0.48575459079999134033010096261852225715187727835011404482307545938583471060758115157977395751845247749211353197945840083896201597
0.00636541807384380756655697439037977247218833139666322623440578511341202149667765302860446876232890802754214308090461412258937046

0.49688988981190456152777191298705218830975282094953689204764504062027679630652841192908548603646883932783915809553482786914248513
0.00162108809709892796417713201362539573279199014358278371438648353927552199725074431880793211332960320257453231923095769571958049

0.44140182969515605107796635904179663275131917800631036599708499614295284716201735368752810591935819398548873765255034971049831543
0.01034499569560442289234540171845012628372249171398813152527845363819610695259330680805437891276225671984742637230388934097729011

0.41191747415620663562982955697464927586519814858081051001362003341064694199335690468013763143324516462609508072018662653879940975
0.01067930590097362740087174461141339359483318778620452058479807362270715455182475753390334697906347325182824853809792363549459910

0.37403814966896611415106117194539818488888986593503140631693621022018318202029036544202696036777670388733755267730425707464979371
0.01346015998580496985629060182023369385017255130375981859073980786841957704927075511099614180054218391782527157482093251318954080


S111 
0.96608714278710554583007481923568531823585272387920090020203766496434103926551896790062882542003077670981372764616226801448089465
0.00242852226163934484989812422943858646905884797052380205704998722065996719987656552450806054724747069458823377753160402400082893
0.00056015891535952242633326296921481543031064134741042359417897262140888495522076125475232991020581223198579436491846889418278653

0.90937805030413446219978613965452833537337639117559840862601386227554243414236567386507580369456698925818277547343211779001492336
0.00111797729725740609394040249514983857945594115461615904676138659553427001343024205223793181555151655863251114441976041391053527
0.00063858476362517517080889663451005457067352018454106302589828401701704755425600685968005007744190907945998028689823603130902091

0.83214655819599009064572135210907373644011655675128754949551881517503659735618965729266935798692845559516728918313207260518118286
0.00208751480967372654173143564095058313961464156180763002236635951060986739742991206318232154021301446295751626898881769688701525
0.00107432481419049040265193023094627597055726815012797011332568259689583981832057234585349701432903730757360857196000308981288938

0.74652741824374828917975548911886013025881084731593190429657808542715182627450234748554689475299015451963128987410985045040895149
0.00443078585281954726838616469803174116095673514595463708007579141303158833115621681407458780647700560203566081899672021027727398
0.00197854582460735481975488784414018430684426733763785245425363043323787726685056695600983036456254892481957701177743019480022923

0.65546072805312043757248898014555129454782905969451902993899280015410986723741196426678174359970814939016543941930797970909663670
0.00502227855241588457069578931385692038286576432134965882521162253851512435610830804521613141006985937391567328311798963727865660
0.00239152011404304437186836723648636928649558388472667174660634069691928591439428346095653178859184188607504399150029771085599506

0.56367643111435606956625020553141407938952564771525139287984931603019072231792369833218374755182408193653714305537636144472171071
0.00483035931151901016290004439849473745512936132855606350569722321707190975760411106786576391363099383377226449678772563923404602
0.00213740892229053171358103194490061967818530664879283368471811808326931651977998377929033760511802661995019637593522845747615899

0.92651444887005708002610844977598881456158067912951274211275726267718044073579782755927237729980883317888390843333300144051422007
0.01290764749478440842878174377915036805759450830494205602538775342389938156699204198951435552275549309178400508472904178389897292
0.00200659074865187819977082386646915038553231674553471740362256942363392088211529338158124849252167064013025957794166623681060673

0.86342522826524611441738242307255302401304807372641736473643010807784200523485287665075411147252084608357651499228902597017439161
0.01454427647185988038360436605790365217241650141825421069478397546984958173260407017842638812646408261446268125412075070482517933
0.00297052907682900842007796110716446219148880996835174928414979339162332981884011985798912071114921437091256108188110136928841244

0.78506658627874609515316978544035644788175735397357875551039959241773985781206427697943979732886929474465885119763689503949272591
0.01974215761391248334171886243069974456806231153597149101617837314280083985597884562642454191559965997287065513704706920742881032
0.00416769832112858938917636179573048803212390843005010719042791169497201987536409489657636540726367911842457815979191638800980048

0.58815952134202449391563643532720991469686762619348296725536986766754813304953508653392047424449143398877625977197656343094952359
0.02599975105740210328078834703154703510293801853408841687760325417383967856048052400079787135061034690827825111752964854922803529
0.00595655574699590712904799657302179150572537014024325469412393378510819238100421047418750028064247603484499467275236605686581841

0.87178664268712370821136981745603888325576549527660495632118966731407201217571042129497065703508813724897288965363902169040924570
0.04039910023563068557455280738114468350387719811274289268455323334410015230493083319169561841588715378193495505963220024194818577
0.00373602348332498868811899881015183939595099684312119870510663063302350067009264762306713913805764375505504530572617756000582555

0.80297120568628150395181902298419837889143612589763778307211000508190999463769152005166332682036499072306495594840010300270644196
0.05003051996644213068184234835867624836374164832883583158262217124720719878326516713295104821388075478599058625705139494186219467
0.00586566959728083753368593661785805615062635593556277065787764902782798898665120088907208051042304410759415938010653222934641070

0.68920039933288378135356636823560289549010555562851346952208724694694709716217324045879480461768635138228280545794551869203001470
0.02485737691438092677782134913197180614936629548935356574929835190423238895805518178940415803993257771158881695899357664089695200
0.00528249760559102264930661800101596275455933939563224930893209075579539522301354915082815004828759899982556302896157442822565411

0.61991002110176145622582950209516406170048169237396291110927843465229263909450725443926964642636030182843416974325240617605459364
0.05958398444536477297771224382159378047628312999742197241026891319535752111063940828139978039193266932590611920088788014274152338
0.00757240473907156838233316493842683015726169700610125927959545298535140815627451478671505163594322522207865250982876587656437078

0.51927529216081146577371764637110460668550514046917524825592562109565794842368924733949278132837617592966467112199843543824567174
0.06649090877521276237065588290351849084811214984422639702952775742951264193015949968972471361748551243782666533690444981770543109
0.00955714187997166596843137961284140754371503318671554249143348497697265910089793755198732775409198256816622984001108323262998945

0.74705637899590359312919572995483959251208946783025316250515745727279405374084629492269950809919313980885700799976905707299772650
0.10087449626201133421450481600640685891026627901956588972066685322899161690059646628977508858880081802113889823244956974011795047
0.00809559981215001506889649974344193410551938325658042364226290573596005402605363596387321865724831922967944165417939735718393742

0.71962360214883494937197069883851179747235643376414080661839658185481602232678401746330704805441494560530809006272280570072567521
0.05527920220071961749686767772157278119622627123870213105788676581662581887295276081918152039555394584445300182032637558570092162
0.00722293740059738776410785542104348663696248731669046372738122695680810441661243921884322605720877816585582827147495013426369655

0.61275338216523617494570018370777318767748579261777623411575847204922099202695060797522109721974271050316474234584147359879277509
0.09642280843495296168562038277334650867271096152628721691445920989474235479167555873694867231042325008891251013994844831723517081
0.00577008888816578760240267389258716655362279462245694215086747989959650030732140774247506756779171345166177959968093401997158200

0.53023253012839906860731083788671695534260547898990230447362081000353123249291522399107480314727714212789939326442992153074054016
0.12173491926832128192300578107090785689443625997675391834670819220820422919236065146589952493790547451667814365458438311690089879
0.01099727450365151697599119644150020624598450581635109954552118856445240409368718212421976081378541939824533395021755902303060176

0.67236336810493617552850071990079304056507647381704514218035120250800521241842609398436404282230577130188312172766068747746068533
0.10521780624134079645490521549659343206722796263860901983881889548479887623133578973448511653048008109781870026253777797433779734
0.00791907787354266084975720352537116463006382202686252348578614173826818088960149906619447067622789200793465200715027487645229371

0.58817504589005732713675098511459605729139224510202936877562418094130812718561881101188499679152439237630298565545017249446322115
0.15785315400934130884867800491534398661916656228686806165922828296045631641407625597564728999360776260170318160927837504059809234
0.01057967480902095353093787296525630302766778840719810486827329662214969031651596402126393082360663044526576277858717484111379771

0.48333721002328549959721512546890968513994816829605632153636111295273399696284828648486069919241698779254881783755551739987263486
0.19368971103207235218030659479361476965571988807846653805277654463914117926783877118205486390580648182348797918028252899150864317
0.01298325904644034891457900060264065040605752745403514262685566030213002727810816100930327918197659148219626113527373516160101714

