centroid  numS21    numS111   
true      6         3         

S1 
0.33333333333333333333333333333333333333333333333333333333333333333333333333333333333333333333333333333333333333333333333333333333
0.05163521560316083283737847871909602716704805229687311625987092979041228787783147775080251043640307204493163716807165061191991373

S21 
0.02490004759502025393753928198369141704777112346018323474780384422903867462832761341469008320049013941147886018472354647950341256
0.00803205328032176173067559403929912588076855483094186366775660610106079266842544929916040671008180956441376655095861516182013558

0.11351425306584523110620761039598062336098266953040938343654715585845348676363380206310689201999100941962988733127416239700502762
0.03088822643001619801622291743692141279431427849475656182274845476582398313165992120782573780772125159051816883593713770808066624

0.23122565818897723919667295200781907511891395529535423561809770917169517608656966305096413506216394902925627271546314523499551362
0.04599758347893297452269133814546830886580955170806464269794630124185777967700978127113257218497824362436890327312342939514761010

0.49625026291830934317511993534702875346324664347801705756016918930440600408784372865678790176875248534881262053008253073186456901
0.00980231729169463655545129392342735053952552204624465792893978445780068625963432853517706900852799854154780332873969569078427926

0.46974184335782755454868464010917709004570548473950461848575373568231624506806455380174897842805863489729539311313538422824911879
0.03285838467454235478864412595951976476523244343683067267499691328006836189448458229418339729999250239177275875912925959068023723

0.41454661536088320501374013039289985331704649765802402507727824730559402268554826910279257953725827860276027949560987544745830176
0.04696973377290567460700520696515879327477596836781827777932791822729361443525756015827321107644580179485067836960115831907032259


S111 
0.85122474918428301638439422002199751595128922605553425933658388285223274783590772760695245165318111851107677607768798316355641633
0.02195255404187036544323856829886774804394625110772943393981099975708944399608282397746208339446919396464308342660524913860993971
0.01538648375379252832557658253357406245137219810741574985065819966815969417218892507705922308081789244649251838110957032985349437

0.68886959421146028701444086533740916202082935567256644803370885229306030660423986560498768628572141885793708488037673221022392853
0.01903426310167134220674023476295970307439571305133234912711500338399018123667592589681738366771813745652272327610253083999301014
0.01816383818763013859367793420718484392650274984443902145462166015284542436600245419869865694248071589601261595339974114997768769

0.63547432177006867637394220203266376121095178334085890258784289876904229417302170126927758342852309335749125623907220968292508573
0.09789461099411083935308076044995035295764745433399344495699230035254436932094290549900316957254216656936256127625274452326964821
0.03723632599384372749750383190449437770073721722300470436555032951030689111560089638289883786009374256293688657873409881872387348

