centroid  numS21    numS111   
true      27        107       

S1 
0.3333333333333333333333333333333333333333333333333333333333333333
0.0031007540335984671017421260006270557252229590044557111107817746

S21 
0.0012859509887124397070279288753887766318368643712914994919104522
0.0000218013990047906183111450493094197395226601570349669295930723

0.0062314209396757840179801133819341295038712485711809796298647279
0.0001003362295053930752977439339261495364714896714125972227964405

0.0158593525020597711765015616584894659445195532294086855404092791
0.0002648156820885916493771614517643400754569010477073219065250379

0.0313197190966671755297696871104542338182172413139063451330626550
0.0005433545746175378752903349818007527308547210000430020959698394

0.0487651583495385529047539140095775748274029581989495055013451667
0.0008346466231072834103014368367867126113537000824614113089834452

0.0681970227177658049385620025097640982504451462522153863578804663
0.0010555208071138560018073792455712755027316442166610469916556300

0.0943688439843873699955983097212340691179280139021743488375516567
0.0015018673330112024340217972313200250961436161626512781429576671

0.1186549320174795047877026460019053909292949547685383086571151942
0.0016536989680550759373503055294841438695290556613697166863545319

0.1489345868278084530206904165173772562333507334545491953327910358
0.0018493807737356101204472663865402461631616281167830744604993568

0.1689997648842294976396877031131908022752499940196370713360546409
0.0022280694080100132269294377743680260290449184660449761000172153

0.1907515398232745780831214174168886277974404422440874561258177727
0.0024945038355583889603135862420350087203325503158762325994257627

0.2151166252448620201693000935030551344482864942055433579088458996
0.0028385852068378390566007335138086084456184033347684283665962336

0.2604609024320325199342072691996589131309229859396661955342525114
0.0031406692416625527815894756768227216200570581969990746917233536

0.2849578194594644303402428933855188460059385632850510143012822308
0.0031623710550789613048020669060285428782729731303996436601691779

0.3096727851166070565185363920289716797011869884198602825811763886
0.0031439975185197436229226844692306701642817698209235041799755165

0.4992711859526027576248276064579381057246429980845135828517647168
0.0003386342069756482203715442183874058958233491515230237106945008

0.4962975917009354861609235904261293807573124272518847415805175318
0.0008015458216029513310074356400228320613839750501549219815233534

0.4907988553492096025458389636812995675713215178542498472769233027
0.0011767850207081162398126737017234539944898434392712727550125749

0.4829408390936461427795608241323804255530925909729259347397981549
0.0013683244421295019161227395548120959544933499397427617465608624

0.4679064461987261358002566954020219128137348847406764363709448494
0.0017378993411457916542456894102374280357498910459478399219896011

0.4582872019515819236376537540475020608453851277355477308119868428
0.0012879036849956945434190446014249709259364618991950519552078025

0.4477311759716512847680656850347278836350622055587435573860373574
0.0018409947305608089014434342041056665290703918186258535728855219

0.4350437250686057875680419384679323674823608348755263209813638918
0.0023706241231295019126672028444504904309710522645801116991336525

0.4183870428025096383721690992013713527155993040637081342708493504
0.0027718385194833115084458726080574014428831452062920892347741264

0.3980256367140465799668263069452895491384774993616601402531515675
0.0031012191760409052387396328761727789762569318165125436384291162

0.3769037209855666642078042439575069113550553307027782111571865690
0.0032021612394073640296605395236640480589065298215243825977467950

0.3553838736946883947571704494764459955483222287566481740121093607
0.0031545909731368207526252306719532237041177143403837581528739708


S111 
0.9920314553396775381809381265076069962046901912656408142673621145
0.0011773893778983285638073608554707626877068494257880396913166122
0.0000465514570470029428741973036602097891373454940912328472174191

0.9821365429578427193680807037195410271606944628655518947150345795
0.0012359830716290970135118304956969904851203219730029981170941123
0.0000757446368886410272799352167031088661437819356675813721210108

0.9680348959884434047989681995643689713433503762208456053927727969
0.0013170085283043842577488352949386028847391555161000559934251843
0.0001087086188223396796042872437488647751549930871600347114710939

0.9499434842432533468093427245883747215413303900712537292101992044
0.0012916423788943671744857919397675196738911441800222739044680497
0.0001331625303554568547489879765791925224036551350519962623936716

0.9280677028275806383866812978560486060403264972571194124573068450
0.0012132541011942162389677561349624783305953587585005773937786346
0.0001478051796512946476662408727668864067109941259629810584205047

0.9027109835822357261328569980360353413589054908426458414827473685
0.0013098932393165137175331512038544908508654738364035103972155895
0.0001798157573450992728068995158342822238599817799968159676439991

0.8743957010733132827379602302144864289120445227580530516513372545
0.0011398296096112016500773831320278109960694303003639170480394996
0.0001778034636738185108040543488334983786953524554860779220735925

0.8425316457717250511295748586481170537765408917883568612350303665
0.0013034460447724898631107112083588879876920550182561005589603791
0.0002213143518908238525814594675656685426002017730480680038569434

0.8075926942044344567164808637256894107574802235898279174658840876
0.0010386328990017505964883254575009398993086887647957594905738028
0.0002019559345167224588706557138487070909779758075130549865901484

0.7681189017427282667631900597934062656274691375085086566996901114
0.0013912685314363041879378437076393457348798821897365100518408743
0.0002907898755937066598913477769898289569604236518383576073697004

0.7263966934958113663884799772000498334166383081249226816658272665
0.0003129744119863057093284520850333298030453608530236294940324512
0.0001182461703106270770534721994340422581968002017451042360245994

0.6823901938398206905001154959039500941928737704842670644202704182
0.0013320036979635606279881311470623771039894159586755169687679508
0.0003002825199761861128102309663673603403953086158361348851082383

0.6373019022060516354545027459752157468818237774889186784801546166
0.0012043496674626431263001360880299301168469506316742811531635904
0.0002863499114710355875630589175003482567154917386853166217619126

0.5907291164250569588065216104143910613226049730596581219692107292
0.0010293518193829859197494646874473686494983844724759222487448951
0.0002432807999385754192690096351319817270469872461617309422206998

0.5447822153049703843660814404648982078064038207804785849464415090
0.0008305540728969696577137712145539266420827213342353503652388332
0.0002042710528893507544660499531358924964055486175862587302350164

0.9782096348323021422336095066288911908472947743792638278457324000
0.0064432251074643751055952296793522725464174770072974093736814694
0.0001628593097372923082907415765135645624475664807375506069375036

0.9644912914947183113031376824729808019511445064868307779541878051
0.0069002816294108137557992089064655497570197441308374592291715128
0.0002402401248332299676262572523620696990814057005611685085100434

0.9470068754835896458354645633496621171086881232750692270536860779
0.0068262850287359528371905692779512558992875252196851065878168744
0.0003040790695159981673258293942116444888107885070001653847156084

0.9255118684711714092529757746612207624889950440470323460004077919
0.0064494825313447691883092192054231011569330631279293759126204477
0.0003516816105406890328947489722390421198637861078290713474918325

0.8993598882740915719820313582815587168557085956542800369582470706
0.0067584393073281403939477824417761559053008510988037933268206616
0.0004211302047017692519983112182706949163853713803668743193381757

0.8697801603933929248915973147742225701860043900739803487530291147
0.0062469272524525349513886151176344311563797933947899369161199271
0.0004647102145069172216221441595218654535670339179162361830505885

0.8358390931949700610881500761546781254064789080797943821035601673
0.0065729098037106468248298650999931854738902654233904181736685884
0.0004996643065937103733614833823869231312258730180947366940432494

0.8007270168547585901666041797984648086317865349486286894295714663
0.0057882784689048168769868803845820437540936733339273222167832642
0.0005094695542139156441502888388008780387179073705523761214013502

0.7619198589617348383987162857652467141343070473792741656973948569
0.0074974332375164441472282508062721139274845100608765826408962846
0.0006409944841939906914446869982568344110466480364011099149649899

0.7257957092862518207785380179068357870797182048605497411506336469
0.0039973585929306816971352339912082592089883547717719183523788368
0.0005046855867115111493296927859488630372014496546033724684117581

0.6837792932847725775652173091385954080915605083069951424824678954
0.0066044451319792461945049091699713166311244900554442294480390712
0.0006000680700843522730802172331050314400676512248481080601912475

0.6392781354852214216339016828325605927652052440769558974567793528
0.0066354073615531718830502806020229963043813383647873117094459234
0.0006994706821238792731287298986872127211362908989227039361861415

0.5943713290769285283323770043639283516199311237066706652679663156
0.0052440154921421077869175061934783798481715878579242356199970947
0.0005309783393223482446075289142550861581376132020576188015901783

0.5460166711526861048070417281314000422194894037706717994720174455
0.0050534661660517321909093083380111416610388417367106977082608259
0.0006154842389860690671732507526603348428751289014016253184409319

0.9536093848110277816732266128556879924172013610914997211109192804
0.0169207861075905930244839384965119111315203228626536746655613890
0.0003780861689941347447084215009609584089390502042094277074005765

0.9366581662133368027780858464040984261315364399948621076391621184
0.0166551596845738148962841129468151866189007973545349199333715566
0.0004519603128491219395412391929583837081815540905814824109851884

0.9167291110329348719526548505823857293320185246907338078629690812
0.0159296646040228855622309864467363978794630942089247972494331256
0.0005208054361413091320707968148436626577682772437594495279088774

0.8923496087603222564215405203192244946970576232118490737909115996
0.0163145950420965298161645606109595609286216447286004432518785477
0.0005886774575256442718856388342446318082932603981610133121415002

0.8654542551925650179224803324752531142795074797226324569398057241
0.0157857295518745762807561118142272188406071469427643711243406054
0.0006812027700842015401915525643622437854712606504991882888737335

0.8349259501199653286068666278030550663851847006307940885251528316
0.0154258350982254559779455970108022539864121287162969158686700331
0.0007117857869858941314666508557516201261229432745637156881651889

0.7983491793337992405051425445229530543675539809218639916471354720
0.0150142101518173204452638749022897672322129187723770023257098567
0.0008556030845948484838651219685376822314930543310147987826891187

0.7599021667708605532641047202456331333293641136411718145776316779
0.0171153880769120339150183258961074019213306724078226982284653132
0.0008548447879953496378889871090670649766719474239671756246304774

0.7184595179827310497603203151620824907574039329001220493233215929
0.0130431536501133015374796952433807065560119482424904327004486566
0.0009714883401031655381299825758155502375766587604351899558694522

0.6706952495324039365163538494060186761943206058344513791835180962
0.0154115300528645444159854341289256282579711145435754525256069661
0.0009602289994712169700713807697333409084075141280807067140576741

0.6237849869554901946112836016512031151374461755541248689853510257
0.0164296189157033496541578292322168411129085051318138020223935782
0.0010786667189835479732453477189259092421822541890967995447925676

0.5846003465233934011442522974100068628751720132791646895795703882
0.0121844158300756160762226008969334015584536924633614212922494850
0.0007881025401934968287830973034701448859583404435070973633578678

0.5379668397091638619776046885581774102470922544183704834345890600
0.0138118981660021344864272096220444781837716297385651349684915956
0.0010114735940141971480519603902034476319252030092531416829683992

0.9197315381690439772229703941074527923123467399570966761926595417
0.0304860381319404094045919360105683280510622456530036540731497180
0.0006539326339241324250590769627678028932401743438685019295735026

0.8984637421984725663516121326801729945211645293365799029739027188
0.0295619502076692253820403340407882437911845432953023253715331237
0.0007540449888449323574229183617650957558751045086571773795529035

0.8717756636677704379859047462664193786321805077847367230175187688
0.0297861732411187525520857700982883718879692865290843466691149571
0.0008846934447747282524235538107689148795505843383638600678718289

0.8420880650292017742050152738766227442261138957007425481114113402
0.0292905090184827163516604775444560032758819872175914391706521211
0.0010059409577843557029503120727441593550624663349677525633759242

0.8103925468509635244333918613168659145190291230692455196936068207
0.0270727965119192690471074046454880631628767066402439349956172249
0.0009636179695793779769691981336428230620095389189059098488729486

0.7719903489852110946872676309546184911787820347559512942389984087
0.0298963149504562790737903820230106972674732797583236599704516370
0.0012708785676342468989069233919517767424106424290078838974481538

0.7293935064164618166167861163513918090674493574303615530225118627
0.0256362306829700520829651819214663846558016859881085720879155683
0.0010024193060813300898786695312554728764817427890696885143502678

0.6900528615127541985825922057345975834674309457453888342353204716
0.0265703240604486616842595576434759431360837069725177096007877957
0.0012591214805797550418536550821258065121008164820785804039425822

0.6451042351038322823682249248885657326224316483048080049721411319
0.0278295637734713333131465819833414317825422487890268782711411005
0.0011305183097332218813712840469728542503807702158986900195508445

0.6022000941644979957172195276351683301667406162275044323598726980
0.0315403139420765148095081528188584032693199486193861195637079358
0.0013559215386726599514448394228603684826973083200158431285821691

0.5725243316281786832168056290751790247473229742062676908960848149
0.0233681156395621865635797110098653809596181964711720095434171628
0.0011692465633515341303437852606514270415408809983725978008314682

0.8816022772453158164295874685094200764777069131466718776456469520
0.0469996574267905188044343927540297939633433010877144748814175790
0.0009420914098453093482509978580090902333965643522684078815513303

0.8553290020351683828222736179080283170991041787353945902977904670
0.0473339023688573860584908522015851299319610848099186197181738019
0.0010782893006597378079203379652753721057500217687251377382527237

0.8263580740509350009981783393199515239755180626161826597198931962
0.0470470508788950779569552700092868958791644351855423230672965506
0.0012073772988020734059646598605092371187854859738111637298009365

0.7974537845647471105950332709922376568521563014166894676309168652
0.0430692572562943155485198963183816214049690292598572209638714275
0.0012455244698960021690064737868695641762334140771413860453875882

0.7580496750751877815411277721030344993827999615206428577566403255
0.0494367359570598611109756521467856559693592148724914897950955924
0.0015486436120175931434995909448020721460100274519943395534339190

0.7289505977706212241280426530987742116903206508425596681444544283
0.0398444858159994303425287397081989504979991065858669627425049482
0.0013604710098169986315696831378238152145399315418805374511285402

0.6852263437789007802378435740559321152546520258717413256004847769
0.0440115408534376656639111638219162972889398591451049394237434448
0.0016203605816984329896217368738155023396509002049571083845909443

0.6444619207375158664486798182264427442166676624491693208793084091
0.0421480381950712011394013806657834347945553969155137450903685336
0.0014585692151607218030124375397445072343013280570230700423534475

0.5956030215287097516046167416712401796986512648225651832657184365
0.0494394888633392418076585505856308657429934583063667974294915797
0.0018364280058715163811169646532156520468912587292685696718660186

0.5528731342588071069699975647775721119112572504908051166267484604
0.0413541811255318843868614909605951107216953826109114352518123435
0.0017565533024749096353217155522862339560590346666428338404271418

0.5271837405798532729015484354769344987567004905351710247020754707
0.0278070507745891755727302624709548224922514364805072420960308324
0.0013789411439746446528956180283926306670907742050272287450480078

0.8381567628983741066399157891160282554008172549926693974364222171
0.0688358704382602498208871202199929417576686452218658688836328943
0.0012567306447704114781931116674358502284545164119690774130046470

0.8101276126448738124690558042562858771619799574342821457283793418
0.0683457913004704718486175340339052231303198000129305411345550245
0.0013749673445765122418245653869202391267274307484897945236955227

0.7811282190862890971355410093088542330190949159174215881852332118
0.0643252784879770535312648611418438273744674221014493924867140948
0.0015942350904878306962621148900441156482690499133995056086807979

0.7384181796752624507685482353988298232762051005121973181729308655
0.0725138547440781873759539927933280968929775262160327178688154936
0.0018282714982511037935098267597989786761385133757443759130023975

0.7105908914100626273591500506023513194165541977289257528777295672
0.0603229884947663534653967528616581274050505770127321876145159101
0.0018077518286353923933287539839607788477895098177376125782823448

0.6665887103128135277435677610381281733523702817492698545682217621
0.0649203076391476263042264281072308312948108162243440323337560888
0.0017361566565649393524192635617171854694711281629593686841517322

0.6287786721179367531485277291610806436819100471818786313893158704
0.0616147796008634562342539799768616936683348766758407243976955405
0.0018250866500535604251169669595868913474966968732651004455095923

0.5483825255052334810861163298489046228722716319157291132878561218
0.0621101329140267158455330678584170916441332785455811408462494750
0.0018440884522839035062279920345487640191100872862522515772179054

0.5047285891362828816344998132615968688106440392987631637119995879
0.0479695245565481083762278642784645173612327254476988246121700716
0.0017976769744465213569007660055054751795537787843040159608293361

0.7848034925571462317496377574651325297858251014971782754997382335
0.0916960271226117512178191339230492920478070209587875422714958523
0.0014939730949978293169817892308123758398855448636572817719086920

0.7563722701091202370164548419115982523916240714966451411791976899
0.0894725250719977727019410057021294595840600979633527694654713816
0.0017241627488432194330848382460830457721783376940517964579112344

0.6920394440647337319869517888946524329309747709172981512278951478
0.0855941873698682472435883390762141047678891810350668052905807528
0.0019791725795170646562169750068307829625884460011596943729224584

0.6564330933050753533632677077465856565558910318792427101386492006
0.0852980415601242043950894349331342485331401681939665917432533883
0.0015087083393671135659666903143062881130053183731811686822113705

0.5807643387684950492185909495817734481391316545462290566727539269
0.0739421066600889613393973546641285727843071410246839998200888722
0.0021721053687086780610996206340320827104704090319991282250969455

0.5330643502296621225784773577327609617072720446520208664983376941
0.0901049466643815096618021494460927476199853615513125211730391982
0.0024334604905328230980035149049150757850552089325246297486430813

0.5105941769034266456489427473026269809186393384955169458670874741
0.0676112910808962829063594914787722054007300817721174718641014168
0.0015395126152994023270040412995104961632625665680025169139680946

0.7320994234895525524733198329976718869319771993455686836368176849
0.1184518496976169412232360646153090827392424296599492619344601683
0.0019566969972987609572941788928118211200972960669676126546105393

0.7139153120528730481035702532199727614620993795154404571251933797
0.1006830989157688002455850779545510572988242237994516245793871667
0.0020260476711007847154236074812037829418009632549335129794039818

0.6349932144143534147815681030715157408968769108982154904218119068
0.1064770664008488628288752692671386824800874337259516206422870490
0.0018510838313671785473213124327921947504192999954518478094459961

0.6139137263392478401866297472285382938732343378353149902699200627
0.0868888884652516534937688873681231511489084563233327556620551888
0.0022582273392701002543163758408799170341467577678118458998061171

0.4918180119564508019243346560646413713457027502834928882451079889
0.0865687846218640900381785586240361882652194829539352984130628196
0.0016863686632944135312808715745156156341220049405553414965464440

0.6873492650288635966117357183634889131753281986157688631920209415
0.1310723241569211475373850065994732359239544508867174771413061173
0.0021363897209660128480561445851735234665590077779971381466633701

0.6656450922642250384534759155389912183934804182547265664196852074
0.1150837312096281227092320742976912253893652148900337052431287069
0.0023025331841201979469240694107452484102217067791322867982579027

0.5928120466109171125116363946453082675787648051124458919472874839
0.1195155867556610309495278794506367377348581774376233353537001087
0.0024284317969350944883662017251563134823689086571573960993960162

0.5663486735534091021827337643799439742803289434039245368432916636
0.1034918195435844473501213439098714549541040020810025582989307901
0.0024760102221175521011941079780255777263940560200840993599270879

0.4856756029558838804441685920994625333028271228082704353817904549
0.1117864977063720907693975085823767461979825954302196187943091577
0.0023264156343524676505148044039573098677236718557791441361137429

0.6435894037936119609769629839381355896599454261203638414086348287
0.1511559755734967281567299048462616260339328306658914385663529030
0.0024118792145105189213356939971854145477260100050365531691987294

0.6186725906259605173201658343939448583059521423780943247630131077
0.1373182046860746844714608352577400105303692592879186900975776893
0.0024005800746553311921916314554238731819894057276218049713489647

0.5735117296488921941302854008824507807474981548410817415192825214
0.1551623183971957301563767254158623894087990902826110527111086709
0.0026524026723485723716891287697825877007260644101508185564105815

0.5461510996235891719411496012826405998630574595210933154384558002
0.1391118003273677895100820519220851915387705731056703198430869253
0.0026751918848127008395112622437936927073333121825140835999634077

0.5190774608234724367541913724982559364522702943946684853568122557
0.1226031873981531094608535748156398791561362178709791130518901312
0.0026222181035498392126040237790070022208346551205120820584219616

0.4673723965922750579736614243901718853732742390973144363817950651
0.1433570456959954769342319592541805382346154035181236148402233219
0.0027021416972894650054055310460841755966865606120562896588957495

0.5967104571054362912887346305049821776503376305717830517308934768
0.1745805118058419274773304103712912154433916859405923227763062148
0.0026251698273500572217787680048963336362789831355217154865265367

0.5504828098039574569657567108205076080714197508096706898745229517
0.1926434503128416716918606435175446051403998075008636692474047789
0.0027008369869806955476968564927992718706234858246995365655946658

0.5237789737430903915669106316618952087285347895030107112541057236
0.1763492763292638343256435287747454377682907667895680236997931290
0.0029030650919419265476934543218009324037336887666456806231666660

0.4962680717759501204193719864274100095339837193795928539647091073
0.1586967834773856014150145503555279698719743014756410889859440700
0.0028819450270012296381605559594151483468462352585801152133185684

0.4456452643654921575278554119822937561055068577597615489344485544
0.1810885175694007188973181210138354940740588371613074472029753604
0.0029691059122621431336902491841094014587011437500385862769669330

0.5243071171520149819745522018430166162319465080778376481388199654
0.2272906156582359892744340861790164316843869492629448943553748664
0.0019216397122690509892707975095736899062612447694535840553775663

0.4994506079452262911304908390297562537128727127505249530554527952
0.2161015796934795666470336516634822883396168859512468778319032154
0.0028339131386882801929088242505417758126689528126643218862602985

0.4739102709760326738290436275877832899149000189721889412451708145
0.1978836639266684153854207041374181116537009512229914778359416634
0.0030103926788320879093983840318663818297474593641403174021309756

0.4258651884097164835281835556442396601122430457542776343841364909
0.2230759413999843496854263753684376244320820173613990037164972663
0.0031581204634008908041500274184461555057843227095933341770296158

0.4533205664481947287415937636095612346642790885375107387474621510
0.2412573860219511905006967905362164787573775409097923828642463271
0.0031252084091726663897764403792628719560216034477586047763265459

0.4039885877924420215090161310073081123580714878737667970448912627
0.2660044280871469816969448369294284121262131017378251287077747428
0.0031806188613469394532919723736214280930455221380585465309382123

