centroid  numS21    numS111   
true      4         2         

S1 
0.33333333333333333333333333333333333333333333333333333333333333333333333333333333333333333333333333333333333333333333333333333333
0.07815605248973212105241837408596676218152704323112369378104240672047035662210814103433300438919979019018587708651838464285966109

S21 
0.00778031945171492880002000115998374164561475735342994075956097590667184730915520783137319295351703923947808037125474664485218289
0.00323189781852951971207545640123032437547195434236505315526142064414107386750125815122691716797856091091220978275052999977072595

0.18214577448594972511266596006126285192147770220804737396131907501619641114739282406995493139907352350101636564853820883553209241
0.07830759959193775921956801481140775792960287452065971937467095199822178748958846099491642920071198213350395046387628555130235252

0.48904212854641693843318204315731344505995520778159779163025586232450254163166883237779032346153658583926919982349632547623013434
0.02063636881726912946762120844216710239428007985148083656125582679311277303977953000808182596093546024588604036564850810580552769

0.42610650183321047091773385499980426403900678020426075342553788062037687722977834087675161662625637745709774834460893666653157735
0.07830707245021695671684492058452269176809504859767080197915903474993694224234494688615943862918019267264521356581538305247802016


S111 
0.85040784038207890507431151363368061057660919283408308041454183447537359829377753677806448699021379100119615647110819737941876765
0.03245966992748460687996542819308505618385280880919085176989561788335222389915303505886992914164209222360519787692903604699425629
0.02596374429902801480368357764550465888968817048892984087804270369632758946052131267277766989556822603377658242024642544392620785

0.66183683033658876119061938009776735239794037606428333891768905566834550634035520845270858696931267197306517603265837100974149734
0.03772288545594065355090094674882467671958389848118154181367928401858579027236120961673909914691019244287089053783831508389848309
0.03743544428037328246285855988717027584633234364979467128994327809088772944952023246797452389349537761971873097628849042758553548

