vertices    midedges    numS21      numedge     numS111     centroid    
true (3)    true (3)    26 (3)      13 (6)      78 (6)      true (1)    

-1.0000000000000000      -1.0000000000000000      0.0000060665782694       
1.0000000000000000       -1.0000000000000000      0.0000060665782694       
-1.0000000000000000      1.0000000000000000       0.0000060665782694       
0.0000000000000000       -1.0000000000000000      0.0002744648476459       
0.0000000000000000       0.0000000000000000       0.0002744648476459       
-1.0000000000000000      0.0000000000000000       0.0002744648476459       
-0.9910633652051501      0.9821267304103002       0.0002246494434712       
-0.9910633652051501      -0.9910633652051501      0.0002246494434712       
0.9821267304103002       -0.9910633652051501      0.0002246494434712       
-0.9704813707370822      0.9409627414741644       0.0007027104390880       
-0.9704813707370820      -0.9704813707370822      0.0007027104390880       
0.9409627414741644       -0.9704813707370822      0.0007027104390880       
-0.9384875294144353      0.8769750588288703       0.0014224703054383       
-0.9384875294144353      -0.9384875294144353      0.0014224703054383       
0.8769750588288702       -0.9384875294144353      0.0014224703054383       
-0.8963445289163854      0.7926890578327708       0.0022999728444428       
-0.8963445289163854      -0.8963445289163854      0.0022999728444428       
0.7926890578327708       -0.8963445289163854      0.0022999728444428       
-0.8466918188995597      0.6933836377991194       0.0032297392019813       
-0.8466918188995598      -0.8466918188995596      0.0032297392019813       
0.6933836377991194       -0.8466918188995596      0.0032297392019813       
-0.7897197564176568      0.5794395128353136       0.0041950911896758       
-0.7897197564176568      -0.7897197564176568      0.0041950911896758       
0.5794395128353136       -0.7897197564176568      0.0041950911896758       
-0.7284826812738920      0.4569653625477840       0.0049809992730313       
-0.7284826812738920      -0.7284826812738920      0.0049809992730313       
0.4569653625477841       -0.7284826812738920      0.0049809992730313       
-0.6648444074586461      0.3296888149172924       0.0054993511569069       
-0.6648444074586461      -0.6648444074586461      0.0054993511569069       
0.3296888149172923       -0.6648444074586461      0.0054993511569069       
-0.5994589209814818      0.1989178419629636       0.0059696288317001       
-0.5994589209814818      -0.5994589209814818      0.0059696288317001       
0.1989178419629636       -0.5994589209814818      0.0059696288317001       
-0.5359044238535671      0.0718088477071341       0.0063470007067563       
-0.5359044238535671      -0.5359044238535671      0.0063470007067563       
0.0718088477071341       -0.5359044238535671      0.0063470007067563       
-0.4786919960218822      -0.0426160079562357      0.0063742676698794       
-0.4786919960218822      -0.4786919960218822      0.0063742676698794       
-0.0426160079562357      -0.4786919960218822      0.0063742676698794       
-0.4238004710014889      -0.1523990579970222      0.0055914665418428       
-0.4238004710014889      -0.4238004710014889      0.0055914665418428       
-0.1523990579970222      -0.4238004710014889      0.0055914665418428       
-0.3741717752109624      -0.2516564495780753      0.0055026517520481       
-0.3741717752109624      -0.3741717752109624      0.0055026517520481       
-0.2516564495780753      -0.3741717752109624      0.0055026517520481       
-0.0150054833306013      -0.9699890333387974      0.0028891786326648       
-0.0150054833306013      -0.0150054833306013      0.0028891786326648       
-0.9699890333387974      -0.0150054833306013      0.0028891786326648       
-0.0045474539692764      -0.9909050920614472      0.0016720229237620       
-0.0045474539692764      -0.0045474539692764      0.0016720229237620       
-0.9909050920614472      -0.0045474539692764      0.0016720229237620       
-0.0328511102019746      -0.9342977795960508      0.0020110735374266       
-0.0328511102019746      -0.0328511102019746      0.0020110735374266       
-0.9342977795960508      -0.0328511102019746      0.0020110735374266       
-0.0298662436392947      -0.9402675127214106      0.0020633458946111       
-0.0298662436392947      -0.0298662436392947      0.0020633458946111       
-0.9402675127214106      -0.0298662436392947      0.0020633458946111       
-0.0521860685381933      -0.8956278629236134      0.0046660651130614       
-0.0521860685381933      -0.0521860685381932      0.0046660651130614       
-0.8956278629236134      -0.0521860685381932      0.0046660651130614       
-0.0762125621294618      -0.8475748757410764      0.0049019666369958       
-0.0762125621294618      -0.0762125621294618      0.0049019666369958       
-0.8475748757410764      -0.0762125621294618      0.0049019666369958       
-0.1014852246628007      -0.7970295506743985      0.0049488226210503       
-0.1014852246628007      -0.1014852246628007      0.0049488226210503       
-0.7970295506743985      -0.1014852246628007      0.0049488226210503       
-0.1283795238756456      -0.7432409522487089      0.0051812379562308       
-0.1283795238756456      -0.1283795238756456      0.0051812379562308       
-0.7432409522487089      -0.1283795238756456      0.0051812379562308       
-0.1562858330688177      -0.6874283338623646      0.0048377446834206       
-0.1562858330688177      -0.1562858330688177      0.0048377446834206       
-0.6874283338623646      -0.1562858330688177      0.0048377446834206       
-0.1877882838124639      -0.6244234323750721      0.0054668634106527       
-0.1877882838124639      -0.1877882838124640      0.0054668634106527       
-0.6244234323750721      -0.1877882838124640      0.0054668634106527       
-0.2229987297941347      -0.5540025404117306      0.0055377431811721       
-0.2229987297941347      -0.2229987297941347      0.0055377431811721       
-0.5540025404117306      -0.2229987297941347      0.0055377431811721       
-0.2601370541026513      -0.4797258917946974      0.0047611232485707       
-0.2601370541026513      -0.2601370541026513      0.0047611232485707       
-0.4797258917946974      -0.2601370541026513      0.0047611232485707       
-0.2919141339626937      -0.4161717320746126      0.0044981287630772       
-0.2919141339626937      -0.2919141339626936      0.0044981287630772       
-0.4161717320746126      -0.2919141339626936      0.0044981287630772       
-0.9909729882685698      -1.0000000000000000      0.0000369068741561       
0.9909729882685698       -1.0000000000000000      0.0000369068741561       
0.9909729882685698       -0.9909729882685698      0.0000369068741561       
-0.9909729882685698      0.9909729882685698       0.0000369068741561       
-1.0000000000000000      0.9909729882685698       0.0000369068741561       
-1.0000000000000000      -0.9909729882685698      0.0000369068741561       
-0.9698458072879363      -1.0000000000000000      0.0000652437301028       
0.9698458072879363       -1.0000000000000000      0.0000652437301028       
0.9698458072879363       -0.9698458072879363      0.0000652437301028       
-0.9698458072879363      0.9698458072879363       0.0000652437301028       
-1.0000000000000000      0.9698458072879363       0.0000652437301028       
-1.0000000000000000      -0.9698458072879363      0.0000652437301028       
-0.9369427185209824      -1.0000000000000000      0.0000928970073313       
0.9369427185209824       -1.0000000000000000      0.0000928970073313       
0.9369427185209824       -0.9369427185209824      0.0000928970073313       
-0.9369427185209824      0.9369427185209824       0.0000928970073313       
-1.0000000000000000      0.9369427185209824       0.0000928970073313       
-1.0000000000000000      -0.9369427185209824      0.0000928970073313       
-0.8926657199760881      -1.0000000000000000      0.0001187546362594       
0.8926657199760881       -1.0000000000000000      0.0001187546362594       
0.8926657199760881       -0.8926657199760881      0.0001187546362594       
-0.8926657199760881      0.8926657199760881       0.0001187546362594       
-1.0000000000000000      0.8926657199760881       0.0001187546362594       
-1.0000000000000000      -0.8926657199760881      0.0001187546362594       
-0.8375527362817867      -1.0000000000000000      0.0001401447326368       
0.8375527362817867       -1.0000000000000000      0.0001401447326368       
0.8375527362817867       -0.8375527362817867      0.0001401447326368       
-0.8375527362817867      0.8375527362817867       0.0001401447326368       
-1.0000000000000000      0.8375527362817867       0.0001401447326368       
-1.0000000000000000      -0.8375527362817867      0.0001401447326368       
-0.7722728972064687      -1.0000000000000000      0.0001580134542833       
0.7722728972064687       -1.0000000000000000      0.0001580134542833       
0.7722728972064687       -0.7722728972064687      0.0001580134542833       
-0.7722728972064687      0.7722728972064687       0.0001580134542833       
-1.0000000000000000      0.7722728972064687       0.0001580134542833       
-1.0000000000000000      -0.7722728972064687      0.0001580134542833       
-0.6976186613563680      -1.0000000000000000      0.0001760654446506       
0.6976186613563680       -1.0000000000000000      0.0001760654446506       
0.6976186613563680       -0.6976186613563680      0.0001760654446506       
-0.6976186613563680      0.6976186613563680       0.0001760654446506       
-1.0000000000000000      0.6976186613563680       0.0001760654446506       
-1.0000000000000000      -0.6976186613563680      0.0001760654446506       
-0.6144962522034330      -1.0000000000000000      0.0001900899320853       
0.6144962522034330       -1.0000000000000000      0.0001900899320853       
0.6144962522034330       -0.6144962522034330      0.0001900899320853       
-0.6144962522034330      0.6144962522034330       0.0001900899320853       
-1.0000000000000000      0.6144962522034330       0.0001900899320853       
-1.0000000000000000      -0.6144962522034330      0.0001900899320853       
-0.5239146743719689      -1.0000000000000000      0.0001973237651775       
0.5239146743719689       -1.0000000000000000      0.0001973237651775       
0.5239146743719689       -0.5239146743719689      0.0001973237651775       
-0.5239146743719689      0.5239146743719689       0.0001973237651775       
-1.0000000000000000      0.5239146743719689       0.0001973237651775       
-1.0000000000000000      -0.5239146743719689      0.0001973237651775       
-0.4269734717134943      -1.0000000000000000      0.0001993207526245       
0.4269734717134943       -1.0000000000000000      0.0001993207526245       
0.4269734717134943       -0.4269734717134943      0.0001993207526245       
-0.4269734717134943      0.4269734717134943       0.0001993207526245       
-1.0000000000000000      0.4269734717134943       0.0001993207526245       
-1.0000000000000000      -0.4269734717134943      0.0001993207526245       
-0.3248493828419110      -1.0000000000000000      0.0001870931683619       
0.3248493828419110       -1.0000000000000000      0.0001870931683619       
0.3248493828419110       -0.3248493828419110      0.0001870931683619       
-0.3248493828419110      0.3248493828419110       0.0001870931683619       
-1.0000000000000000      0.3248493828419110       0.0001870931683619       
-1.0000000000000000      -0.3248493828419110      0.0001870931683619       
-0.2187820582842610      -1.0000000000000000      0.0002100887050199       
0.2187820582842610       -1.0000000000000000      0.0002100887050199       
0.2187820582842610       -0.2187820582842610      0.0002100887050199       
-0.2187820582842610      0.2187820582842610       0.0002100887050199       
-1.0000000000000000      0.2187820582842610       0.0002100887050199       
-1.0000000000000000      -0.2187820582842610      0.0002100887050199       
-0.1100590133955921      -1.0000000000000000      0.0000997169969759       
0.1100590133955921       -1.0000000000000000      0.0000997169969759       
0.1100590133955921       -0.1100590133955921      0.0000997169969759       
-0.1100590133955921      0.1100590133955921       0.0000997169969759       
-1.0000000000000000      0.1100590133955921       0.0000997169969759       
-1.0000000000000000      -0.1100590133955921      0.0000997169969759       
-0.9911656975348364      -0.9701395446117081      0.0003972983504395       
0.9613052421465446       -0.9701395446117081      0.0003972983504395       
0.9613052421465446       -0.9911656975348364      0.0003972983504395       
-0.9911656975348364      0.9613052421465446       0.0003972983504395       
-0.9701395446117081      0.9613052421465446       0.0003972983504395       
-0.9701395446117081      -0.9911656975348364      0.0003972983504395       
-0.9911947527116590      -0.9375398542583694      0.0005658637212936       
0.9287346069700284       -0.9375398542583694      0.0005658637212936       
0.9287346069700284       -0.9911947527116590      0.0005658637212936       
-0.9911947527116588      0.9287346069700284       0.0005658637212936       
-0.9375398542583696      0.9287346069700284       0.0005658637212936       
-0.9375398542583694      -0.9911947527116590      0.0005658637212936       
-0.9912601902457848      -0.8936451066249806      0.0007235744658509       
0.8849052968707654       -0.8936451066249806      0.0007235744658509       
0.8849052968707654       -0.9912601902457848      0.0007235744658509       
-0.9912601902457846      0.8849052968707654       0.0007235744658509       
-0.8936451066249808      0.8849052968707654       0.0007235744658509       
-0.8936451066249806      -0.9912601902457848      0.0007235744658509       
-0.9914796667158132      -0.8389535622710269      0.0008555697928035       
0.8304332289868401       -0.8389535622710269      0.0008555697928035       
0.8304332289868401       -0.9914796667158132      0.0008555697928035       
-0.9914796667158132      0.8304332289868401       0.0008555697928035       
-0.8389535622710269      0.8304332289868401       0.0008555697928035       
-0.8389535622710269      -0.9914796667158132      0.0008555697928035       
-0.9917329727284672      -0.7741108688565399      0.0009659898582038       
0.7658438415850071       -0.7741108688565399      0.0009659898582038       
0.7658438415850071       -0.9917329727284672      0.0009659898582038       
-0.9917329727284672      0.7658438415850071       0.0009659898582038       
-0.7741108688565399      0.7658438415850071       0.0009659898582038       
-0.7741108688565399      -0.9917329727284672      0.0009659898582038       
-0.9918381303961004      -0.6999128976837350      0.0010753751412457       
0.6917510280798354       -0.6999128976837350      0.0010753751412457       
0.6917510280798355       -0.9918381303961002      0.0010753751412457       
-0.9918381303961002      0.6917510280798354       0.0010753751412457       
-0.6999128976837351      0.6917510280798354       0.0010753751412457       
-0.6999128976837351      -0.9918381303961002      0.0010753751412457       
-0.9919968372546574      -0.6171895558523093      0.0011621172225193       
0.6091863931069668       -0.6171895558523093      0.0011621172225193       
0.6091863931069668       -0.9919968372546574      0.0011621172225193       
-0.9919968372546574      0.6091863931069668       0.0011621172225193       
-0.6171895558523093      0.6091863931069668       0.0011621172225193       
-0.6171895558523093      -0.9919968372546574      0.0011621172225193       
-0.9922984608123294      -0.5268700695742603      0.0012099467900879       
0.5191685303865896       -0.5268700695742603      0.0012099467900879       
0.5191685303865895       -0.9922984608123294      0.0012099467900879       
-0.9922984608123294      0.5191685303865896       0.0012099467900879       
-0.5268700695742602      0.5191685303865896       0.0012099467900879       
-0.5268700695742602      -0.9922984608123294      0.0012099467900879       
-0.9926775984570464      -0.4300286418334451      0.0012221764386542       
0.4227062402904915       -0.4300286418334451      0.0012221764386542       
0.4227062402904916       -0.9926775984570466      0.0012221764386542       
-0.9926775984570466      0.4227062402904916       0.0012221764386542       
-0.4300286418334450      0.4227062402904916       0.0012221764386542       
-0.4300286418334450      -0.9926775984570466      0.0012221764386542       
-0.9933345997676268      -0.3277562020040244      0.0011791144314003       
0.3210908017716512       -0.3277562020040244      0.0011791144314003       
0.3210908017716512       -0.9933345997676268      0.0011791144314003       
-0.9933345997676268      0.3210908017716512       0.0011791144314003       
-0.3277562020040244      0.3210908017716512       0.0011791144314003       
-0.3277562020040244      -0.9933345997676268      0.0011791144314003       
-0.9930089270260208      -0.2219057338629686      0.0012329575904819       
0.2149146608889894       -0.2219057338629686      0.0012329575904819       
0.2149146608889893       -0.9930089270260208      0.0012329575904819       
-0.9930089270260208      0.2149146608889894       0.0012329575904819       
-0.2219057338629686      0.2149146608889894       0.0012329575904819       
-0.2219057338629687      -0.9930089270260208      0.0012329575904819       
-0.9953043718050604      -0.1122387334991181      0.0010277738571350       
0.1075431053041786       -0.1122387334991181      0.0010277738571350       
0.1075431053041786       -0.9953043718050604      0.0010277738571350       
-0.9953043718050606      0.1075431053041786       0.0010277738571350       
-0.1122387334991181      0.1075431053041786       0.0010277738571350       
-0.1122387334991181      -0.9953043718050604      0.0010277738571350       
-0.9705841367757928      -0.9382487566618982      0.0010007740472793       
0.9088328934376910       -0.9382487566618982      0.0010007740472793       
0.9088328934376910       -0.9705841367757928      0.0010007740472793       
-0.9705841367757930      0.9088328934376910       0.0010007740472793       
-0.9382487566618982      0.9088328934376910       0.0010007740472793       
-0.9382487566618982      -0.9705841367757928      0.0010007740472793       
-0.9708180416147038      -0.8948261992888362      0.0012789281669985       
0.8656442409035401       -0.8948261992888362      0.0012789281669985       
0.8656442409035401       -0.9708180416147038      0.0012789281669985       
-0.9708180416147038      0.8656442409035401       0.0012789281669985       
-0.8948261992888362      0.8656442409035401       0.0012789281669985       
-0.8948261992888362      -0.9708180416147038      0.0012789281669985       
-0.9715255071203210      -0.8406781264833683      0.0015153494418742       
0.8122036336036893       -0.8406781264833683      0.0015153494418742       
0.8122036336036893       -0.9715255071203210      0.0015153494418742       
-0.9715255071203210      0.8122036336036893       0.0015153494418742       
-0.8406781264833683      0.8122036336036893       0.0015153494418742       
-0.8406781264833683      -0.9715255071203210      0.0015153494418742       
-0.9723474701908286      -0.7764198149611239      0.0017157534818915       
0.7487672851519525       -0.7764198149611239      0.0017157534818915       
0.7487672851519525       -0.9723474701908286      0.0017157534818915       
-0.9723474701908286      0.7487672851519525       0.0017157534818915       
-0.7764198149611238      0.7487672851519525       0.0017157534818915       
-0.7764198149611239      -0.9723474701908286      0.0017157534818915       
-0.9727525786598072      -0.7028575545088966      0.0019032299259115       
0.6756101331687039       -0.7028575545088966      0.0019032299259115       
0.6756101331687039       -0.9727525786598072      0.0019032299259115       
-0.9727525786598072      0.6756101331687039       0.0019032299259115       
-0.7028575545088966      0.6756101331687039       0.0019032299259115       
-0.7028575545088966      -0.9727525786598072      0.0019032299259115       
-0.9733038224895936      -0.6208594990850453      0.0020512799691202       
0.5941633215746389       -0.6208594990850453      0.0020512799691202       
0.5941633215746388       -0.9733038224895936      0.0020512799691202       
-0.9733038224895936      0.5941633215746389       0.0020512799691202       
-0.6208594990850452      0.5941633215746389       0.0020512799691202       
-0.6208594990850452      -0.9733038224895936      0.0020512799691202       
-0.9742763920816482      -0.5313838642861208      0.0021371706714239       
0.5056602563677690       -0.5313838642861208      0.0021371706714239       
0.5056602563677690       -0.9742763920816482      0.0021371706714239       
-0.9742763920816480      0.5056602563677690       0.0021371706714239       
-0.5313838642861209      0.5056602563677690       0.0021371706714239       
-0.5313838642861208      -0.9742763920816482      0.0021371706714239       
-0.9755605072601780      -0.4354787512802108      0.0021562478354273       
0.4110392585403888       -0.4354787512802108      0.0021562478354273       
0.4110392585403888       -0.9755605072601780      0.0021562478354273       
-0.9755605072601780      0.4110392585403888       0.0021562478354273       
-0.4354787512802108      0.4110392585403888       0.0021562478354273       
-0.4354787512802108      -0.9755605072601780      0.0021562478354273       
-0.9772564961331071      -0.3341105450497059      0.0021524535997703       
0.3113670411828128       -0.3341105450497059      0.0021524535997703       
0.3113670411828129       -0.9772564961331071      0.0021524535997703       
-0.9772564961331071      0.3113670411828129       0.0021524535997703       
-0.3341105450497058      0.3113670411828129       0.0021524535997703       
-0.3341105450497058      -0.9772564961331071      0.0021524535997703       
-0.9775993437079737      -0.2290224185135272      0.0020490957271269       
0.2066217622215010       -0.2290224185135272      0.0020490957271269       
0.2066217622215010       -0.9775993437079737      0.0020490957271269       
-0.9775993437079737      0.2066217622215010       0.0020490957271269       
-0.2290224185135272      0.2066217622215010       0.0020490957271269       
-0.2290224185135272      -0.9775993437079737      0.0020490957271269       
-0.9804138355040072      -0.1195403551375334      0.0022219926118824       
0.0999541906415406       -0.1195403551375334      0.0022219926118824       
0.0999541906415406       -0.9804138355040072      0.0022219926118824       
-0.9804138355040072      0.0999541906415406       0.0022219926118824       
-0.1195403551375334      0.0999541906415406       0.0022219926118824       
-0.1195403551375334      -0.9804138355040072      0.0022219926118824       
-0.9390374926880408      -0.8953077908350058      0.0018112818406036       
0.8343452835230465       -0.8953077908350058      0.0018112818406036       
0.8343452835230465       -0.9390374926880410      0.0018112818406036       
-0.9390374926880408      0.8343452835230465       0.0018112818406036       
-0.8953077908350057      0.8343452835230465       0.0018112818406036       
-0.8953077908350056      -0.9390374926880410      0.0018112818406036       
-0.9404775177031922      -0.8415695638911274      0.0021432823268267       
0.7820470815943195       -0.8415695638911274      0.0021432823268267       
0.7820470815943193       -0.9404775177031922      0.0021432823268267       
-0.9404775177031922      0.7820470815943195       0.0021432823268267       
-0.8415695638911272      0.7820470815943195       0.0021432823268267       
-0.8415695638911272      -0.9404775177031922      0.0021432823268267       
-0.9420951930304600      -0.7779134433834454      0.0024314195787538       
0.7200086364139053       -0.7779134433834454      0.0024314195787538       
0.7200086364139053       -0.9420951930304600      0.0024314195787538       
-0.9420951930304600      0.7200086364139053       0.0024314195787538       
-0.7779134433834454      0.7200086364139053       0.0024314195787538       
-0.7779134433834454      -0.9420951930304600      0.0024314195787538       
-0.9431008980372996      -0.7051052165320670      0.0026809769103515       
0.6482061145693667       -0.7051052165320670      0.0026809769103515       
0.6482061145693667       -0.9431008980372994      0.0026809769103515       
-0.9431008980372996      0.6482061145693667       0.0026809769103515       
-0.7051052165320671      0.6482061145693667       0.0026809769103515       
-0.7051052165320673      -0.9431008980372994      0.0026809769103515       
-0.9443301488347426      -0.6239158604173518      0.0028858374686894       
0.5682460092520945       -0.6239158604173518      0.0028858374686894       
0.5682460092520945       -0.9443301488347426      0.0028858374686894       
-0.9443301488347428      0.5682460092520945       0.0028858374686894       
-0.6239158604173517      0.5682460092520945       0.0028858374686894       
-0.6239158604173518      -0.9443301488347426      0.0028858374686894       
-0.9463333823930113      -0.5351408212144544      0.0030101690947625       
0.4814742036074657       -0.5351408212144544      0.0030101690947625       
0.4814742036074657       -0.9463333823930113      0.0030101690947625       
-0.9463333823930113      0.4814742036074657       0.0030101690947625       
-0.5351408212144544      0.4814742036074657       0.0030101690947625       
-0.5351408212144544      -0.9463333823930113      0.0030101690947625       
-0.9489819975811274      -0.4397832781562449      0.0030551310062576       
0.3887652757373722       -0.4397832781562449      0.0030551310062576       
0.3887652757373723       -0.9489819975811274      0.0030551310062576       
-0.9489819975811274      0.3887652757373723       0.0030551310062576       
-0.4397832781562448      0.3887652757373723       0.0030551310062576       
-0.4397832781562448      -0.9489819975811274      0.0030551310062576       
-0.9517406775867608      -0.3392098370152500      0.0030743789332224       
0.2909505146020108       -0.3392098370152500      0.0030743789332224       
0.2909505146020108       -0.9517406775867608      0.0030743789332224       
-0.9517406775867608      0.2909505146020108       0.0030743789332224       
-0.3392098370152500      0.2909505146020108       0.0030743789332224       
-0.3392098370152500      -0.9517406775867608      0.0030743789332224       
-0.9544596053321546      -0.2346594183738516      0.0028831441326010       
0.1891190237060062       -0.2346594183738516      0.0028831441326010       
0.1891190237060061       -0.9544596053321546      0.0028831441326010       
-0.9544596053321543      0.1891190237060061       0.0028831441326010       
-0.2346594183738516      0.1891190237060061       0.0028831441326010       
-0.2346594183738516      -0.9544596053321546      0.0028831441326010       
-0.9551362935053016      -0.1290586084558483      0.0031666822503002       
0.0841949019611499       -0.1290586084558483      0.0031666822503002       
0.0841949019611498       -0.9551362935053016      0.0031666822503002       
-0.9551362935053016      0.0841949019611499       0.0031666822503002       
-0.1290586084558483      0.0841949019611499       0.0031666822503002       
-0.1290586084558483      -0.9551362935053016      0.0031666822503002       
-0.8987187386171951      -0.8432544550651928      0.0027206850586330       
0.7419731936823879       -0.8432544550651928      0.0027206850586330       
0.7419731936823879       -0.8987187386171951      0.0027206850586330       
-0.8987187386171951      0.7419731936823879       0.0027206850586330       
-0.8432544550651928      0.7419731936823879       0.0027206850586330       
-0.8432544550651928      -0.8987187386171951      0.0027206850586330       
-0.9012556381980316      -0.7805128636192489      0.0030869139312968       
0.6817685018172805       -0.7805128636192489      0.0030869139312968       
0.6817685018172805       -0.9012556381980316      0.0030869139312968       
-0.9012556381980316      0.6817685018172805       0.0030869139312968       
-0.7805128636192489      0.6817685018172805       0.0030869139312968       
-0.7805128636192489      -0.9012556381980316      0.0030869139312968       
-0.9033189285894796      -0.7090765415168443      0.0033613492323010       
0.6123954701063239       -0.7090765415168443      0.0033613492323010       
0.6123954701063239       -0.9033189285894796      0.0033613492323010       
-0.9033189285894796      0.6123954701063239       0.0033613492323010       
-0.7090765415168443      0.6123954701063239       0.0033613492323010       
-0.7090765415168443      -0.9033189285894796      0.0033613492323010       
-0.9054806793422278      -0.6299248806874491      0.0035899206908268       
0.5354055600296770       -0.6299248806874491      0.0035899206908268       
0.5354055600296770       -0.9054806793422278      0.0035899206908268       
-0.9054806793422278      0.5354055600296770       0.0035899206908268       
-0.6299248806874491      0.5354055600296770       0.0035899206908268       
-0.6299248806874491      -0.9054806793422278      0.0035899206908268       
-0.9088560001970454      -0.5437993795481804      0.0037200002532280       
0.4526553797452257       -0.5437993795481804      0.0037200002532280       
0.4526553797452257       -0.9088560001970454      0.0037200002532280       
-0.9088560001970454      0.4526553797452257       0.0037200002532280       
-0.5437993795481803      0.4526553797452257       0.0037200002532280       
-0.5437993795481803      -0.9088560001970454      0.0037200002532280       
-0.9128771487114468      -0.4513358634992951      0.0038367707982893       
0.3642130122107420       -0.4513358634992951      0.0038367707982893       
0.3642130122107418       -0.9128771487114468      0.0038367707982893       
-0.9128771487114468      0.3642130122107418       0.0038367707982893       
-0.4513358634992951      0.3642130122107418       0.0038367707982893       
-0.4513358634992951      -0.9128771487114468      0.0038367707982893       
-0.9170990626590890      -0.3532277422906312      0.0038492966841592       
0.2703268049497201       -0.3532277422906312      0.0038492966841592       
0.2703268049497200       -0.9170990626590890      0.0038492966841592       
-0.9170990626590888      0.2703268049497200       0.0038492966841592       
-0.3532277422906312      0.2703268049497200       0.0038492966841592       
-0.3532277422906312      -0.9170990626590890      0.0038492966841592       
-0.9218670802397532      -0.2500597993974166      0.0038919562936201       
0.1719268796371698       -0.2500597993974166      0.0038919562936201       
0.1719268796371698       -0.9218670802397532      0.0038919562936201       
-0.9218670802397532      0.1719268796371698       0.0038919562936201       
-0.2500597993974166      0.1719268796371698       0.0038919562936201       
-0.2500597993974166      -0.9218670802397532      0.0038919562936201       
-0.9221498127191310      -0.1452843239523030      0.0037384400245666       
0.0674341366714339       -0.1452843239523030      0.0037384400245666       
0.0674341366714339       -0.9221498127191310      0.0037384400245666       
-0.9221498127191310      0.0674341366714339       0.0037384400245666       
-0.1452843239523030      0.0674341366714339       0.0037384400245666       
-0.1452843239523030      -0.9221498127191310      0.0037384400245666       
-0.8502212731281180      -0.7850587390597770      0.0036853969426039       
0.6352800121878950       -0.7850587390597770      0.0036853969426039       
0.6352800121878950       -0.8502212731281180      0.0036853969426039       
-0.8502212731281180      0.6352800121878950       0.0036853969426039       
-0.7850587390597770      0.6352800121878950       0.0036853969426039       
-0.7850587390597770      -0.8502212731281180      0.0036853969426039       
-0.8539259556928067      -0.7144762690454891      0.0040193198076670       
0.5684022247382958       -0.7144762690454891      0.0040193198076670       
0.5684022247382959       -0.8539259556928066      0.0040193198076670       
-0.8539259556928066      0.5684022247382958       0.0040193198076670       
-0.7144762690454892      0.5684022247382958       0.0040193198076670       
-0.7144762690454892      -0.8539259556928066      0.0040193198076670       
-0.8574264605365312      -0.6357312336822942      0.0043049295650314       
0.4931576942188253       -0.6357312336822942      0.0043049295650314       
0.4931576942188253       -0.8574264605365313      0.0043049295650314       
-0.8574264605365313      0.4931576942188254       0.0043049295650314       
-0.6357312336822941      0.4931576942188254       0.0043049295650314       
-0.6357312336822941      -0.8574264605365313      0.0043049295650314       
-0.8627589779620743      -0.5495472648192008      0.0044583519593588       
0.4123062427812751       -0.5495472648192008      0.0044583519593588       
0.4123062427812752       -0.8627589779620743      0.0044583519593588       
-0.8627589779620745      0.4123062427812752       0.0044583519593588       
-0.5495472648192007      0.4123062427812752       0.0044583519593588       
-0.5495472648192007      -0.8627589779620743      0.0044583519593588       
-0.8681030331658781      -0.4575488137200450      0.0045837093931529       
0.3256518468859231       -0.4575488137200450      0.0045837093931529       
0.3256518468859231       -0.8681030331658781      0.0045837093931529       
-0.8681030331658781      0.3256518468859231       0.0045837093931529       
-0.4575488137200450      0.3256518468859231       0.0045837093931529       
-0.4575488137200450      -0.8681030331658781      0.0045837093931529       
-0.8747138802187195      -0.3608594375947051      0.0044999894674126       
0.2355733178134246       -0.3608594375947051      0.0044999894674126       
0.2355733178134247       -0.8747138802187195      0.0044999894674126       
-0.8747138802187197      0.2355733178134247       0.0044999894674126       
-0.3608594375947050      0.2355733178134247       0.0044999894674126       
-0.3608594375947050      -0.8747138802187195      0.0044999894674126       
-0.8795582296788449      -0.2614634106805816      0.0046558203801681       
0.1410216403594265       -0.2614634106805816      0.0046558203801681       
0.1410216403594264       -0.8795582296788447      0.0046558203801681       
-0.8795582296788448      0.1410216403594264       0.0046558203801681       
-0.2614634106805816      0.1410216403594264       0.0046558203801681       
-0.2614634106805816      -0.8795582296788447      0.0046558203801681       
-0.8853583472973664      -0.1588064266275836      0.0039331924315788       
0.0441647739249500       -0.1588064266275836      0.0039331924315788       
0.0441647739249500       -0.8853583472973664      0.0039331924315788       
-0.8853583472973664      0.0441647739249500       0.0039331924315788       
-0.1588064266275836      0.0441647739249500       0.0039331924315788       
-0.1588064266275836      -0.8853583472973664      0.0039331924315788       
-0.7954955220921132      -0.7205888150330724      0.0045471703839596       
0.5160843371251855       -0.7205888150330724      0.0045471703839596       
0.5160843371251854       -0.7954955220921133      0.0045471703839596       
-0.7954955220921133      0.5160843371251855       0.0045471703839596       
-0.7205888150330723      0.5160843371251855       0.0045471703839596       
-0.7205888150330723      -0.7954955220921133      0.0045471703839596       
-0.8007828730464710      -0.6440742684868179      0.0047959786781129       
0.4448571415332890       -0.6440742684868179      0.0047959786781129       
0.4448571415332888       -0.8007828730464710      0.0047959786781129       
-0.8007828730464709      0.4448571415332889       0.0047959786781129       
-0.6440742684868180      0.4448571415332889       0.0047959786781129       
-0.6440742684868179      -0.8007828730464710      0.0047959786781129       
-0.8080992648293599      -0.5606981229985171      0.0049937906520307       
0.3687973878278769       -0.5606981229985171      0.0049937906520307       
0.3687973878278770       -0.8080992648293601      0.0049937906520307       
-0.8080992648293600      0.3687973878278770       0.0049937906520307       
-0.5606981229985170      0.3687973878278770       0.0049937906520307       
-0.5606981229985170      -0.8080992648293601      0.0049937906520307       
-0.8149327678525267      -0.4714798032872782      0.0051215269849565       
0.2864125711398049       -0.4714798032872782      0.0051215269849565       
0.2864125711398049       -0.8149327678525267      0.0051215269849565       
-0.8149327678525267      0.2864125711398049       0.0051215269849565       
-0.4714798032872782      0.2864125711398049       0.0051215269849565       
-0.4714798032872782      -0.8149327678525267      0.0051215269849565       
-0.8238607174166739      -0.3765742175570612      0.0051940524419196       
0.2004349349737351       -0.3765742175570612      0.0051940524419196       
0.2004349349737351       -0.8238607174166739      0.0051940524419196       
-0.8238607174166739      0.2004349349737351       0.0051940524419196       
-0.3765742175570612      0.2004349349737351       0.0051940524419196       
-0.3765742175570612      -0.8238607174166739      0.0051940524419196       
-0.8291924776808771      -0.2792197997031540      0.0051303767012408       
0.1084122773840310       -0.2792197997031540      0.0051303767012408       
0.1084122773840310       -0.8291924776808770      0.0051303767012408       
-0.8291924776808771      0.1084122773840310       0.0051303767012408       
-0.2792197997031539      0.1084122773840310       0.0051303767012408       
-0.2792197997031539      -0.8291924776808770      0.0051303767012408       
-0.8418002990937395      -0.1771458193881887      0.0048261687531954       
0.0189461184819282       -0.1771458193881887      0.0048261687531954       
0.0189461184819282       -0.8418002990937397      0.0048261687531954       
-0.8418002990937395      0.0189461184819282       0.0048261687531954       
-0.1771458193881886      0.0189461184819282       0.0048261687531954       
-0.1771458193881886      -0.8418002990937397      0.0048261687531954       
-0.7364009239330918      -0.6538037728708357      0.0052317995182363       
0.3902046968039274       -0.6538037728708357      0.0052317995182363       
0.3902046968039274       -0.7364009239330920      0.0052317995182363       
-0.7364009239330919      0.3902046968039274       0.0052317995182363       
-0.6538037728708356      0.3902046968039274       0.0052317995182363       
-0.6538037728708355      -0.7364009239330920      0.0052317995182363       
-0.7454489147276899      -0.5725697403564987      0.0054658996241187       
0.3180186550841886       -0.5725697403564987      0.0054658996241187       
0.3180186550841886       -0.7454489147276899      0.0054658996241187       
-0.7454489147276899      0.3180186550841886       0.0054658996241187       
-0.5725697403564987      0.3180186550841886       0.0054658996241187       
-0.5725697403564987      -0.7454489147276899      0.0054658996241187       
-0.7549114814920398      -0.4863573522275972      0.0054301117002176       
0.2412688337196369       -0.4863573522275972      0.0054301117002176       
0.2412688337196369       -0.7549114814920398      0.0054301117002176       
-0.7549114814920398      0.2412688337196369       0.0054301117002176       
-0.4863573522275971      0.2412688337196369       0.0054301117002176       
-0.4863573522275971      -0.7549114814920398      0.0054301117002176       
-0.7646670029351620      -0.3959909117624670      0.0056189094173012       
0.1606579146976290       -0.3959909117624670      0.0056189094173012       
0.1606579146976290       -0.7646670029351621      0.0056189094173012       
-0.7646670029351620      0.1606579146976290       0.0056189094173012       
-0.3959909117624670      0.1606579146976290       0.0056189094173012       
-0.3959909117624670      -0.7646670029351621      0.0056189094173012       
-0.7738774001326486      -0.3017702679112686      0.0053051058086078       
0.0756476680439171       -0.3017702679112686      0.0053051058086078       
0.0756476680439171       -0.7738774001326485      0.0053051058086078       
-0.7738774001326486      0.0756476680439171       0.0053051058086078       
-0.3017702679112685      0.0756476680439171       0.0053051058086078       
-0.3017702679112685      -0.7738774001326485      0.0053051058086078       
-0.7868052316238096      -0.2018183435462873      0.0056698141944962       
-0.0113764248299031      -0.2018183435462873      0.0056698141944962       
-0.0113764248299031      -0.7868052316238097      0.0056698141944962       
-0.7868052316238096      -0.0113764248299031      0.0056698141944962       
-0.2018183435462874      -0.0113764248299031      0.0056698141944962       
-0.2018183435462874      -0.7868052316238097      0.0056698141944962       
-0.6753251148253002      -0.5866330382998637      0.0058253024333938       
0.2619581531251640       -0.5866330382998637      0.0058253024333938       
0.2619581531251640       -0.6753251148253003      0.0058253024333938       
-0.6753251148253002      0.2619581531251640       0.0058253024333938       
-0.5866330382998638      0.2619581531251640       0.0058253024333938       
-0.5866330382998638      -0.6753251148253003      0.0058253024333938       
-0.6885716728793639      -0.5017649896626515      0.0058852516845512       
0.1903366625420155       -0.5017649896626515      0.0058852516845512       
0.1903366625420155       -0.6885716728793638      0.0058852516845512       
-0.6885716728793639      0.1903366625420155       0.0058852516845512       
-0.5017649896626516      0.1903366625420155       0.0058852516845512       
-0.5017649896626516      -0.6885716728793638      0.0058852516845512       
-0.6994018224509639      -0.4131343743946818      0.0058633046118487       
0.1125361968456458       -0.4131343743946818      0.0058633046118487       
0.1125361968456458       -0.6994018224509639      0.0058633046118487       
-0.6994018224509639      0.1125361968456458       0.0058633046118487       
-0.4131343743946818      0.1125361968456458       0.0058633046118487       
-0.4131343743946818      -0.6994018224509639      0.0058633046118487       
-0.7144204948717485      -0.3211419659751844      0.0055274857273609       
0.0355624608469329       -0.3211419659751844      0.0055274857273609       
0.0355624608469329       -0.7144204948717485      0.0055274857273609       
-0.7144204948717485      0.0355624608469329       0.0055274857273609       
-0.3211419659751844      0.0355624608469329       0.0055274857273609       
-0.3211419659751844      -0.7144204948717485      0.0055274857273609       
-0.7253391811149610      -0.2287116140076898      0.0056091460384166       
-0.0459492048773492      -0.2287116140076898      0.0056091460384166       
-0.0459492048773492      -0.7253391811149609      0.0056091460384166       
-0.7253391811149610      -0.0459492048773492      0.0056091460384166       
-0.2287116140076898      -0.0459492048773492      0.0056091460384166       
-0.2287116140076898      -0.7253391811149609      0.0056091460384166       
-0.6153901442712150      -0.5182196254499134      0.0061409356138010       
0.1336097697211285       -0.5182196254499134      0.0061409356138010       
0.1336097697211285       -0.6153901442712151      0.0061409356138010       
-0.6153901442712150      0.1336097697211285       0.0061409356138010       
-0.5182196254499135      0.1336097697211285       0.0061409356138010       
-0.5182196254499135      -0.6153901442712151      0.0061409356138010       
-0.6309275410668449      -0.4322238781933188      0.0058279223289298       
0.0631514192601636       -0.4322238781933188      0.0058279223289298       
0.0631514192601637       -0.6309275410668449      0.0058279223289298       
-0.6309275410668449      0.0631514192601636       0.0058279223289298       
-0.4322238781933188      0.0631514192601636       0.0058279223289298       
-0.4322238781933188      -0.6309275410668449      0.0058279223289298       
-0.6475193110854389      -0.3418149190147864      0.0061260624578748       
-0.0106657698997746      -0.3418149190147864      0.0061260624578748       
-0.0106657698997746      -0.6475193110854389      0.0061260624578748       
-0.6475193110854389      -0.0106657698997746      0.0061260624578748       
-0.3418149190147864      -0.0106657698997746      0.0061260624578748       
-0.3418149190147864      -0.6475193110854389      0.0061260624578748       
-0.6636985556647061      -0.2497010155087988      0.0052655148143340       
-0.0866004288264950      -0.2497010155087988      0.0052655148143340       
-0.0866004288264950      -0.6636985556647060      0.0052655148143340       
-0.6636985556647061      -0.0866004288264950      0.0052655148143340       
-0.2497010155087988      -0.0866004288264950      0.0052655148143340       
-0.2497010155087988      -0.6636985556647060      0.0052655148143340       
-0.5595549607807582      -0.4516803970502834      0.0058665725035727       
0.0112353578310416       -0.4516803970502834      0.0058665725035727       
0.0112353578310416       -0.5595549607807582      0.0058665725035727       
-0.5595549607807582      0.0112353578310416       0.0058665725035727       
-0.4516803970502834      0.0112353578310416       0.0058665725035727       
-0.4516803970502834      -0.5595549607807582      0.0058665725035727       
-0.5738727678184752      -0.3693580604512970      0.0057012275590930       
-0.0567691717302279      -0.3693580604512970      0.0057012275590930       
-0.0567691717302279      -0.5738727678184752      0.0057012275590930       
-0.5738727678184752      -0.0567691717302278      0.0057012275590930       
-0.3693580604512970      -0.0567691717302278      0.0057012275590930       
-0.3693580604512970      -0.5738727678184752      0.0057012275590930       
-0.5974779963711020      -0.2819766320911125      0.0055432009681898       
-0.1205453715377856      -0.2819766320911125      0.0055432009681898       
-0.1205453715377856      -0.5974779963711021      0.0055432009681898       
-0.5974779963711020      -0.1205453715377856      0.0055432009681898       
-0.2819766320911124      -0.1205453715377856      0.0055432009681898       
-0.2819766320911124      -0.5974779963711021      0.0055432009681898       
-0.5015567372510394      -0.3944599460592638      0.0056419313432438       
-0.1039833166896967      -0.3944599460592638      0.0056419313432438       
-0.1039833166896967      -0.5015567372510394      0.0056419313432438       
-0.5015567372510394      -0.1039833166896967      0.0056419313432438       
-0.3944599460592638      -0.1039833166896967      0.0056419313432438       
-0.3944599460592638      -0.5015567372510394      0.0056419313432438       
-0.5262367622724942      -0.3086205142077820      0.0053970185613337       
-0.1651427235197240      -0.3086205142077820      0.0053970185613337       
-0.1651427235197240      -0.5262367622724942      0.0053970185613337       
-0.5262367622724942      -0.1651427235197240      0.0053970185613337       
-0.3086205142077820      -0.1651427235197240      0.0053970185613337       
-0.3086205142077820      -0.5262367622724942      0.0053970185613337       
-0.4532659220221507      -0.3433012993038649      0.0051461598210730       
-0.2034327786739844      -0.3433012993038649      0.0051461598210730       
-0.2034327786739844      -0.4532659220221507      0.0051461598210730       
-0.4532659220221507      -0.2034327786739844      0.0051461598210730       
-0.3433012993038649      -0.2034327786739844      0.0051461598210730       
-0.3433012993038649      -0.4532659220221507      0.0051461598210730       
-0.3333333333333333      -0.3333333333333333      0.0051457771244168       
