centroid    numS21      numS111     
true (1)    40 (3)      190 (6)     

x                        y                        w                        
-0.9983135274514452      0.9966270549028904       0.0000187207043811       
-0.9983135274514452      -0.9983135274514452      0.0000187207043811       
0.9966270549028904       -0.9983135274514452      0.0000187207043811       
-0.9911948903706091      0.9823897807412182       0.0000993793146875       
-0.9911948903706091      -0.9911948903706091      0.0000993793146875       
0.9823897807412182       -0.9911948903706091      0.0000993793146875       
-0.9786378753500358      0.9572757507000716       0.0002381977780256       
-0.9786378753500358      -0.9786378753500358      0.0002381977780256       
0.9572757507000716       -0.9786378753500358      0.0002381977780256       
-0.9608754026679373      0.9217508053358746       0.0004283568436012       
-0.9608754026679373      -0.9608754026679373      0.0004283568436012       
0.9217508053358744       -0.9608754026679373      0.0004283568436012       
-0.9381112654053660      0.8762225308107321       0.0006633131754742       
-0.9381112654053660      -0.9381112654053660      0.0006633131754742       
0.8762225308107321       -0.9381112654053660      0.0006633131754742       
-0.9103748438858684      0.8207496877717368       0.0009390639800285       
-0.9103748438858684      -0.9103748438858684      0.0009390639800285       
0.8207496877717367       -0.9103748438858684      0.0009390639800285       
-0.8781126885514490      0.7562253771028979       0.0012440628178093       
-0.8781126885514490      -0.8781126885514490      0.0012440628178093       
0.7562253771028979       -0.8781126885514490      0.0012440628178093       
-0.8423286018346636      0.6846572036693273       0.0015540908076422       
-0.8423286018346636      -0.8423286018346636      0.0015540908076422       
0.6846572036693273       -0.8423286018346636      0.0015540908076422       
-0.8034172365549404      0.6068344731098807       0.0018641537706386       
-0.8034172365549404      -0.8034172365549404      0.0018641537706386       
0.6068344731098807       -0.8034172365549404      0.0018641537706386       
-0.7622863542463899      0.5245727084927798       0.0021415098217275       
-0.7622863542463899      -0.7622863542463899      0.0021415098217275       
0.5245727084927797       -0.7622863542463899      0.0021415098217275       
-0.7194585506953334      0.4389171013906668       0.0023929161625927       
-0.7194585506953335      -0.7194585506953333      0.0023929161625927       
0.4389171013906668       -0.7194585506953333      0.0023929161625927       
-0.6753205242481125      0.3506410484962250       0.0025993572603629       
-0.6753205242481124      -0.6753205242481126      0.0025993572603629       
0.3506410484962250       -0.6753205242481126      0.0025993572603629       
-0.6311065298260975      0.2622130596521950       0.0027532383435389       
-0.6311065298260975      -0.6311065298260976      0.0027532383435389       
0.2622130596521950       -0.6311065298260976      0.0027532383435389       
-0.5873876654821841      0.1747753309643682       0.0028914023729394       
-0.5873876654821841      -0.5873876654821841      0.0028914023729394       
0.1747753309643682       -0.5873876654821841      0.0028914023729394       
-0.5436530268603157      0.0873060537206314       0.0029592494931371       
-0.5436530268603157      -0.5436530268603157      0.0029592494931371       
0.0873060537206314       -0.5436530268603157      0.0029592494931371       
-0.5026094006595037      0.0052188013190073       0.0029221355286113       
-0.5026094006595037      -0.5026094006595037      0.0029221355286113       
0.0052188013190073       -0.5026094006595037      0.0029221355286113       
-0.4628749280527241      -0.0742501438945518      0.0028427337415078       
-0.4628749280527241      -0.4628749280527242      0.0028427337415078       
-0.0742501438945518      -0.4628749280527242      0.0028427337415078       
-0.4247946844793626      -0.1504106310412747      0.0027515670581938       
-0.4247946844793626      -0.4247946844793626      0.0027515670581938       
-0.1504106310412747      -0.4247946844793626      0.0027515670581938       
-0.3897598871614842      -0.2204802256770315      0.0026379009064568       
-0.3897598871614842      -0.3897598871614842      0.0026379009064568       
-0.2204802256770315      -0.3897598871614842      0.0026379009064568       
-0.3590639763480986      -0.2818720473038028      0.0025347605985223       
-0.3590639763480986      -0.3590639763480986      0.0025347605985223       
-0.2818720473038028      -0.3590639763480986      0.0025347605985223       
-0.0005349788985463      -0.9989300422029074      0.0002081865524229       
-0.0005349788985463      -0.0005349788985463      0.0002081865524229       
-0.9989300422029074      -0.0005349788985463      0.0002081865524229       
-0.0028770990681189      -0.9942458018637622      0.0005013740571647       
-0.0028770990681189      -0.0028770990681189      0.0005013740571647       
-0.9942458018637622      -0.0028770990681189      0.0005013740571647       
-0.0071966313556052      -0.9856067372887896      0.0007980102690438       
-0.0071966313556052      -0.0071966313556052      0.0007980102690438       
-0.9856067372887896      -0.0071966313556052      0.0007980102690438       
-0.0134379014787089      -0.9731241970425822      0.0010676139933771       
-0.0134379014787089      -0.0134379014787089      0.0010676139933771       
-0.9731241970425822      -0.0134379014787089      0.0010676139933771       
-0.0214198190180074      -0.9571603619639852      0.0013063167953410       
-0.0214198190180074      -0.0214198190180074      0.0013063167953410       
-0.9571603619639852      -0.0214198190180074      0.0013063167953410       
-0.0310487787198687      -0.9379024425602626      0.0015427560806364       
-0.0310487787198687      -0.0310487787198687      0.0015427560806364       
-0.9379024425602626      -0.0310487787198687      0.0015427560806364       
-0.0424223402366184      -0.9151553195267632      0.0017771257660271       
-0.0424223402366184      -0.0424223402366184      0.0017771257660271       
-0.9151553195267632      -0.0424223402366184      0.0017771257660271       
-0.0556149285032766      -0.8887701429934467      0.0019814673661942       
-0.0556149285032766      -0.0556149285032767      0.0019814673661942       
-0.8887701429934467      -0.0556149285032767      0.0019814673661942       
-0.0704635643242912      -0.8590728713514175      0.0021391867551675       
-0.0704635643242912      -0.0704635643242912      0.0021391867551675       
-0.8590728713514175      -0.0704635643242912      0.0021391867551675       
-0.0866586622168600      -0.8266826755662799      0.0022558014448992       
-0.0866586622168600      -0.0866586622168600      0.0022558014448992       
-0.8266826755662799      -0.0866586622168600      0.0022558014448992       
-0.1041189552422583      -0.7917620895154833      0.0023607491412511       
-0.1041189552422583      -0.1041189552422583      0.0023607491412511       
-0.7917620895154833      -0.1041189552422583      0.0023607491412511       
-0.1229558849681489      -0.7540882300637022      0.0024381464498515       
-0.1229558849681489      -0.1229558849681489      0.0024381464498515       
-0.7540882300637022      -0.1229558849681489      0.0024381464498515       
-0.1432702898928305      -0.7134594202143389      0.0025296255426837       
-0.1432702898928305      -0.1432702898928305      0.0025296255426837       
-0.7134594202143389      -0.1432702898928305      0.0025296255426837       
-0.1645440779484165      -0.6709118441031670      0.0024892690985789       
-0.1645440779484165      -0.1645440779484165      0.0024892690985789       
-0.6709118441031670      -0.1645440779484165      0.0024892690985789       
-0.1866044810918238      -0.6267910378163524      0.0024616464188249       
-0.1866044810918238      -0.1866044810918238      0.0024616464188249       
-0.6267910378163524      -0.1866044810918238      0.0024616464188249       
-0.2091294446740566      -0.5817411106518868      0.0024278345239157       
-0.2091294446740566      -0.2091294446740566      0.0024278345239157       
-0.5817411106518868      -0.2091294446740566      0.0024278345239157       
-0.2324184455683780      -0.5351631088632440      0.0023784000132254       
-0.2324184455683780      -0.2324184455683780      0.0023784000132254       
-0.5351631088632440      -0.2324184455683780      0.0023784000132254       
-0.2569679764891390      -0.4860640470217221      0.0020878178843800       
-0.2569679764891390      -0.2569679764891389      0.0020878178843800       
-0.4860640470217221      -0.2569679764891389      0.0020878178843800       
-0.2767545664373970      -0.4464908671252062      0.0015517033912419       
-0.2767545664373970      -0.2767545664373970      0.0015517033912419       
-0.4464908671252062      -0.2767545664373970      0.0015517033912419       
-0.3005952950811245      -0.3988094098377510      0.0023718031719957       
-0.3005952950811245      -0.3005952950811244      0.0023718031719957       
-0.3988094098377510      -0.3005952950811244      0.0023718031719957       
-0.9983269936833498      -0.9911252998153268      0.0000431220274632       
0.9894522934986766       -0.9911252998153268      0.0000431220274632       
0.9894522934986766       -0.9983269936833498      0.0000431220274632       
-0.9983269936833498      0.9894522934986766       0.0000431220274632       
-0.9911252998153270      0.9894522934986766       0.0000431220274632       
-0.9911252998153268      -0.9983269936833498      0.0000431220274632       
-0.9983455403210056      -0.9782388316805580      0.0000667010905288       
0.9765843720015634       -0.9782388316805580      0.0000667010905288       
0.9765843720015634       -0.9983455403210056      0.0000667010905288       
-0.9983455403210054      0.9765843720015634       0.0000667010905288       
-0.9782388316805580      0.9765843720015634       0.0000667010905288       
-0.9782388316805580      -0.9983455403210056      0.0000667010905288       
-0.9983633057532192      -0.9597290934588965      0.0000893879126728       
0.9580923992121158       -0.9597290934588965      0.0000893879126728       
0.9580923992121158       -0.9983633057532192      0.0000893879126728       
-0.9983633057532192      0.9580923992121158       0.0000893879126728       
-0.9597290934588965      0.9580923992121158       0.0000893879126728       
-0.9597290934588965      -0.9983633057532192      0.0000893879126728       
-0.9983790021110940      -0.9357067581122018      0.0001111809938149       
0.9340857602232960       -0.9357067581122018      0.0001111809938149       
0.9340857602232960       -0.9983790021110940      0.0001111809938149       
-0.9983790021110940      0.9340857602232960       0.0001111809938149       
-0.9357067581122018      0.9340857602232960       0.0001111809938149       
-0.9357067581122018      -0.9983790021110940      0.0001111809938149       
-0.9983878307026128      -0.9063152498460818      0.0001324412806050       
0.9047030805486946       -0.9063152498460818      0.0001324412806050       
0.9047030805486946       -0.9983878307026128      0.0001324412806050       
-0.9983878307026128      0.9047030805486946       0.0001324412806050       
-0.9063152498460818      0.9047030805486946       0.0001324412806050       
-0.9063152498460818      -0.9983878307026128      0.0001324412806050       
-0.9983996717807786      -0.8717278900109398      0.0001524053218703       
0.8701275617917184       -0.8717278900109398      0.0001524053218703       
0.8701275617917184       -0.9983996717807786      0.0001524053218703       
-0.9983996717807788      0.8701275617917184       0.0001524053218703       
-0.8717278900109396      0.8701275617917184       0.0001524053218703       
-0.8717278900109398      -0.9983996717807786      0.0001524053218703       
-0.9984193126673334      -0.8321481759256455      0.0001703255800110       
0.8305674885929788       -0.8321481759256455      0.0001703255800110       
0.8305674885929788       -0.9984193126673334      0.0001703255800110       
-0.9984193126673334      0.8305674885929788       0.0001703255800110       
-0.8321481759256455      0.8305674885929788       0.0001703255800110       
-0.8321481759256455      -0.9984193126673334      0.0001703255800110       
-0.9984401211161152      -0.7878113918374641      0.0001866023615237       
0.7862515129535792       -0.7878113918374641      0.0001866023615237       
0.7862515129535792       -0.9984401211161152      0.0001866023615237       
-0.9984401211161152      0.7862515129535792       0.0001866023615237       
-0.7878113918374640      0.7862515129535792       0.0001866023615237       
-0.7878113918374641      -0.9984401211161152      0.0001866023615237       
-0.9984693387636207      -0.7389792200537144      0.0002002211534434       
0.7374485588173350       -0.7389792200537144      0.0002002211534434       
0.7374485588173351       -0.9984693387636204      0.0002002211534434       
-0.9984693387636204      0.7374485588173350       0.0002002211534434       
-0.7389792200537145      0.7374485588173350       0.0002002211534434       
-0.7389792200537145      -0.9984693387636204      0.0002002211534434       
-0.9984927604840226      -0.6859441897039702      0.0002127933537790       
0.6844369501879928       -0.6859441897039702      0.0002127933537790       
0.6844369501879928       -0.9984927604840226      0.0002127933537790       
-0.9984927604840226      0.6844369501879928       0.0002127933537790       
-0.6859441897039702      0.6844369501879928       0.0002127933537790       
-0.6859441897039702      -0.9984927604840226      0.0002127933537790       
-0.9985239543075513      -0.6290136149210626      0.0002225347820973       
0.6275375692286138       -0.6290136149210626      0.0002225347820973       
0.6275375692286138       -0.9985239543075513      0.0002225347820973       
-0.9985239543075513      0.6275375692286138       0.0002225347820973       
-0.6290136149210627      0.6275375692286138       0.0002225347820973       
-0.6290136149210626      -0.9985239543075513      0.0002225347820973       
-0.9985570453869232      -0.5685157628225768      0.0002301439195070       
0.5670728082095000       -0.5685157628225768      0.0002301439195070       
0.5670728082095000       -0.9985570453869232      0.0002301439195070       
-0.9985570453869232      0.5670728082095000       0.0002301439195070       
-0.5685157628225768      0.5670728082095000       0.0002301439195070       
-0.5685157628225768      -0.9985570453869232      0.0002301439195070       
-0.9985882963063422      -0.5047915001045029      0.0002361697563582       
0.5033797964108451       -0.5047915001045029      0.0002361697563582       
0.5033797964108451       -0.9985882963063422      0.0002361697563582       
-0.9985882963063422      0.5033797964108451       0.0002361697563582       
-0.5047915001045029      0.5033797964108451       0.0002361697563582       
-0.5047915001045029      -0.9985882963063422      0.0002361697563582       
-0.9986234681948214      -0.4381918692762286      0.0002397929611797       
0.4368153374710500       -0.4381918692762286      0.0002397929611797       
0.4368153374710500       -0.9986234681948214      0.0002397929611797       
-0.9986234681948214      0.4368153374710500       0.0002397929611797       
-0.4381918692762286      0.4368153374710500       0.0002397929611797       
-0.4381918692762286      -0.9986234681948214      0.0002397929611797       
-0.9986651149131212      -0.3690865971286057      0.0002404366566257       
0.3677517120417268       -0.3690865971286057      0.0002404366566257       
0.3677517120417268       -0.9986651149131212      0.0002404366566257       
-0.9986651149131212      0.3677517120417268       0.0002404366566257       
-0.3690865971286057      0.3677517120417268       0.0002404366566257       
-0.3690865971286057      -0.9986651149131212      0.0002404366566257       
-0.9987208362747870      -0.2978650848780732      0.0002368469755961       
0.2965859211528602       -0.2978650848780732      0.0002368469755961       
0.2965859211528603       -0.9987208362747872      0.0002368469755961       
-0.9987208362747872      0.2965859211528603       0.0002368469755961       
-0.2978650848780732      0.2965859211528603       0.0002368469755961       
-0.2978650848780732      -0.9987208362747872      0.0002368469755961       
-0.9987320229511591      -0.2249715771227602      0.0002389941987717       
0.2237036000739194       -0.2249715771227602      0.0002389941987717       
0.2237036000739194       -0.9987320229511591      0.0002389941987717       
-0.9987320229511591      0.2237036000739194       0.0002389941987717       
-0.2249715771227602      0.2237036000739194       0.0002389941987717       
-0.2249715771227602      -0.9987320229511591      0.0002389941987717       
-0.9988345076791511      -0.1507928442428736      0.0002238235119764       
0.1496273519220246       -0.1507928442428736      0.0002238235119764       
0.1496273519220246       -0.9988345076791511      0.0002238235119764       
-0.9988345076791511      0.1496273519220246       0.0002238235119764       
-0.1507928442428736      0.1496273519220246       0.0002238235119764       
-0.1507928442428737      -0.9988345076791511      0.0002238235119764       
-0.9987914018390958      -0.0758958238530846      0.0002322721745050       
0.0746872256921804       -0.0758958238530846      0.0002322721745050       
0.0746872256921804       -0.9987914018390958      0.0002322721745050       
-0.9987914018390958      0.0746872256921804       0.0002322721745050       
-0.0758958238530846      0.0746872256921804       0.0002322721745050       
-0.0758958238530846      -0.9987914018390958      0.0002322721745050       
-0.9912915745481194      -0.9784047187955154      0.0001538048283522       
0.9696962933436348       -0.9784047187955154      0.0001538048283522       
0.9696962933436348       -0.9912915745481194      0.0001538048283522       
-0.9912915745481194      0.9696962933436348       0.0001538048283522       
-0.9784047187955154      0.9696962933436348       0.0001538048283522       
-0.9784047187955154      -0.9912915745481194      0.0001538048283522       
-0.9913851940921992      -0.9600261405796384      0.0002061887176250       
0.9514113346718376       -0.9600261405796384      0.0002061887176250       
0.9514113346718376       -0.9913851940921992      0.0002061887176250       
-0.9913851940921992      0.9514113346718376       0.0002061887176250       
-0.9600261405796384      0.9514113346718376       0.0002061887176250       
-0.9600261405796384      -0.9913851940921992      0.0002061887176250       
-0.9914678652505368      -0.9361650526222722      0.0002565454488576       
0.9276329178728092       -0.9361650526222722      0.0002565454488576       
0.9276329178728092       -0.9914678652505368      0.0002565454488576       
-0.9914678652505368      0.9276329178728092       0.0002565454488576       
-0.9361650526222722      0.9276329178728092       0.0002565454488576       
-0.9361650526222722      -0.9914678652505368      0.0002565454488576       
-0.9915155122523784      -0.9069623120905502      0.0003056179100846       
0.8984778243429286       -0.9069623120905502      0.0003056179100846       
0.8984778243429286       -0.9915155122523784      0.0003056179100846       
-0.9915155122523784      0.8984778243429286       0.0003056179100846       
-0.9069623120905502      0.8984778243429286       0.0003056179100846       
-0.9069623120905502      -0.9915155122523784      0.0003056179100846       
-0.9915767375157606      -0.8725840925887480      0.0003518947973328       
0.8641608301045087       -0.8725840925887480      0.0003518947973328       
0.8641608301045087       -0.9915767375157606      0.0003518947973328       
-0.9915767375157606      0.8641608301045087       0.0003518947973328       
-0.8725840925887480      0.8641608301045087       0.0003518947973328       
-0.8725840925887480      -0.9915767375157606      0.0003518947973328       
-0.9916789546855967      -0.8332223958432250      0.0003935706533540       
0.8249013505288219       -0.8332223958432250      0.0003935706533540       
0.8249013505288219       -0.9916789546855967      0.0003935706533540       
-0.9916789546855967      0.8249013505288219       0.0003935706533540       
-0.8332223958432250      0.8249013505288219       0.0003935706533540       
-0.8332223958432250      -0.9916789546855967      0.0003935706533540       
-0.9917899256478838      -0.7891016946193119      0.0004313265486357       
0.7808916202671956       -0.7891016946193119      0.0004313265486357       
0.7808916202671956       -0.9917899256478838      0.0004313265486357       
-0.9917899256478838      0.7808916202671956       0.0004313265486357       
-0.7891016946193119      0.7808916202671956       0.0004313265486357       
-0.7891016946193119      -0.9917899256478838      0.0004313265486357       
-0.9919401561194962      -0.7404616358023133      0.0004636119323163       
0.7324017919218095       -0.7404616358023133      0.0004636119323163       
0.7324017919218095       -0.9919401561194962      0.0004636119323163       
-0.9919401561194962      0.7324017919218095       0.0004636119323163       
-0.7404616358023133      0.7324017919218095       0.0004636119323163       
-0.7404616358023133      -0.9919401561194962      0.0004636119323163       
-0.9920681625670240      -0.6875862760772518      0.0004926694645224       
0.6796544386442758       -0.6875862760772518      0.0004926694645224       
0.6796544386442758       -0.9920681625670240      0.0004926694645224       
-0.9920681625670240      0.6796544386442758       0.0004926694645224       
-0.6875862760772518      0.6796544386442758       0.0004926694645224       
-0.6875862760772518      -0.9920681625670240      0.0004926694645224       
-0.9922306135210262      -0.6307636086905337      0.0005159013120089       
0.6229942222115599       -0.6307636086905337      0.0005159013120089       
0.6229942222115599       -0.9922306135210262      0.0005159013120089       
-0.9922306135210262      0.6229942222115599       0.0005159013120089       
-0.6307636086905337      0.6229942222115599       0.0005159013120089       
-0.6307636086905337      -0.9922306135210262      0.0005159013120089       
-0.9924026085511723      -0.5703317442207096      0.0005341329719010       
0.5627343527718820       -0.5703317442207096      0.0005341329719010       
0.5627343527718820       -0.9924026085511723      0.0005341329719010       
-0.9924026085511723      0.5627343527718820       0.0005341329719010       
-0.5703317442207096      0.5627343527718820       0.0005341329719010       
-0.5703317442207096      -0.9924026085511723      0.0005341329719010       
-0.9925728058946396      -0.5066580580799298      0.0005473539992369       
0.4992308639745696       -0.5066580580799298      0.0005473539992369       
0.4992308639745696       -0.9925728058946396      0.0005473539992369       
-0.9925728058946396      0.4992308639745695       0.0005473539992369       
-0.5066580580799299      0.4992308639745695       0.0005473539992369       
-0.5066580580799299      -0.9925728058946396      0.0005473539992369       
-0.9927581687354878      -0.4401263582300010      0.0005553339224286       
0.4328845269654888       -0.4401263582300010      0.0005553339224286       
0.4328845269654888       -0.9927581687354878      0.0005553339224286       
-0.9927581687354878      0.4328845269654888       0.0005553339224286       
-0.4401263582300010      0.4328845269654888       0.0005553339224286       
-0.4401263582300010      -0.9927581687354878      0.0005553339224286       
-0.9929780682984528      -0.3711287435650026      0.0005563146606773       
0.3641068118634554       -0.3711287435650026      0.0005563146606773       
0.3641068118634554       -0.9929780682984528      0.0005563146606773       
-0.9929780682984528      0.3641068118634554       0.0005563146606773       
-0.3711287435650026      0.3641068118634554       0.0005563146606773       
-0.3711287435650026      -0.9929780682984528      0.0005563146606773       
-0.9932500510847250      -0.3000560455918248      0.0005507557755358       
0.2933060966765499       -0.3000560455918248      0.0005507557755358       
0.2933060966765500       -0.9932500510847250      0.0005507557755358       
-0.9932500510847252      0.2933060966765500       0.0005507557755358       
-0.3000560455918248      0.2933060966765500       0.0005507557755358       
-0.3000560455918248      -0.9932500510847250      0.0005507557755358       
-0.9933682136346420      -0.2273828770644910      0.0005467884378488       
0.2207510906991330       -0.2273828770644910      0.0005467884378488       
0.2207510906991330       -0.9933682136346420      0.0005467884378488       
-0.9933682136346420      0.2207510906991330       0.0005467884378488       
-0.2273828770644910      0.2207510906991330       0.0005467884378488       
-0.2273828770644910      -0.9933682136346420      0.0005467884378488       
-0.9937920634159436      -0.1532685312414826      0.0005296264350826       
0.1470605946574262       -0.1532685312414826      0.0005296264350826       
0.1470605946574262       -0.9937920634159436      0.0005296264350826       
-0.9937920634159436      0.1470605946574262       0.0005296264350826       
-0.1532685312414826      0.1470605946574262       0.0005296264350826       
-0.1532685312414825      -0.9937920634159436      0.0005296264350826       
-0.9937239346461532      -0.0784658153888354      0.0005262409799839       
0.0721897500349886       -0.0784658153888354      0.0005262409799839       
0.0721897500349886       -0.9937239346461532      0.0005262409799839       
-0.9937239346461532      0.0721897500349886       0.0005262409799839       
-0.0784658153888354      0.0721897500349886       0.0005262409799839       
-0.0784658153888354      -0.9937239346461532      0.0005262409799839       
-0.9788681081584732      -0.9604476522519758      0.0003194524731093       
0.9393157604104490       -0.9604476522519758      0.0003194524731093       
0.9393157604104490       -0.9788681081584732      0.0003194524731093       
-0.9788681081584730      0.9393157604104490       0.0003194524731093       
-0.9604476522519760      0.9393157604104490       0.0003194524731093       
-0.9604476522519758      -0.9788681081584732      0.0003194524731093       
-0.9790711747700545      -0.9368184329717620      0.0003976840078282       
0.9158896077418164       -0.9368184329717620      0.0003976840078282       
0.9158896077418164       -0.9790711747700545      0.0003976840078282       
-0.9790711747700545      0.9158896077418164       0.0003976840078282       
-0.9368184329717620      0.9158896077418164       0.0003976840078282       
-0.9368184329717620      -0.9790711747700545      0.0003976840078282       
-0.9791926495472274      -0.9078837075274367      0.0004738370370743       
0.8870763570746643       -0.9078837075274367      0.0004738370370743       
0.8870763570746643       -0.9791926495472274      0.0004738370370743       
-0.9791926495472274      0.8870763570746643       0.0004738370370743       
-0.9078837075274367      0.8870763570746643       0.0004738370370743       
-0.9078837075274367      -0.9791926495472274      0.0004738370370743       
-0.9793395248604984      -0.8738011742868030      0.0005459827809857       
0.8531406991473014       -0.8738011742868030      0.0005459827809857       
0.8531406991473014       -0.9793395248604984      0.0005459827809857       
-0.9793395248604984      0.8531406991473014       0.0005459827809857       
-0.8738011742868030      0.8531406991473014       0.0005459827809857       
-0.8738011742868030      -0.9793395248604984      0.0005459827809857       
-0.9795858187637549      -0.8347567739566801      0.0006110594650407       
0.8143425927204351       -0.8347567739566801      0.0006110594650407       
0.8143425927204351       -0.9795858187637549      0.0006110594650407       
-0.9795858187637549      0.8143425927204351       0.0006110594650407       
-0.8347567739566801      0.8143425927204351       0.0006110594650407       
-0.8347567739566801      -0.9795858187637549      0.0006110594650407       
-0.9798638362099366      -0.7909817219925452      0.0006692944213123       
0.7708455582024818       -0.7909817219925452      0.0006692944213123       
0.7708455582024818       -0.9798638362099366      0.0006692944213123       
-0.9798638362099366      0.7708455582024818       0.0006692944213123       
-0.7909817219925452      0.7708455582024818       0.0006692944213123       
-0.7909817219925452      -0.9798638362099366      0.0006692944213123       
-0.9802189343964530      -0.7427254678974002      0.0007199840628379       
0.7229444022938531       -0.7427254678974002      0.0007199840628379       
0.7229444022938531       -0.9802189343964530      0.0007199840628379       
-0.9802189343964530      0.7229444022938531       0.0007199840628379       
-0.7427254678974002      0.7229444022938531       0.0007199840628379       
-0.7427254678974002      -0.9802189343964530      0.0007199840628379       
-0.9805488076662182      -0.6902848682785991      0.0007636974605359       
0.6708336759448172       -0.6902848682785991      0.0007636974605359       
0.6708336759448172       -0.9805488076662182      0.0007636974605359       
-0.9805488076662182      0.6708336759448172       0.0007636974605359       
-0.6902848682785991      0.6708336759448172       0.0007636974605359       
-0.6902848682785991      -0.9805488076662182      0.0007636974605359       
-0.9809402059342480      -0.6339388343823045      0.0008000285437555       
0.6148790403165525       -0.6339388343823045      0.0008000285437555       
0.6148790403165525       -0.9809402059342480      0.0008000285437555       
-0.9809402059342480      0.6148790403165525       0.0008000285437555       
-0.6339388343823045      0.6148790403165525       0.0008000285437555       
-0.6339388343823045      -0.9809402059342480      0.0008000285437555       
-0.9813524306352615      -0.5739958332466946      0.0008293744553881       
0.5553482638819560       -0.5739958332466946      0.0008293744553881       
0.5553482638819560       -0.9813524306352615      0.0008293744553881       
-0.9813524306352615      0.5553482638819560       0.0008293744553881       
-0.5739958332466946      0.5553482638819560       0.0008293744553881       
-0.5739958332466946      -0.9813524306352615      0.0008293744553881       
-0.9817855077771150      -0.5107657350011749      0.0008500791125835       
0.4925512427782899       -0.5107657350011749      0.0008500791125835       
0.4925512427782899       -0.9817855077771150      0.0008500791125835       
-0.9817855077771150      0.4925512427782899       0.0008500791125835       
-0.5107657350011749      0.4925512427782899       0.0008500791125835       
-0.5107657350011749      -0.9817855077771150      0.0008500791125835       
-0.9822455970779326      -0.4445672538731164      0.0008634223303847       
0.4268128509510491       -0.4445672538731164      0.0008634223303847       
0.4268128509510492       -0.9822455970779326      0.0008634223303847       
-0.9822455970779328      0.4268128509510492       0.0008634223303847       
-0.4445672538731164      0.4268128509510492       0.0008634223303847       
-0.4445672538731164      -0.9822455970779326      0.0008634223303847       
-0.9827812946576986      -0.3757293287918802      0.0008677608718681       
0.3585106234495788       -0.3757293287918802      0.0008677608718681       
0.3585106234495788       -0.9827812946576984      0.0008677608718681       
-0.9827812946576984      0.3585106234495788       0.0008677608718681       
-0.3757293287918802      0.3585106234495788       0.0008677608718681       
-0.3757293287918802      -0.9827812946576984      0.0008677608718681       
-0.9833850611798421      -0.3046379791593140      0.0008656729217094       
0.2880230403391563       -0.3046379791593140      0.0008656729217094       
0.2880230403391564       -0.9833850611798421      0.0008656729217094       
-0.9833850611798424      0.2880230403391564       0.0008656729217094       
-0.3046379791593140      0.2880230403391564       0.0008656729217094       
-0.3046379791593140      -0.9833850611798421      0.0008656729217094       
-0.9838621203407332      -0.2318227827186845      0.0008464625994607       
0.2156849030594177       -0.2318227827186845      0.0008464625994607       
0.2156849030594176       -0.9838621203407332      0.0008464625994607       
-0.9838621203407332      0.2156849030594177       0.0008464625994607       
-0.2318227827186845      0.2156849030594177       0.0008464625994607       
-0.2318227827186846      -0.9838621203407332      0.0008464625994607       
-0.9845765724509687      -0.1575775115967987      0.0008416076123006       
0.1421540840477675       -0.1575775115967987      0.0008416076123006       
0.1421540840477675       -0.9845765724509687      0.0008416076123006       
-0.9845765724509687      0.1421540840477675       0.0008416076123006       
-0.1575775115967987      0.1421540840477675       0.0008416076123006       
-0.1575775115967987      -0.9845765724509687      0.0008416076123006       
-0.9848602789840440      -0.0826987310624959      0.0008034654533921       
0.0675590100465398       -0.0826987310624959      0.0008034654533921       
0.0675590100465398       -0.9848602789840438      0.0008034654533921       
-0.9848602789840438      0.0675590100465398       0.0008034654533921       
-0.0826987310624959      0.0675590100465398       0.0008034654533921       
-0.0826987310624959      -0.9848602789840438      0.0008034654533921       
-0.9612525057061038      -0.9375038140750336      0.0005331957261441       
0.8987563197811375       -0.9375038140750336      0.0005331957261441       
0.8987563197811375       -0.9612525057061038      0.0005331957261441       
-0.9612525057061038      0.8987563197811375       0.0005331957261441       
-0.9375038140750336      0.8987563197811375       0.0005331957261441       
-0.9375038140750336      -0.9612525057061038      0.0005331957261441       
-0.9614874280475842      -0.9088827747562886      0.0006351382824627       
0.8703702028038729       -0.9088827747562886      0.0006351382824627       
0.8703702028038729       -0.9614874280475842      0.0006351382824627       
-0.9614874280475842      0.8703702028038729       0.0006351382824627       
-0.9088827747562886      0.8703702028038729       0.0006351382824627       
-0.9088827747562886      -0.9614874280475842      0.0006351382824627       
-0.9617538725757562      -0.8751569702211628      0.0007323618446990       
0.8369108427969190       -0.8751569702211628      0.0007323618446990       
0.8369108427969190       -0.9617538725757562      0.0007323618446990       
-0.9617538725757562      0.8369108427969190       0.0007323618446990       
-0.8751569702211628      0.8369108427969190       0.0007323618446990       
-0.8751569702211628      -0.9617538725757562      0.0007323618446990       
-0.9622005629314352      -0.8364842209639669      0.0008208482851898       
0.7986847838954021       -0.8364842209639669      0.0008208482851898       
0.7986847838954021       -0.9622005629314352      0.0008208482851898       
-0.9622005629314350      0.7986847838954021       0.0008208482851898       
-0.8364842209639670      0.7986847838954021       0.0008208482851898       
-0.8364842209639669      -0.9622005629314352      0.0008208482851898       
-0.9627288526155522      -0.7930596554923821      0.0009000745874894       
0.7557885081079343       -0.7930596554923821      0.0009000745874894       
0.7557885081079343       -0.9627288526155522      0.0009000745874894       
-0.9627288526155522      0.7557885081079343       0.0009000745874894       
-0.7930596554923821      0.7557885081079343       0.0009000745874894       
-0.7930596554923821      -0.9627288526155522      0.0009000745874894       
-0.9633616432849530      -0.7450984157464644      0.0009710720301348       
0.7084600590314174       -0.7450984157464644      0.0009710720301348       
0.7084600590314173       -0.9633616432849532      0.0009710720301348       
-0.9633616432849532      0.7084600590314174       0.0009710720301348       
-0.7450984157464643      0.7084600590314174       0.0009710720301348       
-0.7450984157464643      -0.9633616432849532      0.0009710720301348       
-0.9640093495427184      -0.6928639905390572      0.0010303998565099       
0.6568733400817757       -0.6928639905390572      0.0010303998565099       
0.6568733400817757       -0.9640093495427184      0.0010303998565099       
-0.9640093495427184      0.6568733400817757       0.0010303998565099       
-0.6928639905390572      0.6568733400817757       0.0010303998565099       
-0.6928639905390572      -0.9640093495427184      0.0010303998565099       
-0.9647268574065810      -0.6366483149671798      0.0010810662452155       
0.6013751723737608       -0.6366483149671798      0.0010810662452155       
0.6013751723737608       -0.9647268574065810      0.0010810662452155       
-0.9647268574065810      0.6013751723737608       0.0010810662452155       
-0.6366483149671798      0.6013751723737608       0.0010810662452155       
-0.6366483149671798      -0.9647268574065810      0.0010810662452155       
-0.9654831726872768      -0.5767960798886080      0.0011206730234671       
0.5422792525758848       -0.5767960798886080      0.0011206730234671       
0.5422792525758848       -0.9654831726872768      0.0011206730234671       
-0.9654831726872768      0.5422792525758848       0.0011206730234671       
-0.5767960798886080      0.5422792525758848       0.0011206730234671       
-0.5767960798886080      -0.9654831726872768      0.0011206730234671       
-0.9663103694707093      -0.5136779430837701      0.0011468930269010       
0.4799883125544792       -0.5136779430837701      0.0011468930269010       
0.4799883125544793       -0.9663103694707093      0.0011468930269010       
-0.9663103694707093      0.4799883125544793       0.0011468930269010       
-0.5136779430837700      0.4799883125544793       0.0011468930269010       
-0.5136779430837700      -0.9663103694707093      0.0011468930269010       
-0.9671964293825516      -0.4476973782424014      0.0011592248812328       
0.4148938076249530       -0.4476973782424014      0.0011592248812328       
0.4148938076249531       -0.9671964293825516      0.0011592248812328       
-0.9671964293825518      0.4148938076249531       0.0011592248812328       
-0.4476973782424013      0.4148938076249531       0.0011592248812328       
-0.4476973782424013      -0.9671964293825516      0.0011592248812328       
-0.9681699095790666      -0.3792662542597134      0.0011632404548865       
0.3474361638387800       -0.3792662542597134      0.0011632404548865       
0.3474361638387800       -0.9681699095790666      0.0011632404548865       
-0.9681699095790666      0.3474361638387800       0.0011632404548865       
-0.3792662542597134      0.3474361638387800       0.0011632404548865       
-0.3792662542597134      -0.9681699095790666      0.0011632404548865       
-0.9691874934233160      -0.3087793311831306      0.0011610831310158       
0.2779668246064466       -0.3087793311831306      0.0011610831310158       
0.2779668246064466       -0.9691874934233160      0.0011610831310158       
-0.9691874934233160      0.2779668246064466       0.0011610831310158       
-0.3087793311831306      0.2779668246064466       0.0011610831310158       
-0.3087793311831306      -0.9691874934233160      0.0011610831310158       
-0.9703029770543892      -0.2365392365311873      0.0011319148844137       
0.2068422135855765       -0.2365392365311873      0.0011319148844137       
0.2068422135855765       -0.9703029770543892      0.0011319148844137       
-0.9703029770543892      0.2068422135855765       0.0011319148844137       
-0.2365392365311872      0.2068422135855765       0.0011319148844137       
-0.2365392365311872      -0.9703029770543892      0.0011319148844137       
-0.9712313365376793      -0.1630375783671656      0.0011306694718457       
0.1342689149048450       -0.1630375783671656      0.0011306694718457       
0.1342689149048450       -0.9712313365376793      0.0011306694718457       
-0.9712313365376793      0.1342689149048450       0.0011306694718457       
-0.1630375783671656      0.1342689149048450       0.0011306694718457       
-0.1630375783671656      -0.9712313365376793      0.0011306694718457       
-0.9722722306930373      -0.0884750278570630      0.0010794739734352       
0.0607472585501001       -0.0884750278570630      0.0010794739734352       
0.0607472585501001       -0.9722722306930373      0.0010794739734352       
-0.9722722306930373      0.0607472585501001       0.0010794739734352       
-0.0884750278570630      0.0607472585501001       0.0010794739734352       
-0.0884750278570629      -0.9722722306930373      0.0010794739734352       
-0.9385027768571814      -0.9097845260798926      0.0007893564481908       
0.8482873029370741       -0.9097845260798926      0.0007893564481908       
0.8482873029370741       -0.9385027768571814      0.0007893564481908       
-0.9385027768571814      0.8482873029370741       0.0007893564481908       
-0.9097845260798928      0.8482873029370741       0.0007893564481908       
-0.9097845260798926      -0.9385027768571814      0.0007893564481908       
-0.9389223826844014      -0.8764348531947339      0.0009091434353591       
0.8153572358791352       -0.8764348531947339      0.0009091434353591       
0.8153572358791352       -0.9389223826844014      0.0009091434353591       
-0.9389223826844014      0.8153572358791352       0.0009091434353591       
-0.8764348531947338      0.8153572358791352       0.0009091434353591       
-0.8764348531947339      -0.9389223826844014      0.0009091434353591       
-0.9396225976210352      -0.8382457550568077      0.0010173669784461       
0.7778683526778429       -0.8382457550568077      0.0010173669784461       
0.7778683526778429       -0.9396225976210352      0.0010173669784461       
-0.9396225976210352      0.7778683526778429       0.0010173669784461       
-0.8382457550568077      0.7778683526778429       0.0010173669784461       
-0.8382457550568077      -0.9396225976210352      0.0010173669784461       
-0.9404795611930362      -0.7954386238641313      0.0011132225411998       
0.7359181850571674       -0.7954386238641313      0.0011132225411998       
0.7359181850571674       -0.9404795611930362      0.0011132225411998       
-0.9404795611930362      0.7359181850571674       0.0011132225411998       
-0.7954386238641313      0.7359181850571674       0.0011132225411998       
-0.7954386238641313      -0.9404795611930362      0.0011132225411998       
-0.9414500218844182      -0.7482503922737296      0.0011993489697272       
0.6897004141581478       -0.7482503922737296      0.0011993489697272       
0.6897004141581478       -0.9414500218844182      0.0011993489697272       
-0.9414500218844182      0.6897004141581478       0.0011993489697272       
-0.7482503922737296      0.6897004141581478       0.0011993489697272       
-0.7482503922737296      -0.9414500218844182      0.0011993489697272       
-0.9425278784625666      -0.6969269952142207      0.0012699548388440       
0.6394548736767873       -0.6969269952142207      0.0012699548388440       
0.6394548736767873       -0.9425278784625666      0.0012699548388440       
-0.9425278784625666      0.6394548736767873       0.0012699548388440       
-0.6969269952142207      0.6394548736767873       0.0012699548388440       
-0.6969269952142207      -0.9425278784625666      0.0012699548388440       
-0.9436461477673240      -0.6417134375754809      0.0013336575092767       
0.5853595853428049       -0.6417134375754809      0.0013336575092767       
0.5853595853428049       -0.9436461477673240      0.0013336575092767       
-0.9436461477673240      0.5853595853428049       0.0013336575092767       
-0.6417134375754809      0.5853595853428049       0.0013336575092767       
-0.6417134375754809      -0.9436461477673240      0.0013336575092767       
-0.9448470617154050      -0.5828517540022595      0.0013840678151476       
0.5276988157176645       -0.5828517540022595      0.0013840678151476       
0.5276988157176645       -0.9448470617154050      0.0013840678151476       
-0.9448470617154050      0.5276988157176645       0.0013840678151476       
-0.5828517540022595      0.5276988157176645       0.0013840678151476       
-0.5828517540022595      -0.9448470617154050      0.0013840678151476       
-0.9461658887564326      -0.5205876559518567      0.0014228383995251       
0.4667535447082893       -0.5205876559518567      0.0014228383995251       
0.4667535447082894       -0.9461658887564326      0.0014228383995251       
-0.9461658887564326      0.4667535447082893       0.0014228383995251       
-0.5205876559518567      0.4667535447082893       0.0014228383995251       
-0.5205876559518567      -0.9461658887564326      0.0014228383995251       
-0.9476473462392232      -0.4552081589060748      0.0014415248943807       
0.4028555051452980       -0.4552081589060748      0.0014415248943807       
0.4028555051452980       -0.9476473462392232      0.0014415248943807       
-0.9476473462392232      0.4028555051452980       0.0014415248943807       
-0.4552081589060748      0.4028555051452980       0.0014415248943807       
-0.4552081589060748      -0.9476473462392232      0.0014415248943807       
-0.9491676878421654      -0.3870813830272414      0.0014539258901432       
0.3362490708694068       -0.3870813830272414      0.0014539258901432       
0.3362490708694068       -0.9491676878421654      0.0014539258901432       
-0.9491676878421654      0.3362490708694068       0.0014539258901432       
-0.3870813830272414      0.3362490708694068       0.0014539258901432       
-0.3870813830272414      -0.9491676878421654      0.0014539258901432       
-0.9507233690369512      -0.3166448610115073      0.0014533552908287       
0.2673682300484585       -0.3166448610115073      0.0014533552908287       
0.2673682300484586       -0.9507233690369512      0.0014533552908287       
-0.9507233690369514      0.2673682300484586       0.0014533552908287       
-0.3166448610115072      0.2673682300484586       0.0014533552908287       
-0.3166448610115072      -0.9507233690369512      0.0014533552908287       
-0.9526054514509488      -0.2442662915999876      0.0014310626690529       
0.1968717430509364       -0.2442662915999876      0.0014310626690529       
0.1968717430509364       -0.9526054514509488      0.0014310626690529       
-0.9526054514509488      0.1968717430509364       0.0014310626690529       
-0.2442662915999876      0.1968717430509364       0.0014310626690529       
-0.2442662915999876      -0.9526054514509488      0.0014310626690529       
-0.9539710433893216      -0.1707656383829090      0.0014038353397459       
0.1247366817722306       -0.1707656383829090      0.0014038353397459       
0.1247366817722306       -0.9539710433893216      0.0014038353397459       
-0.9539710433893216      0.1247366817722306       0.0014038353397459       
-0.1707656383829090      0.1247366817722306       0.0014038353397459       
-0.1707656383829090      -0.9539710433893216      0.0014038353397459       
-0.9557946668895982      -0.0962105646824298      0.0013661526815815       
0.0520052315720280       -0.0962105646824298      0.0013661526815815       
0.0520052315720281       -0.9557946668895982      0.0013661526815815       
-0.9557946668895984      0.0520052315720281       0.0013661526815815       
-0.0962105646824297      0.0520052315720281       0.0013661526815815       
-0.0962105646824298      -0.9557946668895982      0.0013661526815815       
-0.9109878925022578      -0.8772597220078064      0.0010814393122687       
0.7882476145100643       -0.8772597220078064      0.0010814393122687       
0.7882476145100643       -0.9109878925022578      0.0010814393122687       
-0.9109878925022578      0.7882476145100643       0.0010814393122687       
-0.8772597220078066      0.7882476145100643       0.0010814393122687       
-0.8772597220078064      -0.9109878925022578      0.0010814393122687       
-0.9120084582035374      -0.8393269075105931      0.0012102965430730       
0.7513353657141306       -0.8393269075105931      0.0012102965430730       
0.7513353657141306       -0.9120084582035374      0.0012102965430730       
-0.9120084582035374      0.7513353657141306       0.0012102965430730       
-0.8393269075105931      0.7513353657141306       0.0012102965430730       
-0.8393269075105931      -0.9120084582035374      0.0012102965430730       
-0.9132739744108536      -0.7967768920181788      0.0013256310800079       
0.7100508664290324       -0.7967768920181788      0.0013256310800079       
0.7100508664290324       -0.9132739744108536      0.0013256310800079       
-0.9132739744108535      0.7100508664290324       0.0013256310800079       
-0.7967768920181789      0.7100508664290324       0.0013256310800079       
-0.7967768920181788      -0.9132739744108536      0.0013256310800079       
-0.9146727209603844      -0.7498394060837388      0.0014279930404507       
0.6645121270441232       -0.7498394060837388      0.0014279930404507       
0.6645121270441233       -0.9146727209603844      0.0014279930404507       
-0.9146727209603844      0.6645121270441232       0.0014279930404507       
-0.7498394060837389      0.6645121270441232       0.0014279930404507       
-0.7498394060837389      -0.9146727209603844      0.0014279930404507       
-0.9163124831836784      -0.6987635055910397      0.0015109311413979       
0.6150759887747181       -0.6987635055910397      0.0015109311413979       
0.6150759887747181       -0.9163124831836784      0.0015109311413979       
-0.9163124831836784      0.6150759887747181       0.0015109311413979       
-0.6987635055910398      0.6150759887747181       0.0015109311413979       
-0.6987635055910397      -0.9163124831836784      0.0015109311413979       
-0.9179248997295514      -0.6438645775748091      0.0015844191173554       
0.5617894773043606       -0.6438645775748091      0.0015844191173554       
0.5617894773043606       -0.9179248997295514      0.0015844191173554       
-0.9179248997295514      0.5617894773043606       0.0015844191173554       
-0.6438645775748092      0.5617894773043606       0.0015844191173554       
-0.6438645775748091      -0.9179248997295514      0.0015844191173554       
-0.9197180862621124      -0.5854554516725234      0.0016364533410990       
0.5051735379346358       -0.5854554516725234      0.0016364533410990       
0.5051735379346358       -0.9197180862621126      0.0016364533410990       
-0.9197180862621124      0.5051735379346358       0.0016364533410990       
-0.5854554516725233      0.5051735379346358       0.0016364533410990       
-0.5854554516725232      -0.9197180862621126      0.0016364533410990       
-0.9216279484290164      -0.5238967459352843      0.0016755553505342       
0.4455246943643008       -0.5238967459352843      0.0016755553505342       
0.4455246943643008       -0.9216279484290164      0.0016755553505342       
-0.9216279484290164      0.4455246943643008       0.0016755553505342       
-0.5238967459352843      0.4455246943643008       0.0016755553505342       
-0.5238967459352843      -0.9216279484290164      0.0016755553505342       
-0.9238575684119216      -0.4594894034284331      0.0016914567574607       
0.3833469718403548       -0.4594894034284331      0.0016914567574607       
0.3833469718403548       -0.9238575684119216      0.0016914567574607       
-0.9238575684119216      0.3833469718403548       0.0016914567574607       
-0.4594894034284331      0.3833469718403548       0.0016914567574607       
-0.4594894034284331      -0.9238575684119216      0.0016914567574607       
-0.9260285210290020      -0.3926027013052853      0.0016996945335079       
0.3186312223342873       -0.3926027013052853      0.0016996945335079       
0.3186312223342873       -0.9260285210290020      0.0016996945335079       
-0.9260285210290020      0.3186312223342873       0.0016996945335079       
-0.3926027013052853      0.3186312223342873       0.0016996945335079       
-0.3926027013052853      -0.9260285210290020      0.0016996945335079       
-0.9282475268019164      -0.3234938994872918      0.0016976290791269       
0.2517414262892082       -0.3234938994872918      0.0016976290791269       
0.2517414262892082       -0.9282475268019164      0.0016976290791269       
-0.9282475268019164      0.2517414262892082       0.0016976290791269       
-0.3234938994872918      0.2517414262892082       0.0016976290791269       
-0.3234938994872918      -0.9282475268019164      0.0016976290791269       
-0.9307841631702892      -0.2523384544007822      0.0016966641937325       
0.1831226175710714       -0.2523384544007822      0.0016966641937325       
0.1831226175710714       -0.9307841631702892      0.0016966641937325       
-0.9307841631702892      0.1831226175710714       0.0016966641937325       
-0.2523384544007822      0.1831226175710714       0.0016966641937325       
-0.2523384544007822      -0.9307841631702892      0.0016966641937325       
-0.9330286700404052      -0.1796629358247381      0.0016476851500855       
0.1126916058651432       -0.1796629358247381      0.0016476851500855       
0.1126916058651433       -0.9330286700404052      0.0016476851500855       
-0.9330286700404052      0.1126916058651433       0.0016476851500855       
-0.1796629358247380      0.1126916058651433       0.0016476851500855       
-0.1796629358247380      -0.9330286700404052      0.0016476851500855       
-0.9353872910739254      -0.1057458406340944      0.0016339678561267       
0.0411331317080199       -0.1057458406340944      0.0016339678561267       
0.0411331317080199       -0.9353872910739254      0.0016339678561267       
-0.9353872910739254      0.0411331317080199       0.0016339678561267       
-0.1057458406340944      0.0411331317080199       0.0016339678561267       
-0.1057458406340944      -0.9353872910739254      0.0016339678561267       
-0.8795218791964408      -0.8404769354127271      0.0013904174816977       
0.7199988146091678       -0.8404769354127271      0.0013904174816977       
0.7199988146091678       -0.8795218791964408      0.0013904174816977       
-0.8795218791964408      0.7199988146091678       0.0013904174816977       
-0.8404769354127271      0.7199988146091678       0.0013904174816977       
-0.8404769354127271      -0.8795218791964408      0.0013904174816977       
-0.8812486032833615      -0.7983112356608442      0.0015214806224806       
0.6795598389442057       -0.7983112356608442      0.0015214806224806       
0.6795598389442057       -0.8812486032833615      0.0015214806224806       
-0.8812486032833615      0.6795598389442057       0.0015214806224806       
-0.7983112356608442      0.6795598389442057       0.0015214806224806       
-0.7983112356608442      -0.8812486032833615      0.0015214806224806       
-0.8831768388451735      -0.7518747881891277      0.0016335772028661       
0.6350516270343012       -0.7518747881891277      0.0016335772028661       
0.6350516270343012       -0.8831768388451735      0.0016335772028661       
-0.8831768388451735      0.6350516270343012       0.0016335772028661       
-0.7518747881891277      0.6350516270343012       0.0016335772028661       
-0.7518747881891277      -0.8831768388451735      0.0016335772028661       
-0.8854673886546804      -0.7014281679560308      0.0017261013219824       
0.5868955566107112       -0.7014281679560308      0.0017261013219824       
0.5868955566107112       -0.8854673886546807      0.0017261013219824       
-0.8854673886546806      0.5868955566107112       0.0017261013219824       
-0.7014281679560307      0.5868955566107112       0.0017261013219824       
-0.7014281679560306      -0.8854673886546807      0.0017261013219824       
-0.8876546547976776      -0.6472920544416021      0.0018067733413513       
0.5349467092392797       -0.6472920544416021      0.0018067733413513       
0.5349467092392797       -0.8876546547976776      0.0018067733413513       
-0.8876546547976776      0.5349467092392797       0.0018067733413513       
-0.6472920544416021      0.5349467092392797       0.0018067733413513       
-0.6472920544416021      -0.8876546547976776      0.0018067733413513       
-0.8901723531340466      -0.5897039213754454      0.0018646046860345       
0.4798762745094920       -0.5897039213754454      0.0018646046860345       
0.4798762745094920       -0.8901723531340466      0.0018646046860345       
-0.8901723531340466      0.4798762745094920       0.0018646046860345       
-0.5897039213754454      0.4798762745094920       0.0018646046860345       
-0.5897039213754454      -0.8901723531340466      0.0018646046860345       
-0.8927898833380887      -0.5289610225896710      0.0019081743943701       
0.4217509059277598       -0.5289610225896710      0.0019081743943701       
0.4217509059277597       -0.8927898833380887      0.0019081743943701       
-0.8927898833380887      0.4217509059277598       0.0019081743943701       
-0.5289610225896710      0.4217509059277598       0.0019081743943701       
-0.5289610225896710      -0.8927898833380887      0.0019081743943701       
-0.8958382967980307      -0.4652937294287107      0.0019367434500351       
0.3611320262267414       -0.4652937294287107      0.0019367434500351       
0.3611320262267414       -0.8958382967980308      0.0019367434500351       
-0.8958382967980308      0.3611320262267414       0.0019367434500351       
-0.4652937294287106      0.3611320262267414       0.0019367434500351       
-0.4652937294287106      -0.8958382967980308      0.0019367434500351       
-0.8988816989758064      -0.3991109511014122      0.0019371602681332       
0.2979926500772186       -0.3991109511014122      0.0019371602681332       
0.2979926500772186       -0.8988816989758064      0.0019371602681332       
-0.8988816989758063      0.2979926500772186       0.0019371602681332       
-0.3991109511014122      0.2979926500772186       0.0019371602681332       
-0.3991109511014122      -0.8988816989758064      0.0019371602681332       
-0.9019008269783988      -0.3307766383221556      0.0019344182128043       
0.2326774653005544       -0.3307766383221556      0.0019344182128043       
0.2326774653005543       -0.9019008269783988      0.0019344182128043       
-0.9019008269783988      0.2326774653005544       0.0019344182128043       
-0.3307766383221556      0.2326774653005544       0.0019344182128043       
-0.3307766383221556      -0.9019008269783988      0.0019344182128043       
-0.9050276054666117      -0.2606346742842790      0.0019312253656431       
0.1656622797508906       -0.2606346742842790      0.0019312253656431       
0.1656622797508906       -0.9050276054666117      0.0019312253656431       
-0.9050276054666117      0.1656622797508906       0.0019312253656431       
-0.2606346742842790      0.1656622797508906       0.0019312253656431       
-0.2606346742842790      -0.9050276054666117      0.0019312253656431       
-0.9084704741272968      -0.1889342039080626      0.0018762293547251       
0.0974046780353595       -0.1889342039080626      0.0018762293547251       
0.0974046780353594       -0.9084704741272968      0.0018762293547251       
-0.9084704741272968      0.0974046780353595       0.0018762293547251       
-0.1889342039080626      0.0974046780353595       0.0018762293547251       
-0.1889342039080626      -0.9084704741272968      0.0018762293547251       
-0.9113375774895764      -0.1163103653431744      0.0018485219750878       
0.0276479428327507       -0.1163103653431744      0.0018485219750878       
0.0276479428327507       -0.9113375774895762      0.0018485219750878       
-0.9113375774895764      0.0276479428327507       0.0018485219750878       
-0.1163103653431744      0.0276479428327507       0.0018485219750878       
-0.1163103653431744      -0.9113375774895762      0.0018485219750878       
-0.8445553165118194      -0.8006440181311871      0.0017022775222184       
0.6451993346430065       -0.8006440181311871      0.0017022775222184       
0.6451993346430065       -0.8445553165118194      0.0017022775222184       
-0.8445553165118194      0.6451993346430065       0.0017022775222184       
-0.8006440181311871      0.6451993346430065       0.0017022775222184       
-0.8006440181311871      -0.8445553165118194      0.0017022775222184       
-0.8471444081575137      -0.7546920380008324      0.0018266914586269       
0.6018364461583461       -0.7546920380008324      0.0018266914586269       
0.6018364461583461       -0.8471444081575137      0.0018266914586269       
-0.8471444081575138      0.6018364461583461       0.0018266914586269       
-0.7546920380008323      0.6018364461583461       0.0018266914586269       
-0.7546920380008324      -0.8471444081575137      0.0018266914586269       
-0.8501605343322021      -0.7047083655987756      0.0019338412432131       
0.5548688999309777       -0.7047083655987756      0.0019338412432131       
0.5548688999309777       -0.8501605343322021      0.0019338412432131       
-0.8501605343322021      0.5548688999309777       0.0019338412432131       
-0.7047083655987756      0.5548688999309777       0.0019338412432131       
-0.7047083655987756      -0.8501605343322021      0.0019338412432131       
-0.8530615947664375      -0.6510240095367177      0.0020220608797123       
0.5040856043031552       -0.6510240095367177      0.0020220608797123       
0.5040856043031552       -0.8530615947664377      0.0020220608797123       
-0.8530615947664376      0.5040856043031552       0.0020220608797123       
-0.6510240095367176      0.5040856043031552       0.0020220608797123       
-0.6510240095367175      -0.8530615947664377      0.0020220608797123       
-0.8564392977153750      -0.5938960183332826      0.0020851104208863       
0.4503353160486576       -0.5938960183332826      0.0020851104208863       
0.4503353160486576       -0.8564392977153750      0.0020851104208863       
-0.8564392977153750      0.4503353160486576       0.0020851104208863       
-0.5938960183332826      0.4503353160486576       0.0020851104208863       
-0.5938960183332826      -0.8564392977153750      0.0020851104208863       
-0.8599751817179215      -0.5337136773790074      0.0021205451274960       
0.3936888590969290       -0.5337136773790074      0.0021205451274960       
0.3936888590969290       -0.8599751817179215      0.0021205451274960       
-0.8599751817179215      0.3936888590969290       0.0021205451274960       
-0.5337136773790074      0.3936888590969290       0.0021205451274960       
-0.5337136773790074      -0.8599751817179215      0.0021205451274960       
-0.8637826852466044      -0.4708431291016499      0.0021584876470762       
0.3346258143482544       -0.4708431291016499      0.0021584876470762       
0.3346258143482544       -0.8637826852466044      0.0021584876470762       
-0.8637826852466044      0.3346258143482544       0.0021584876470762       
-0.4708431291016499      0.3346258143482544       0.0021584876470762       
-0.4708431291016499      -0.8637826852466044      0.0021584876470762       
-0.8679557922429788      -0.4055815369851865      0.0021451779729181       
0.2735373292281653       -0.4055815369851865      0.0021451779729181       
0.2735373292281653       -0.8679557922429788      0.0021451779729181       
-0.8679557922429788      0.2735373292281653       0.0021451779729181       
-0.4055815369851865      0.2735373292281653       0.0021451779729181       
-0.4055815369851865      -0.8679557922429788      0.0021451779729181       
-0.8717872656263410      -0.3384384222579107      0.0021435623843619       
0.2102256878842517       -0.3384384222579107      0.0021435623843619       
0.2102256878842517       -0.8717872656263409      0.0021435623843619       
-0.8717872656263409      0.2102256878842517       0.0021435623843619       
-0.3384384222579108      0.2102256878842517       0.0021435623843619       
-0.3384384222579108      -0.8717872656263409      0.0021435623843619       
-0.8756989125265080      -0.2696277816986836      0.0021175867541929       
0.1453266942251916       -0.2696277816986836      0.0021175867541929       
0.1453266942251916       -0.8756989125265080      0.0021175867541929       
-0.8756989125265081      0.1453266942251916       0.0021175867541929       
-0.2696277816986835      0.1453266942251916       0.0021175867541929       
-0.2696277816986835      -0.8756989125265080      0.0021175867541929       
-0.8802107085453031      -0.1992495475373081      0.0020874198408645       
0.0794602560826112       -0.1992495475373081      0.0020874198408645       
0.0794602560826112       -0.8802107085453031      0.0020874198408645       
-0.8802107085453031      0.0794602560826112       0.0020874198408645       
-0.1992495475373080      0.0794602560826112       0.0020874198408645       
-0.1992495475373080      -0.8802107085453031      0.0020874198408645       
-0.8840452452635269      -0.1280340895018776      0.0020170930999132       
0.0120793347654045       -0.1280340895018776      0.0020170930999132       
0.0120793347654045       -0.8840452452635268      0.0020170930999132       
-0.8840452452635269      0.0120793347654045       0.0020170930999132       
-0.1280340895018776      0.0120793347654045       0.0020170930999132       
-0.1280340895018776      -0.8840452452635268      0.0020170930999132       
-0.8067868717784412      -0.7580735667240310      0.0019968416164936       
0.5648604385024723       -0.7580735667240310      0.0019968416164936       
0.5648604385024723       -0.8067868717784412      0.0019968416164936       
-0.8067868717784411      0.5648604385024723       0.0019968416164936       
-0.7580735667240311      0.5648604385024723       0.0019968416164936       
-0.7580735667240310      -0.8067868717784412      0.0019968416164936       
-0.8105728059118362      -0.7088234160285456      0.0021106771648913       
0.5193962219403818       -0.7088234160285456      0.0021106771648913       
0.5193962219403817       -0.8105728059118363      0.0021106771648913       
-0.8105728059118363      0.5193962219403818       0.0021106771648913       
-0.7088234160285455      0.5193962219403818       0.0021106771648913       
-0.7088234160285455      -0.8105728059118363      0.0021106771648913       
-0.8143015869200241      -0.6560358753428939      0.0021993640267681       
0.4703374622629179       -0.6560358753428939      0.0021993640267681       
0.4703374622629179       -0.8143015869200241      0.0021993640267681       
-0.8143015869200241      0.4703374622629179       0.0021993640267681       
-0.6560358753428939      0.4703374622629179       0.0021993640267681       
-0.6560358753428939      -0.8143015869200241      0.0021993640267681       
-0.8185933065986153      -0.5999455475715598      0.0022658103853849       
0.4185388541701752       -0.5999455475715598      0.0022658103853849       
0.4185388541701750       -0.8185933065986153      0.0022658103853849       
-0.8185933065986152      0.4185388541701751       0.0022658103853849       
-0.5999455475715599      0.4185388541701751       0.0022658103853849       
-0.5999455475715598      -0.8185933065986153      0.0022658103853849       
-0.8232626649293264      -0.5408554536763104      0.0022969305255530       
0.3641181186056368       -0.5408554536763104      0.0022969305255530       
0.3641181186056368       -0.8232626649293264      0.0022969305255530       
-0.8232626649293264      0.3641181186056368       0.0022969305255530       
-0.5408554536763104      0.3641181186056368       0.0022969305255530       
-0.5408554536763104      -0.8232626649293264      0.0022969305255530       
-0.8277004670608199      -0.4791607136009424      0.0023484473871324       
0.3068611806617622       -0.4791607136009424      0.0023484473871324       
0.3068611806617622       -0.8277004670608199      0.0023484473871324       
-0.8277004670608199      0.3068611806617622       0.0023484473871324       
-0.4791607136009424      0.3068611806617622       0.0023484473871324       
-0.4791607136009424      -0.8277004670608199      0.0023484473871324       
-0.8331646795792367      -0.4149038943135834      0.0023418221520122       
0.2480685738928201       -0.4149038943135834      0.0023418221520122       
0.2480685738928201       -0.8331646795792367      0.0023418221520122       
-0.8331646795792367      0.2480685738928201       0.0023418221520122       
-0.4149038943135834      0.2480685738928201       0.0023418221520122       
-0.4149038943135834      -0.8331646795792367      0.0023418221520122       
-0.8378764534936849      -0.3488540899098626      0.0023385867347010       
0.1867305434035475       -0.3488540899098626      0.0023385867347010       
0.1867305434035476       -0.8378764534936849      0.0023385867347010       
-0.8378764534936850      0.1867305434035476       0.0023385867347010       
-0.3488540899098626      0.1867305434035476       0.0023385867347010       
-0.3488540899098626      -0.8378764534936849      0.0023385867347010       
-0.8430257198835203      -0.2810331621860571      0.0022872229117490       
0.1240588820695774       -0.2810331621860571      0.0022872229117490       
0.1240588820695774       -0.8430257198835203      0.0022872229117490       
-0.8430257198835203      0.1240588820695774       0.0022872229117490       
-0.2810331621860571      0.1240588820695774       0.0022872229117490       
-0.2810331621860571      -0.8430257198835203      0.0022872229117490       
-0.8483049974115021      -0.2118297420065538      0.0022715261449926       
0.0601347394180558       -0.2118297420065538      0.0022715261449926       
0.0601347394180558       -0.8483049974115020      0.0022715261449926       
-0.8483049974115021      0.0601347394180558       0.0022715261449926       
-0.2118297420065537      0.0601347394180558       0.0022715261449926       
-0.2118297420065537      -0.8483049974115020      0.0022715261449926       
-0.8536538173843454      -0.1415687870881527      0.0021848958852879       
-0.0047773955275019      -0.1415687870881527      0.0021848958852879       
-0.0047773955275019      -0.8536538173843454      0.0021848958852879       
-0.8536538173843454      -0.0047773955275019      0.0021848958852879       
-0.1415687870881527      -0.0047773955275019      0.0021848958852879       
-0.1415687870881527      -0.8536538173843454      0.0021848958852879       
-0.7669110393837735      -0.7138919486865931      0.0022661382507705       
0.4808029880703666       -0.7138919486865931      0.0022661382507705       
0.4808029880703666       -0.7669110393837735      0.0022661382507705       
-0.7669110393837735      0.4808029880703666       0.0022661382507705       
-0.7138919486865931      0.4808029880703666       0.0022661382507705       
-0.7138919486865931      -0.7669110393837735      0.0022661382507705       
-0.7715948140081392      -0.6619135479634797      0.0023642686308207       
0.4335083619716189       -0.6619135479634797      0.0023642686308207       
0.4335083619716189       -0.7715948140081392      0.0023642686308207       
-0.7715948140081392      0.4335083619716189       0.0023642686308207       
-0.6619135479634797      0.4335083619716189       0.0023642686308207       
-0.6619135479634797      -0.7715948140081392      0.0023642686308207       
-0.7769048784987205      -0.6065991857898063      0.0024362644726819       
0.3835040642885268       -0.6065991857898063      0.0024362644726819       
0.3835040642885268       -0.7769048784987205      0.0024362644726819       
-0.7769048784987206      0.3835040642885268       0.0024362644726819       
-0.6065991857898062      0.3835040642885268       0.0024362644726819       
-0.6065991857898062      -0.7769048784987205      0.0024362644726819       
-0.7829247208410499      -0.5482879798429254      0.0024646483614869       
0.3312127006839754       -0.5482879798429254      0.0024646483614869       
0.3312127006839754       -0.7829247208410499      0.0024646483614869       
-0.7829247208410499      0.3312127006839754       0.0024646483614869       
-0.5482879798429254      0.3312127006839754       0.0024646483614869       
-0.5482879798429254      -0.7829247208410499      0.0024646483614869       
-0.7880555649858125      -0.4876915783660962      0.0025029232386539       
0.2757471433519088       -0.4876915783660962      0.0025029232386539       
0.2757471433519088       -0.7880555649858125      0.0025029232386539       
-0.7880555649858125      0.2757471433519088       0.0025029232386539       
-0.4876915783660962      0.2757471433519088       0.0025029232386539       
-0.4876915783660962      -0.7880555649858125      0.0025029232386539       
-0.7946998231134650      -0.4246591423391772      0.0025103292855344       
0.2193589654526422       -0.4246591423391772      0.0025103292855344       
0.2193589654526422       -0.7946998231134650      0.0025103292855344       
-0.7946998231134651      0.2193589654526422       0.0025103292855344       
-0.4246591423391771      0.2193589654526422       0.0025103292855344       
-0.4246591423391771      -0.7946998231134650      0.0025103292855344       
-0.8004498169645908      -0.3600217108083426      0.0024919977205729       
0.1604715277729334       -0.3600217108083426      0.0024919977205729       
0.1604715277729334       -0.8004498169645908      0.0024919977205729       
-0.8004498169645908      0.1604715277729334       0.0024919977205729       
-0.3600217108083426      0.1604715277729334       0.0024919977205729       
-0.3600217108083426      -0.8004498169645908      0.0024919977205729       
-0.8071313575305643      -0.2935387413379307      0.0024371495495281       
0.1006700988684950       -0.2935387413379307      0.0024371495495281       
0.1006700988684950       -0.8071313575305643      0.0024371495495281       
-0.8071313575305643      0.1006700988684950       0.0024371495495281       
-0.2935387413379307      0.1006700988684950       0.0024371495495281       
-0.2935387413379307      -0.8071313575305643      0.0024371495495281       
-0.8132555206558139      -0.2258477589708570      0.0024007087812338       
0.0391032796266708       -0.2258477589708570      0.0024007087812338       
0.0391032796266708       -0.8132555206558139      0.0024007087812338       
-0.8132555206558139      0.0391032796266708       0.0024007087812338       
-0.2258477589708570      0.0391032796266708       0.0024007087812338       
-0.2258477589708570      -0.8132555206558139      0.0024007087812338       
-0.8200131349138871      -0.1566972089801496      0.0023506841473596       
-0.0232896561059634      -0.1566972089801496      0.0023506841473596       
-0.0232896561059634      -0.8200131349138871      0.0023506841473596       
-0.8200131349138871      -0.0232896561059634      0.0023506841473596       
-0.1566972089801496      -0.0232896561059634      0.0023506841473596       
-0.1566972089801496      -0.8200131349138871      0.0023506841473596       
-0.7251630713935837      -0.6685213273313833      0.0024952982183241       
0.3936843987249670       -0.6685213273313833      0.0024952982183241       
0.3936843987249670       -0.7251630713935837      0.0024952982183241       
-0.7251630713935837      0.3936843987249670       0.0024952982183241       
-0.6685213273313833      0.3936843987249670       0.0024952982183241       
-0.6685213273313833      -0.7251630713935837      0.0024952982183241       
-0.7315663840018043      -0.6142811834007627      0.0025729141228760       
0.3458475674025670       -0.6142811834007627      0.0025729141228760       
0.3458475674025670       -0.7315663840018043      0.0025729141228760       
-0.7315663840018043      0.3458475674025670       0.0025729141228760       
-0.6142811834007627      0.3458475674025670       0.0025729141228760       
-0.6142811834007627      -0.7315663840018043      0.0025729141228760       
-0.7389833397692882      -0.5569194450361554      0.0026167497506755       
0.2959027848054436       -0.5569194450361554      0.0026167497506755       
0.2959027848054436       -0.7389833397692882      0.0026167497506755       
-0.7389833397692882      0.2959027848054436       0.0026167497506755       
-0.5569194450361554      0.2959027848054436       0.0026167497506755       
-0.5569194450361554      -0.7389833397692882      0.0026167497506755       
-0.7451426592453093      -0.4972296370688461      0.0026421671801067       
0.2423722963141554       -0.4972296370688461      0.0026421671801067       
0.2423722963141554       -0.7451426592453094      0.0026421671801067       
-0.7451426592453093      0.2423722963141554       0.0026421671801067       
-0.4972296370688462      0.2423722963141554       0.0026421671801067       
-0.4972296370688462      -0.7451426592453094      0.0026421671801067       
-0.7527282286229890      -0.4350928191957328      0.0026675346669113       
0.1878210478187219       -0.4350928191957328      0.0026675346669113       
0.1878210478187219       -0.7527282286229890      0.0026675346669113       
-0.7527282286229890      0.1878210478187219       0.0026675346669113       
-0.4350928191957328      0.1878210478187219       0.0026675346669113       
-0.4350928191957328      -0.7527282286229890      0.0026675346669113       
-0.7598567666624814      -0.3714077046622180      0.0026254693194379       
0.1312644713246993       -0.3714077046622180      0.0026254693194379       
0.1312644713246993       -0.7598567666624814      0.0026254693194379       
-0.7598567666624814      0.1312644713246993       0.0026254693194379       
-0.3714077046622180      0.1312644713246993       0.0026254693194379       
-0.3714077046622180      -0.7598567666624814      0.0026254693194379       
-0.7680041214483574      -0.3061512942371976      0.0025773804520107       
0.0741554156855551       -0.3061512942371976      0.0025773804520107       
0.0741554156855551       -0.7680041214483575      0.0025773804520107       
-0.7680041214483574      0.0741554156855551       0.0025773804520107       
-0.3061512942371976      0.0741554156855551       0.0025773804520107       
-0.3061512942371976      -0.7680041214483575      0.0025773804520107       
-0.7755806284907175      -0.2400282189226428      0.0024861310140376       
0.0156088474133602       -0.2400282189226428      0.0024861310140376       
0.0156088474133602       -0.7755806284907174      0.0024861310140376       
-0.7755806284907175      0.0156088474133602       0.0024861310140376       
-0.2400282189226427      0.0156088474133602       0.0024861310140376       
-0.2400282189226427      -0.7755806284907174      0.0024861310140376       
-0.7832379776276872      -0.1728813684355721      0.0024603349643808       
-0.0438806539367407      -0.1728813684355721      0.0024603349643808       
-0.0438806539367407      -0.7832379776276872      0.0024603349643808       
-0.7832379776276872      -0.0438806539367407      0.0024603349643808       
-0.1728813684355721      -0.0438806539367407      0.0024603349643808       
-0.1728813684355721      -0.7832379776276872      0.0024603349643808       
-0.6829037595554498      -0.6222750746305619      0.0026756505884431       
0.3051788341860116       -0.6222750746305619      0.0026756505884431       
0.3051788341860116       -0.6829037595554497      0.0026756505884431       
-0.6829037595554498      0.3051788341860116       0.0026756505884431       
-0.6222750746305618      0.3051788341860116       0.0026756505884431       
-0.6222750746305618      -0.6829037595554497      0.0026756505884431       
-0.6916162660469783      -0.5662136527599486      0.0027295846764203       
0.2578299188069270       -0.5662136527599486      0.0027295846764203       
0.2578299188069270       -0.6916162660469785      0.0027295846764203       
-0.6916162660469783      0.2578299188069270       0.0027295846764203       
-0.5662136527599487      0.2578299188069270       0.0027295846764203       
-0.5662136527599487      -0.6916162660469785      0.0027295846764203       
-0.6991562332430161      -0.5078603811339508      0.0027412047912866       
0.2070166143769670       -0.5078603811339508      0.0027412047912866       
0.2070166143769669       -0.6991562332430161      0.0027412047912866       
-0.6991562332430161      0.2070166143769670       0.0027412047912866       
-0.5078603811339508      0.2070166143769670       0.0027412047912866       
-0.5078603811339508      -0.6991562332430161      0.0027412047912866       
-0.7075366618200334      -0.4471290591308650      0.0027707996188212       
0.1546657209508984       -0.4471290591308650      0.0027707996188212       
0.1546657209508984       -0.7075366618200334      0.0027707996188212       
-0.7075366618200334      0.1546657209508984       0.0027707996188212       
-0.4471290591308650      0.1546657209508984       0.0027707996188212       
-0.4471290591308650      -0.7075366618200334      0.0027707996188212       
-0.7162224528697344      -0.3845110695183188      0.0027354254149375       
0.1007335223880532       -0.3845110695183188      0.0027354254149375       
0.1007335223880532       -0.7162224528697343      0.0027354254149375       
-0.7162224528697344      0.1007335223880532       0.0027354254149375       
-0.3845110695183188      0.1007335223880532       0.0027354254149375       
-0.3845110695183188      -0.7162224528697343      0.0027354254149375       
-0.7256064894275820      -0.3203411920392387      0.0026978196053170       
0.0459476814668207       -0.3203411920392387      0.0026978196053170       
0.0459476814668207       -0.7256064894275820      0.0026978196053170       
-0.7256064894275820      0.0459476814668207       0.0026978196053170       
-0.3203411920392387      0.0459476814668207       0.0026978196053170       
-0.3203411920392387      -0.7256064894275820      0.0026978196053170       
-0.7351364698422824      -0.2552007100301314      0.0025991299772825       
-0.0096628201275861      -0.2552007100301314      0.0025991299772825       
-0.0096628201275862      -0.7351364698422824      0.0025991299772825       
-0.7351364698422824      -0.0096628201275861      0.0025991299772825       
-0.2552007100301314      -0.0096628201275861      0.0025991299772825       
-0.2552007100301314      -0.7351364698422824      0.0025991299772825       
-0.7437934958697228      -0.1897610266866683      0.0025159801095609       
-0.0664454774436090      -0.1897610266866683      0.0025159801095609       
-0.0664454774436090      -0.7437934958697228      0.0025159801095609       
-0.7437934958697228      -0.0664454774436090      0.0025159801095609       
-0.1897610266866683      -0.0664454774436090      0.0025159801095609       
-0.1897610266866683      -0.7437934958697228      0.0025159801095609       
-0.6409865234111140      -0.5763903671461512      0.0028160123876107       
0.2173768905572650       -0.5763903671461512      0.0028160123876107       
0.2173768905572650       -0.6409865234111138      0.0028160123876107       
-0.6409865234111140      0.2173768905572650       0.0028160123876107       
-0.5763903671461511      0.2173768905572650       0.0028160123876107       
-0.5763903671461511      -0.6409865234111138      0.0028160123876107       
-0.6501673556064695      -0.5194203220601215      0.0028209181298212       
0.1695876776665910       -0.5194203220601215      0.0028209181298212       
0.1695876776665910       -0.6501673556064695      0.0028209181298212       
-0.6501673556064695      0.1695876776665910       0.0028209181298212       
-0.5194203220601215      0.1695876776665910       0.0028209181298212       
-0.5194203220601215      -0.6501673556064695      0.0028209181298212       
-0.6596591834461157      -0.4603286190284818      0.0028136288962955       
0.1199878024745975       -0.4603286190284818      0.0028136288962955       
0.1199878024745975       -0.6596591834461156      0.0028136288962955       
-0.6596591834461157      0.1199878024745975       0.0028136288962955       
-0.4603286190284818      0.1199878024745975       0.0028136288962955       
-0.4603286190284818      -0.6596591834461156      0.0028136288962955       
-0.6697417880265227      -0.3993448999873231      0.0027947538225607       
0.0690866880138459       -0.3993448999873231      0.0027947538225607       
0.0690866880138459       -0.6697417880265228      0.0027947538225607       
-0.6697417880265227      0.0690866880138459       0.0027947538225607       
-0.3993448999873232      0.0690866880138459       0.0027947538225607       
-0.3993448999873232      -0.6697417880265228      0.0027947538225607       
-0.6803542671722487      -0.3368441333060983      0.0027415869729935       
0.0171984004783470       -0.3368441333060983      0.0027415869729935       
0.0171984004783469       -0.6803542671722487      0.0027415869729935       
-0.6803542671722487      0.0171984004783470       0.0027415869729935       
-0.3368441333060983      0.0171984004783470       0.0027415869729935       
-0.3368441333060983      -0.6803542671722487      0.0027415869729935       
-0.6913475745646755      -0.2732481352898807      0.0026909167817506       
-0.0354042901454438      -0.2732481352898807      0.0026909167817506       
-0.0354042901454438      -0.6913475745646757      0.0026909167817506       
-0.6913475745646755      -0.0354042901454438      0.0026909167817506       
-0.2732481352898806      -0.0354042901454438      0.0026909167817506       
-0.2732481352898806      -0.6913475745646757      0.0026909167817506       
-0.7019218660233119      -0.2090336612517907      0.0025737626502670       
-0.0890444727248975      -0.2090336612517907      0.0025737626502670       
-0.0890444727248974      -0.7019218660233119      0.0025737626502670       
-0.7019218660233119      -0.0890444727248974      0.0025737626502670       
-0.2090336612517906      -0.0890444727248974      0.0025737626502670       
-0.2090336612517906      -0.7019218660233119      0.0025737626502670       
-0.5982541986489971      -0.5313928080550046      0.0029105778131973       
0.1296470067040017       -0.5313928080550046      0.0029105778131973       
0.1296470067040016       -0.5982541986489971      0.0029105778131973       
-0.5982541986489971      0.1296470067040016       0.0029105778131973       
-0.5313928080550046      0.1296470067040016       0.0029105778131973       
-0.5313928080550046      -0.5982541986489971      0.0029105778131973       
-0.6097453339139411      -0.4732665331679402      0.0028533835656592       
0.0830118670818814       -0.4732665331679402      0.0028533835656592       
0.0830118670818814       -0.6097453339139411      0.0028533835656592       
-0.6097453339139411      0.0830118670818814       0.0028533835656592       
-0.4732665331679402      0.0830118670818814       0.0028533835656592       
-0.4732665331679402      -0.6097453339139411      0.0028533835656592       
-0.6210688248404835      -0.4135567106226938      0.0028401031535530       
0.0346255354631773       -0.4135567106226938      0.0028401031535530       
0.0346255354631773       -0.6210688248404836      0.0028401031535530       
-0.6210688248404835      0.0346255354631773       0.0028401031535530       
-0.4135567106226937      0.0346255354631773       0.0028401031535530       
-0.4135567106226937      -0.6210688248404836      0.0028401031535530       
-0.6334279220990900      -0.3522129397660904      0.0027665781953279       
-0.0143591381348196      -0.3522129397660904      0.0027665781953279       
-0.0143591381348196      -0.6334279220990902      0.0027665781953279       
-0.6334279220990900      -0.0143591381348196      0.0027665781953279       
-0.3522129397660904      -0.0143591381348196      0.0027665781953279       
-0.3522129397660904      -0.6334279220990902      0.0027665781953279       
-0.6454485912955237      -0.2901534928270848      0.0026975570272915       
-0.0643979158773915      -0.2901534928270848      0.0026975570272915       
-0.0643979158773915      -0.6454485912955237      0.0026975570272915       
-0.6454485912955237      -0.0643979158773915      0.0026975570272915       
-0.2901534928270848      -0.0643979158773915      0.0026975570272915       
-0.2901534928270848      -0.6454485912955237      0.0026975570272915       
-0.6580700128745891      -0.2276396733054717      0.0025678914684451       
-0.1142903138199393      -0.2276396733054717      0.0025678914684451       
-0.1142903138199393      -0.6580700128745891      0.0025678914684451       
-0.6580700128745891      -0.1142903138199393      0.0025678914684451       
-0.2276396733054717      -0.1142903138199393      0.0025678914684451       
-0.2276396733054717      -0.6580700128745891      0.0025678914684451       
-0.5577458794082627      -0.4864795671452850      0.0028951154454758       
0.0442254465535477       -0.4864795671452850      0.0028951154454758       
0.0442254465535477       -0.5577458794082628      0.0028951154454758       
-0.5577458794082627      0.0442254465535477       0.0028951154454758       
-0.4864795671452850      0.0442254465535477       0.0028951154454758       
-0.4864795671452850      -0.5577458794082628      0.0028951154454758       
-0.5704581987022785      -0.4283686545426934      0.0028122350050461       
-0.0011731467550282      -0.4283686545426934      0.0028122350050461       
-0.0011731467550282      -0.5704581987022785      0.0028122350050461       
-0.5704581987022785      -0.0011731467550282      0.0028122350050461       
-0.4283686545426934      -0.0011731467550282      0.0028122350050461       
-0.4283686545426934      -0.5704581987022785      0.0028122350050461       
-0.5842808416233589      -0.3693576635471090      0.0027403842045836       
-0.0463614948295321      -0.3693576635471090      0.0027403842045836       
-0.0463614948295321      -0.5842808416233589      0.0027403842045836       
-0.5842808416233589      -0.0463614948295321      0.0027403842045836       
-0.3693576635471090      -0.0463614948295321      0.0027403842045836       
-0.3693576635471090      -0.5842808416233589      0.0027403842045836       
-0.5977869898937752      -0.3097374773386066      0.0026379788033502       
-0.0924755327676182      -0.3097374773386066      0.0026379788033502       
-0.0924755327676182      -0.5977869898937751      0.0026379788033502       
-0.5977869898937752      -0.0924755327676183      0.0026379788033502       
-0.3097374773386066      -0.0924755327676183      0.0026379788033502       
-0.3097374773386066      -0.5977869898937751      0.0026379788033502       
-0.6120649856534006      -0.2486719673531934      0.0025685291048753       
-0.1392630469934060      -0.2486719673531934      0.0025685291048753       
-0.1392630469934060      -0.6120649856534006      0.0025685291048753       
-0.6120649856534006      -0.1392630469934060      0.0025685291048753       
-0.2486719673531934      -0.1392630469934060      0.0025685291048753       
-0.2486719673531934      -0.6120649856534006      0.0025685291048753       
-0.5177950455149050      -0.4454381054932894      0.0028547275628021       
-0.0367668489918056      -0.4454381054932894      0.0028547275628021       
-0.0367668489918056      -0.5177950455149050      0.0028547275628021       
-0.5177950455149050      -0.0367668489918056      0.0028547275628021       
-0.4454381054932894      -0.0367668489918056      0.0028547275628021       
-0.4454381054932894      -0.5177950455149050      0.0028547275628021       
-0.5329854693487985      -0.3869340309071325      0.0027869654375108       
-0.0800804997440690      -0.3869340309071325      0.0027869654375108       
-0.0800804997440690      -0.5329854693487985      0.0027869654375108       
-0.5329854693487985      -0.0800804997440690      0.0027869654375108       
-0.3869340309071325      -0.0800804997440690      0.0027869654375108       
-0.3869340309071325      -0.5329854693487985      0.0027869654375108       
-0.5488021089678463      -0.3284358810335224      0.0026187692784013       
-0.1227620099986314      -0.3284358810335224      0.0026187692784013       
-0.1227620099986314      -0.5488021089678463      0.0026187692784013       
-0.5488021089678463      -0.1227620099986314      0.0026187692784013       
-0.3284358810335224      -0.1227620099986314      0.0026187692784013       
-0.3284358810335224      -0.5488021089678463      0.0026187692784013       
-0.5645943648710829      -0.2700153672445092      0.0025335869575667       
-0.1653902678844078      -0.2700153672445092      0.0025335869575667       
-0.1653902678844078      -0.5645943648710831      0.0025335869575667       
-0.5645943648710829      -0.1653902678844078      0.0025335869575667       
-0.2700153672445092      -0.1653902678844078      0.0025335869575667       
-0.2700153672445092      -0.5645943648710831      0.0025335869575667       
-0.4797801106108217      -0.4059625462647678      0.0028036148930691       
-0.1142573431244106      -0.4059625462647678      0.0028036148930691       
-0.1142573431244106      -0.4797801106108217      0.0028036148930691       
-0.4797801106108217      -0.1142573431244106      0.0028036148930691       
-0.4059625462647678      -0.1142573431244106      0.0028036148930691       
-0.4059625462647678      -0.4797801106108217      0.0028036148930691       
-0.4977405966581319      -0.3473446712673946      0.0026804416287052       
-0.1549147320744735      -0.3473446712673946      0.0026804416287052       
-0.1549147320744735      -0.4977405966581319      0.0026804416287052       
-0.4977405966581319      -0.1549147320744735      0.0026804416287052       
-0.3473446712673946      -0.1549147320744735      0.0026804416287052       
-0.3473446712673946      -0.4977405966581319      0.0026804416287052       
-0.5147203801860463      -0.2903244810794742      0.0025224080534279       
-0.1949551387344796      -0.2903244810794742      0.0025224080534279       
-0.1949551387344796      -0.5147203801860463      0.0025224080534279       
-0.5147203801860463      -0.1949551387344796      0.0025224080534279       
-0.2903244810794742      -0.1949551387344796      0.0025224080534279       
-0.2903244810794742      -0.5147203801860463      0.0025224080534279       
-0.4449787933835098      -0.3683886694163185      0.0026156509800773       
-0.1866325372001718      -0.3683886694163185      0.0026156509800773       
-0.1866325372001718      -0.4449787933835098      0.0026156509800773       
-0.4449787933835098      -0.1866325372001718      0.0026156509800773       
-0.3683886694163185      -0.1866325372001718      0.0026156509800773       
-0.3683886694163185      -0.4449787933835098      0.0026156509800773       
-0.4632663341598637      -0.3127190192239923      0.0023151888475189       
-0.2240146466161441      -0.3127190192239923      0.0023151888475189       
-0.2240146466161441      -0.4632663341598637      0.0023151888475189       
-0.4632663341598637      -0.2240146466161441      0.0023151888475189       
-0.3127190192239923      -0.2240146466161441      0.0023151888475189       
-0.3127190192239923      -0.4632663341598637      0.0023151888475189       
-0.4148022871095906      -0.3344810877506334      0.0021642871436799       
-0.2507166251397759      -0.3344810877506334      0.0021642871436799       
-0.2507166251397759      -0.4148022871095906      0.0021642871436799       
-0.4148022871095906      -0.2507166251397759      0.0021642871436799       
-0.3344810877506334      -0.2507166251397759      0.0021642871436799       
-0.3344810877506334      -0.4148022871095906      0.0021642871436799       
-0.3333333333333333      -0.3333333333333333      0.0024570739853387       
