centroid    numS21      numS111     
true (1)    36 (3)      153 (6)     

x                        y                        w                        
-0.9979656798018182      0.9959313596036364       0.0000272399316955       
-0.9979656798018182      -0.9979656798018182      0.0000272399316955       
0.9959313596036364       -0.9979656798018182      0.0000272399316955       
-0.9893020070800598      0.9786040141601198       0.0001466012721047       
-0.9893020070800598      -0.9893020070800598      0.0001466012721047       
0.9786040141601198       -0.9893020070800598      0.0001466012721047       
-0.9738366227790274      0.9476732455580550       0.0003565402150669       
-0.9738366227790274      -0.9738366227790274      0.0003565402150669       
0.9476732455580548       -0.9738366227790274      0.0003565402150669       
-0.9518540528008194      0.9037081056016389       0.0006457245983690       
-0.9518540528008194      -0.9518540528008194      0.0006457245983690       
0.9037081056016389       -0.9518540528008194      0.0006457245983690       
-0.9237403674077954      0.8474807348155908       0.0010005519358924       
-0.9237403674077954      -0.9237403674077954      0.0010005519358924       
0.8474807348155909       -0.9237403674077954      0.0010005519358924       
-0.8902083668953150      0.7804167337906300       0.0013911706242107       
-0.8902083668953150      -0.8902083668953150      0.0013911706242107       
0.7804167337906299       -0.8902083668953150      0.0013911706242107       
-0.8523234278610280      0.7046468557220560       0.0018159670827638       
-0.8523234278610280      -0.8523234278610280      0.0018159670827638       
0.7046468557220559       -0.8523234278610280      0.0018159670827638       
-0.8103697206636497      0.6207394413272993       0.0022195414490606       
-0.8103697206636497      -0.8103697206636497      0.0022195414490606       
0.6207394413272992       -0.8103697206636497      0.0022195414490606       
-0.7653939757060549      0.5307879514121099       0.0026142053337248       
-0.7653939757060549      -0.7653939757060549      0.0026142053337248       
0.5307879514121098       -0.7653939757060549      0.0026142053337248       
-0.7182134528281892      0.4364269056563782       0.0029159702211012       
-0.7182134528281892      -0.7182134528281892      0.0029159702211012       
0.4364269056563783       -0.7182134528281892      0.0029159702211012       
-0.6693602747591224      0.3387205495182448       0.0031884665502582       
-0.6693602747591225      -0.6693602747591223      0.0031884665502582       
0.3387205495182448       -0.6693602747591223      0.0031884665502582       
-0.6202232694300018      0.2404465388600037       0.0033863025589771       
-0.6202232694300018      -0.6202232694300018      0.0033863025589771       
0.2404465388600037       -0.6202232694300018      0.0033863025589771       
-0.5717522491099747      0.1435044982199494       0.0035023447458885       
-0.5717522491099747      -0.5717522491099747      0.0035023447458885       
0.1435044982199494       -0.5717522491099747      0.0035023447458885       
-0.5246613948262685      0.0493227896525370       0.0035052091449864       
-0.5246613948262685      -0.5246613948262686      0.0035052091449864       
0.0493227896525370       -0.5246613948262686      0.0035052091449864       
-0.4797666412191427      -0.0404667175617146      0.0034659614762081       
-0.4797666412191427      -0.4797666412191428      0.0034659614762081       
-0.0404667175617146      -0.4797666412191428      0.0034659614762081       
-0.4371705217322439      -0.1256589565355122      0.0034254759253869       
-0.4371705217322439      -0.4371705217322439      0.0034254759253869       
-0.1256589565355122      -0.4371705217322439      0.0034254759253869       
-0.3971548099151418      -0.2056903801697163      0.0033017814476317       
-0.3971548099151418      -0.3971548099151418      0.0033017814476317       
-0.2056903801697163      -0.3971548099151418      0.0033017814476317       
-0.3630724434278428      -0.2738551131443146      0.0030704433579456       
-0.3630724434278428      -0.3630724434278428      0.0030704433579456       
-0.2738551131443146      -0.3630724434278428      0.0030704433579456       
-0.0007186407896932      -0.9985627184206136      0.0003096487594476       
-0.0007186407896932      -0.0007186407896932      0.0003096487594476       
-0.9985627184206136      -0.0007186407896932      0.0003096487594476       
-0.0037060026594756      -0.9925879946810487      0.0006846244869114       
-0.0037060026594756      -0.0037060026594756      0.0006846244869114       
-0.9925879946810487      -0.0037060026594756      0.0006846244869114       
-0.0088824072421534      -0.9822351855156932      0.0010398736078015       
-0.0088824072421534      -0.0088824072421534      0.0010398736078015       
-0.9822351855156932      -0.0088824072421534      0.0010398736078015       
-0.0162649822129276      -0.9674700355741448      0.0014085609083233       
-0.0162649822129276      -0.0162649822129275      0.0014085609083233       
-0.9674700355741448      -0.0162649822129275      0.0014085609083233       
-0.0259666031896538      -0.9480667936206923      0.0017606252205422       
-0.0259666031896538      -0.0259666031896538      0.0017606252205422       
-0.9480667936206923      -0.0259666031896538      0.0017606252205422       
-0.0379478907383883      -0.9241042185232234      0.0020864273620032       
-0.0379478907383883      -0.0379478907383883      0.0020864273620032       
-0.9241042185232234      -0.0379478907383883      0.0020864273620032       
-0.0519677003190686      -0.8960645993618628      0.0023308354448864       
-0.0519677003190686      -0.0519677003190686      0.0023308354448864       
-0.8960645993618628      -0.0519677003190686      0.0023308354448864       
-0.0677416055942801      -0.8645167888114398      0.0025301245303962       
-0.0677416055942801      -0.0677416055942801      0.0025301245303962       
-0.8645167888114398      -0.0677416055942801      0.0025301245303962       
-0.0852623716182462      -0.8294752567635075      0.0027428776941054       
-0.0852623716182462      -0.0852623716182462      0.0027428776941054       
-0.8294752567635075      -0.0852623716182462      0.0027428776941054       
-0.1048417776519782      -0.7903164446960436      0.0029398966431727       
-0.1048417776519782      -0.1048417776519783      0.0029398966431727       
-0.7903164446960436      -0.1048417776519783      0.0029398966431727       
-0.1262872435425742      -0.7474255129148515      0.0030370550150989       
-0.1262872435425742      -0.1262872435425742      0.0030370550150989       
-0.7474255129148515      -0.1262872435425742      0.0030370550150989       
-0.1486542283475207      -0.7026915433049585      0.0029855311831676       
-0.1486542283475207      -0.1486542283475207      0.0029855311831676       
-0.7026915433049585      -0.1486542283475207      0.0029855311831676       
-0.1720393529272864      -0.6559212941454273      0.0029991317046445       
-0.1720393529272864      -0.1720393529272864      0.0029991317046445       
-0.6559212941454273      -0.1720393529272864      0.0029991317046445       
-0.1969572730333160      -0.6060854539333680      0.0029988670100805       
-0.1969572730333160      -0.1969572730333160      0.0029988670100805       
-0.6060854539333680      -0.1969572730333160      0.0029988670100805       
-0.2228033046726805      -0.5543933906546390      0.0029098350659393       
-0.2228033046726805      -0.2228033046726805      0.0029098350659393       
-0.5543933906546390      -0.2228033046726805      0.0029098350659393       
-0.2495642978437590      -0.5008714043124820      0.0025912888339826       
-0.2495642978437590      -0.2495642978437590      0.0025912888339826       
-0.5008714043124820      -0.2495642978437590      0.0025912888339826       
-0.2718556757133494      -0.4562886485733013      0.0018640404260170       
-0.2718556757133494      -0.2718556757133493      0.0018640404260170       
-0.4562886485733013      -0.2718556757133493      0.0018640404260170       
-0.2979666436727211      -0.4040667126545578      0.0028292811472653       
-0.2979666436727211      -0.2979666436727211      0.0028292811472653       
-0.4040667126545578      -0.2979666436727211      0.0028292811472653       
-0.9979666886832724      -0.9892947908743102      0.0000632148671095       
0.9872614795575824       -0.9892947908743102      0.0000632148671095       
0.9872614795575824       -0.9979666886832724      0.0000632148671095       
-0.9979666886832724      0.9872614795575824       0.0000632148671095       
-0.9892947908743102      0.9872614795575824       0.0000632148671095       
-0.9892947908743102      -0.9979666886832724      0.0000632148671095       
-0.9979714635244126      -0.9737509323757016      0.0000986358602553       
0.9717223959001142       -0.9737509323757016      0.0000986358602553       
0.9717223959001142       -0.9979714635244126      0.0000986358602553       
-0.9979714635244126      0.9717223959001142       0.0000986358602553       
-0.9737509323757016      0.9717223959001142       0.0000986358602553       
-0.9737509323757016      -0.9979714635244126      0.0000986358602553       
-0.9979803545076869      -0.9514281232607074      0.0001329900764203       
0.9494084777683942       -0.9514281232607074      0.0001329900764203       
0.9494084777683942       -0.9979803545076869      0.0001329900764203       
-0.9979803545076870      0.9494084777683942       0.0001329900764203       
-0.9514281232607072      0.9494084777683942       0.0001329900764203       
-0.9514281232607074      -0.9979803545076869      0.0001329900764203       
-0.9979973005985144      -0.9224691838797178      0.0001655363742254       
0.9204664844782322       -0.9224691838797178      0.0001655363742254       
0.9204664844782322       -0.9979973005985144      0.0001655363742254       
-0.9979973005985144      0.9204664844782322       0.0001655363742254       
-0.9224691838797178      0.9204664844782322       0.0001655363742254       
-0.9224691838797178      -0.9979973005985144      0.0001655363742254       
-0.9980074942975172      -0.8870629686900939      0.0001970507894474       
0.8850704629876112       -0.8870629686900939      0.0001970507894474       
0.8850704629876112       -0.9980074942975172      0.0001970507894474       
-0.9980074942975172      0.8850704629876112       0.0001970507894474       
-0.8870629686900940      0.8850704629876112       0.0001970507894474       
-0.8870629686900939      -0.9980074942975172      0.0001970507894474       
-0.9980659977232366      -0.8454400563700537      0.0002215346567370       
0.8435060540932904       -0.8454400563700537      0.0002215346567370       
0.8435060540932904       -0.9980659977232366      0.0002215346567370       
-0.9980659977232368      0.8435060540932904       0.0002215346567370       
-0.8454400563700536      0.8435060540932904       0.0002215346567370       
-0.8454400563700537      -0.9980659977232366      0.0002215346567370       
-0.9980849875463300      -0.7978769244633053      0.0002477565494673       
0.7959619120096353       -0.7978769244633053      0.0002477565494673       
0.7959619120096353       -0.9980849875463300      0.0002477565494673       
-0.9980849875463300      0.7959619120096353       0.0002477565494673       
-0.7978769244633053      0.7959619120096353       0.0002477565494673       
-0.7978769244633053      -0.9980849875463300      0.0002477565494673       
-0.9981082556842326      -0.7446899911245846      0.0002711142372842       
0.7427982468088172       -0.7446899911245846      0.0002711142372842       
0.7427982468088172       -0.9981082556842326      0.0002711142372842       
-0.9981082556842328      0.7427982468088172       0.0002711142372842       
-0.7446899911245844      0.7427982468088172       0.0002711142372842       
-0.7446899911245846      -0.9981082556842326      0.0002711142372842       
-0.9981610623923244      -0.6862419449544868      0.0002875640528579       
0.6844030073468113       -0.6862419449544868      0.0002875640528579       
0.6844030073468111       -0.9981610623923246      0.0002875640528579       
-0.9981610623923246      0.6844030073468113       0.0002875640528579       
-0.6862419449544866      0.6844030073468113       0.0002875640528579       
-0.6862419449544866      -0.9981610623923246      0.0002875640528579       
-0.9982073896073578      -0.6229541769615505      0.0003013977449903       
0.6211615665689083       -0.6229541769615505      0.0003013977449903       
0.6211615665689083       -0.9982073896073578      0.0003013977449903       
-0.9982073896073578      0.6211615665689083       0.0003013977449903       
-0.6229541769615504      0.6211615665689083       0.0003013977449903       
-0.6229541769615505      -0.9982073896073578      0.0003013977449903       
-0.9982557305973024      -0.5552962159128747      0.0003118344891083       
0.5535519465101770       -0.5552962159128747      0.0003118344891083       
0.5535519465101770       -0.9982557305973024      0.0003118344891083       
-0.9982557305973024      0.5535519465101770       0.0003118344891083       
-0.5552962159128747      0.5535519465101770       0.0003118344891083       
-0.5552962159128747      -0.9982557305973024      0.0003118344891083       
-0.9982928168075266      -0.4837710085981568      0.0003208160925952       
0.4820638254056835       -0.4837710085981568      0.0003208160925952       
0.4820638254056835       -0.9982928168075266      0.0003208160925952       
-0.9982928168075266      0.4820638254056835       0.0003208160925952       
-0.4837710085981568      0.4820638254056835       0.0003208160925952       
-0.4837710085981568      -0.9982928168075266      0.0003208160925952       
-0.9983453695053434      -0.4088714355876808      0.0003244837316638       
0.4072168050930242       -0.4088714355876808      0.0003244837316638       
0.4072168050930242       -0.9983453695053436      0.0003244837316638       
-0.9983453695053436      0.4072168050930242       0.0003244837316638       
-0.4088714355876807      0.4072168050930242       0.0003244837316638       
-0.4088714355876807      -0.9983453695053436      0.0003244837316638       
-0.9984042776483104      -0.3310712723184200      0.0003236562682100       
0.3294755499667304       -0.3310712723184200      0.0003236562682100       
0.3294755499667304       -0.9984042776483104      0.0003236562682100       
-0.9984042776483104      0.3294755499667304       0.0003236562682100       
-0.3310712723184200      0.3294755499667304       0.0003236562682100       
-0.3310712723184200      -0.9984042776483104      0.0003236562682100       
-0.9984538417824333      -0.2508221458056441      0.0003225530755100       
0.2492759875880774       -0.2508221458056441      0.0003225530755100       
0.2492759875880774       -0.9984538417824333      0.0003225530755100       
-0.9984538417824333      0.2492759875880774       0.0003225530755100       
-0.2508221458056441      0.2492759875880774       0.0003225530755100       
-0.2508221458056441      -0.9984538417824333      0.0003225530755100       
-0.9985073171115920      -0.1686150042664634      0.0003175076461482       
0.1671223213780553       -0.1686150042664634      0.0003175076461482       
0.1671223213780553       -0.9985073171115920      0.0003175076461482       
-0.9985073171115920      0.1671223213780553       0.0003175076461482       
-0.1686150042664634      0.1671223213780553       0.0003175076461482       
-0.1686150042664633      -0.9985073171115920      0.0003175076461482       
-0.9986305758828689      -0.0849997903605950      0.0002967707307730       
0.0836303662434639       -0.0849997903605950      0.0002967707307730       
0.0836303662434639       -0.9986305758828689      0.0002967707307730       
-0.9986305758828689      0.0836303662434639       0.0002967707307730       
-0.0849997903605950      0.0836303662434639       0.0002967707307730       
-0.0849997903605950      -0.9986305758828689      0.0002967707307730       
-0.9893268078364768      -0.9737755553920864      0.0002286503710362       
0.9631023632285632       -0.9737755553920864      0.0002286503710362       
0.9631023632285632       -0.9893268078364768      0.0002286503710362       
-0.9893268078364768      0.9631023632285632       0.0002286503710362       
-0.9737755553920864      0.9631023632285632       0.0002286503710362       
-0.9737755553920864      -0.9893268078364768      0.0002286503710362       
-0.9893759179184922      -0.9514874708381222      0.0003080327105658       
0.9408633887566143       -0.9514874708381222      0.0003080327105658       
0.9408633887566143       -0.9893759179184922      0.0003080327105658       
-0.9893759179184922      0.9408633887566143       0.0003080327105658       
-0.9514874708381224      0.9408633887566143       0.0003080327105658       
-0.9514874708381222      -0.9893759179184922      0.0003080327105658       
-0.9894612581553081      -0.9225837829826822      0.0003835487796360       
0.9120450411379902       -0.9225837829826822      0.0003835487796360       
0.9120450411379902       -0.9894612581553081      0.0003835487796360       
-0.9894612581553081      0.9120450411379902       0.0003835487796360       
-0.9225837829826820      0.9120450411379902       0.0003835487796360       
-0.9225837829826822      -0.9894612581553081      0.0003835487796360       
-0.9895241709055144      -0.8872560125824909      0.0004556440825379       
0.8767801834880053       -0.8872560125824909      0.0004556440825379       
0.8767801834880053       -0.9895241709055144      0.0004556440825379       
-0.9895241709055144      0.8767801834880053       0.0004556440825379       
-0.8872560125824910      0.8767801834880053       0.0004556440825379       
-0.8872560125824909      -0.9895241709055144      0.0004556440825379       
-0.9898163928910042      -0.8457344866332497      0.0005135502571198       
0.8355508795242539       -0.8457344866332497      0.0005135502571198       
0.8355508795242539       -0.9898163928910042      0.0005135502571198       
-0.9898163928910042      0.8355508795242539       0.0005135502571198       
-0.8457344866332497      0.8355508795242539       0.0005135502571198       
-0.8457344866332497      -0.9898163928910042      0.0005135502571198       
-0.9899250655422128      -0.7983172905030536      0.0005729745722105       
0.7882423560452663       -0.7983172905030536      0.0005729745722105       
0.7882423560452663       -0.9899250655422128      0.0005729745722105       
-0.9899250655422128      0.7882423560452663       0.0005729745722105       
-0.7983172905030536      0.7882423560452663       0.0005729745722105       
-0.7983172905030536      -0.9899250655422128      0.0005729745722105       
-0.9900584844379394      -0.7453306605621253      0.0006251908245560       
0.7353891450000647       -0.7453306605621253      0.0006251908245560       
0.7353891450000647       -0.9900584844379394      0.0006251908245560       
-0.9900584844379394      0.7353891450000647       0.0006251908245560       
-0.7453306605621254      0.7353891450000647       0.0006251908245560       
-0.7453306605621253      -0.9900584844379394      0.0006251908245560       
-0.9903143058484932      -0.6871269679838234      0.0006656744321474       
0.6774412738323166       -0.6871269679838234      0.0006656744321474       
0.6774412738323166       -0.9903143058484932      0.0006656744321474       
-0.9903143058484932      0.6774412738323166       0.0006656744321474       
-0.6871269679838234      0.6774412738323166       0.0006656744321474       
-0.6871269679838234      -0.9903143058484932      0.0006656744321474       
-0.9905733894673324      -0.6240923818996043      0.0006961585593722       
0.6146657713669366       -0.6240923818996043      0.0006961585593722       
0.6146657713669366       -0.9905733894673324      0.0006961585593722       
-0.9905733894673324      0.6146657713669366       0.0006961585593722       
-0.6240923818996043      0.6146657713669366       0.0006961585593722       
-0.6240923818996043      -0.9905733894673324      0.0006961585593722       
-0.9908146780454103      -0.5566204001332609      0.0007232557235363       
0.5474350781786712       -0.5566204001332609      0.0007232557235363       
0.5474350781786712       -0.9908146780454103      0.0007232557235363       
-0.9908146780454103      0.5474350781786712       0.0007232557235363       
-0.5566204001332609      0.5474350781786712       0.0007232557235363       
-0.5566204001332609      -0.9908146780454103      0.0007232557235363       
-0.9910330290272036      -0.4851381916188098      0.0007425299084008       
0.4761712206460134       -0.4851381916188098      0.0007425299084008       
0.4761712206460134       -0.9910330290272036      0.0007425299084008       
-0.9910330290272036      0.4761712206460134       0.0007425299084008       
-0.4851381916188098      0.4761712206460134       0.0007425299084008       
-0.4851381916188098      -0.9910330290272036      0.0007425299084008       
-0.9912859844534448      -0.4101262351368657      0.0007554531238061       
0.4014122195903104       -0.4101262351368657      0.0007554531238061       
0.4014122195903105       -0.9912859844534448      0.0007554531238061       
-0.9912859844534448      0.4014122195903105       0.0007554531238061       
-0.4101262351368656      0.4014122195903105       0.0007554531238061       
-0.4101262351368656      -0.9912859844534448      0.0007554531238061       
-0.9916141216230560      -0.3321532127579525      0.0007507497376441       
0.3237673343810086       -0.3321532127579525      0.0007507497376441       
0.3237673343810086       -0.9916141216230560      0.0007507497376441       
-0.9916141216230560      0.3237673343810086       0.0007507497376441       
-0.3321532127579525      0.3237673343810086       0.0007507497376441       
-0.3321532127579525      -0.9916141216230560      0.0007507497376441       
-0.9918661525664516      -0.2519118142908967      0.0007462000124308       
0.2437779668573483       -0.2519118142908967      0.0007462000124308       
0.2437779668573483       -0.9918661525664516      0.0007462000124308       
-0.9918661525664516      0.2437779668573483       0.0007462000124308       
-0.2519118142908967      0.2437779668573483       0.0007462000124308       
-0.2519118142908967      -0.9918661525664516      0.0007462000124308       
-0.9921694505621788      -0.1700211247172145      0.0007288180972365       
0.1621905752793932       -0.1700211247172145      0.0007288180972365       
0.1621905752793933       -0.9921694505621788      0.0007288180972365       
-0.9921694505621788      0.1621905752793933       0.0007288180972365       
-0.1700211247172144      0.1621905752793933       0.0007288180972365       
-0.1700211247172144      -0.9921694505621788      0.0007288180972365       
-0.9926763361104174      -0.0870048958594998      0.0007006219726788       
0.0796812319699172       -0.0870048958594998      0.0007006219726788       
0.0796812319699172       -0.9926763361104172      0.0007006219726788       
-0.9926763361104172      0.0796812319699172       0.0007006219726788       
-0.0870048958594999      0.0796812319699172       0.0007006219726788       
-0.0870048958594999      -0.9926763361104172      0.0007006219726788       
-0.9739646190497658      -0.9516062332528364      0.0004799048406639       
0.9255708523026021       -0.9516062332528364      0.0004799048406639       
0.9255708523026021       -0.9739646190497658      0.0004799048406639       
-0.9739646190497658      0.9255708523026021       0.0004799048406639       
-0.9516062332528362      0.9255708523026021       0.0004799048406639       
-0.9516062332528364      -0.9739646190497658      0.0004799048406639       
-0.9741613441090357      -0.9227940622178478      0.0005975428012410       
0.8969554063268834       -0.9227940622178478      0.0005975428012410       
0.8969554063268834       -0.9741613441090357      0.0005975428012410       
-0.9741613441090357      0.8969554063268834       0.0005975428012410       
-0.9227940622178478      0.8969554063268834       0.0005975428012410       
-0.9227940622178478      -0.9741613441090357      0.0005975428012410       
-0.9743505965036626      -0.8876064516981526      0.0007075524420940       
0.8619570482018151       -0.8876064516981526      0.0007075524420940       
0.8619570482018151       -0.9743505965036626      0.0007075524420940       
-0.9743505965036624      0.8619570482018151       0.0007075524420940       
-0.8876064516981527      0.8619570482018151       0.0007075524420940       
-0.8876064516981526      -0.9743505965036626      0.0007075524420940       
-0.9750057074287622      -0.8462708999072475      0.0008005832796290       
0.8212766073360096       -0.8462708999072475      0.0008005832796290       
0.8212766073360096       -0.9750057074287622      0.0008005832796290       
-0.9750057074287622      0.8212766073360096       0.0008005832796290       
-0.8462708999072475      0.8212766073360096       0.0008005832796290       
-0.8462708999072475      -0.9750057074287622      0.0008005832796290       
-0.9753074086561470      -0.7990833417615570      0.0008908539521033       
0.7743907504177041       -0.7990833417615570      0.0008908539521033       
0.7743907504177041       -0.9753074086561470      0.0008908539521033       
-0.9753074086561470      0.7743907504177041       0.0008908539521033       
-0.7990833417615572      0.7743907504177041       0.0008908539521033       
-0.7990833417615570      -0.9753074086561470      0.0008908539521033       
-0.9756756654924335      -0.7463348361477620      0.0009696573274070       
0.7220105016401954       -0.7463348361477620      0.0009696573274070       
0.7220105016401954       -0.9756756654924335      0.0009696573274070       
-0.9756756654924335      0.7220105016401954       0.0009696573274070       
-0.7463348361477620      0.7220105016401954       0.0009696573274070       
-0.7463348361477620      -0.9756756654924335      0.0009696573274070       
-0.9762293263343070      -0.6883584718793618      0.0010379011189093       
0.6645877982136688       -0.6883584718793618      0.0010379011189093       
0.6645877982136688       -0.9762293263343070      0.0010379011189093       
-0.9762293263343070      0.6645877982136688       0.0010379011189093       
-0.6883584718793618      0.6645877982136688       0.0010379011189093       
-0.6883584718793618      -0.9762293263343070      0.0010379011189093       
-0.9769066770357604      -0.6255542955349340      0.0010825826171866       
0.6024609725706944       -0.6255542955349340      0.0010825826171866       
0.6024609725706944       -0.9769066770357604      0.0010825826171866       
-0.9769066770357604      0.6024609725706944       0.0010825826171866       
-0.6255542955349340      0.6024609725706944       0.0010825826171866       
-0.6255542955349340      -0.9769066770357604      0.0010825826171866       
-0.9774702285373992      -0.5584183878181213      0.0011234498592742       
0.5358886163555205       -0.5584183878181213      0.0011234498592742       
0.5358886163555205       -0.9774702285373992      0.0011234498592742       
-0.9774702285373992      0.5358886163555205       0.0011234498592742       
-0.5584183878181213      0.5358886163555205       0.0011234498592742       
-0.5584183878181213      -0.9774702285373992      0.0011234498592742       
-0.9780599405157148      -0.4874514351278387      0.0011471658804377       
0.4655113756435536       -0.4874514351278387      0.0011471658804377       
0.4655113756435536       -0.9780599405157148      0.0011471658804377       
-0.9780599405157148      0.4655113756435536       0.0011471658804377       
-0.4874514351278387      0.4655113756435536       0.0011471658804377       
-0.4874514351278387      -0.9780599405157148      0.0011471658804377       
-0.9786284180265782      -0.4131790007565896      0.0011661315081740       
0.3918074187831679       -0.4131790007565896      0.0011661315081740       
0.3918074187831680       -0.9786284180265782      0.0011661315081740       
-0.9786284180265784      0.3918074187831680       0.0011661315081740       
-0.4131790007565896      0.3918074187831680       0.0011661315081740       
-0.4131790007565896      -0.9786284180265782      0.0011661315081740       
-0.9794374667349396      -0.3359936408856208      0.0011625089449140       
0.3154311076205604       -0.3359936408856208      0.0011625089449140       
0.3154311076205605       -0.9794374667349398      0.0011625089449140       
-0.9794374667349398      0.3154311076205605       0.0011625089449140       
-0.3359936408856206      0.3154311076205605       0.0011625089449140       
-0.3359936408856206      -0.9794374667349398      0.0011625089449140       
-0.9800808927910750      -0.2564570306710041      0.0011518838094186       
0.2365379234620790       -0.2564570306710041      0.0011518838094186       
0.2365379234620790       -0.9800808927910750      0.0011518838094186       
-0.9800808927910750      0.2365379234620790       0.0011518838094186       
-0.2564570306710041      0.2365379234620790       0.0011518838094186       
-0.2564570306710041      -0.9800808927910750      0.0011518838094186       
-0.9808172833863567      -0.1749923722138984      0.0011346456531735       
0.1558096556002550       -0.1749923722138984      0.0011346456531735       
0.1558096556002550       -0.9808172833863567      0.0011346456531735       
-0.9808172833863568      0.1558096556002550       0.0011346456531735       
-0.1749923722138983      0.1558096556002550       0.0011346456531735       
-0.1749923722138983      -0.9808172833863567      0.0011346456531735       
-0.9817504733927565      -0.0921382769645120      0.0011106541631851       
0.0738887503572685       -0.0921382769645120      0.0011106541631851       
0.0738887503572685       -0.9817504733927565      0.0011106541631851       
-0.9817504733927565      0.0738887503572685       0.0011106541631851       
-0.0921382769645120      0.0738887503572685       0.0011106541631851       
-0.0921382769645121      -0.9817504733927565      0.0011106541631851       
-0.9521994281429625      -0.9231964678174052      0.0008043111328325       
0.8753958959603678       -0.9231964678174052      0.0008043111328325       
0.8753958959603678       -0.9521994281429625      0.0008043111328325       
-0.9521994281429625      0.8753958959603678       0.0008043111328325       
-0.9231964678174052      0.8753958959603678       0.0008043111328325       
-0.9231964678174052      -0.9521994281429625      0.0008043111328325       
-0.9526213166508946      -0.8881872617139228      0.0009505392708564       
0.8408085783648174       -0.8881872617139228      0.0009505392708564       
0.8408085783648174       -0.9526213166508946      0.0009505392708564       
-0.9526213166508946      0.8408085783648174       0.0009505392708564       
-0.8881872617139228      0.8408085783648174       0.0009505392708564       
-0.8881872617139228      -0.9526213166508946      0.0009505392708564       
-0.9536986671752922      -0.8470486222950953      0.0010803475233342       
0.8007472894703875       -0.8470486222950953      0.0010803475233342       
0.8007472894703875       -0.9536986671752922      0.0010803475233342       
-0.9536986671752922      0.8007472894703875       0.0010803475233342       
-0.8470486222950953      0.8007472894703875       0.0010803475233342       
-0.8470486222950953      -0.9536986671752922      0.0010803475233342       
-0.9543384196764592      -0.8001161043518841      0.0011973235805077       
0.7544545240283433       -0.8001161043518841      0.0011973235805077       
0.7544545240283433       -0.9543384196764592      0.0011973235805077       
-0.9543384196764592      0.7544545240283433       0.0011973235805077       
-0.8001161043518841      0.7544545240283433       0.0011973235805077       
-0.8001161043518841      -0.9543384196764592      0.0011973235805077       
-0.9551006635628260      -0.7477296650156622      0.0012971871886041       
0.7028303285784883       -0.7477296650156622      0.0012971871886041       
0.7028303285784883       -0.9551006635628260      0.0012971871886041       
-0.9551006635628260      0.7028303285784883       0.0012971871886041       
-0.7477296650156622      0.7028303285784883       0.0012971871886041       
-0.7477296650156622      -0.9551006635628260      0.0012971871886041       
-0.9559923345961840      -0.6902819488235288      0.0013899968631320       
0.6462742834197128       -0.6902819488235288      0.0013899968631320       
0.6462742834197128       -0.9559923345961840      0.0013899968631320       
-0.9559923345961840      0.6462742834197128       0.0013899968631320       
-0.6902819488235288      0.6462742834197128       0.0013899968631320       
-0.6902819488235288      -0.9559923345961840      0.0013899968631320       
-0.9572779296996500      -0.6281348850359090      0.0014492661806180       
0.5854128147355591       -0.6281348850359090      0.0014492661806180       
0.5854128147355591       -0.9572779296996500      0.0014492661806180       
-0.9572779296996500      0.5854128147355591       0.0014492661806180       
-0.6281348850359090      0.5854128147355591       0.0014492661806180       
-0.6281348850359090      -0.9572779296996500      0.0014492661806180       
-0.9583160824874019      -0.5617538135168341      0.0015009437109959       
0.5200698960042358       -0.5617538135168341      0.0015009437109959       
0.5200698960042358       -0.9583160824874019      0.0015009437109959       
-0.9583160824874019      0.5200698960042358       0.0015009437109959       
-0.5617538135168341      0.5200698960042358       0.0015009437109959       
-0.5617538135168341      -0.9583160824874019      0.0015009437109959       
-0.9594468316925951      -0.4914968899412845      0.0015369663081493       
0.4509437216338798       -0.4914968899412845      0.0015369663081493       
0.4509437216338799       -0.9594468316925954      0.0015369663081493       
-0.9594468316925954      0.4509437216338799       0.0015369663081493       
-0.4914968899412845      0.4509437216338799       0.0015369663081493       
-0.4914968899412845      -0.9594468316925954      0.0015369663081493       
-0.9605072133389932      -0.4178423710854384      0.0015573504595106       
0.3783495844244316       -0.4178423710854384      0.0015573504595106       
0.3783495844244316       -0.9605072133389932      0.0015573504595106       
-0.9605072133389932      0.3783495844244316       0.0015573504595106       
-0.4178423710854384      0.3783495844244316       0.0015573504595106       
-0.4178423710854384      -0.9605072133389932      0.0015573504595106       
-0.9619091561972012      -0.3412073986873599      0.0015632794122214       
0.3031165548845612       -0.3412073986873599      0.0015632794122214       
0.3031165548845612       -0.9619091561972012      0.0015632794122214       
-0.9619091561972012      0.3031165548845612       0.0015632794122214       
-0.3412073986873600      0.3031165548845612       0.0015632794122214       
-0.3412073986873600      -0.9619091561972012      0.0015632794122214       
-0.9632400329164597      -0.2622501143023204      0.0015367828871375       
0.2254901472187801       -0.2622501143023204      0.0015367828871375       
0.2254901472187800       -0.9632400329164597      0.0015367828871375       
-0.9632400329164597      0.2254901472187800       0.0015367828871375       
-0.2622501143023205      0.2254901472187800       0.0015367828871375       
-0.2622501143023205      -0.9632400329164597      0.0015367828871375       
-0.9644911593329262      -0.1815061475902380      0.0015207259644223       
0.1459973069231642       -0.1815061475902380      0.0015207259644223       
0.1459973069231642       -0.9644911593329262      0.0015207259644223       
-0.9644911593329262      0.1459973069231642       0.0015207259644223       
-0.1815061475902380      0.1459973069231642       0.0015207259644223       
-0.1815061475902380      -0.9644911593329262      0.0015207259644223       
-0.9659424435169396      -0.0993384593921445      0.0014899921619949       
0.0652809029090842       -0.0993384593921445      0.0014899921619949       
0.0652809029090841       -0.9659424435169396      0.0014899921619949       
-0.9659424435169396      0.0652809029090842       0.0014899921619949       
-0.0993384593921445      0.0652809029090842       0.0014899921619949       
-0.0993384593921445      -0.9659424435169396      0.0014899921619949       
-0.9245093294991630      -0.8890056360522438      0.0011795750938838       
0.8135149655514069       -0.8890056360522438      0.0011795750938838       
0.8135149655514069       -0.9245093294991630      0.0011795750938838       
-0.9245093294991630      0.8135149655514069       0.0011795750938838       
-0.8890056360522438      0.8135149655514069       0.0011795750938838       
-0.8890056360522438      -0.9245093294991630      0.0011795750938838       
-0.9260166974511140      -0.8482397733470057      0.0013436374991946       
0.7742564707981197       -0.8482397733470057      0.0013436374991946       
0.7742564707981197       -0.9260166974511140      0.0013436374991946       
-0.9260166974511140      0.7742564707981197       0.0013436374991946       
-0.8482397733470057      0.7742564707981197       0.0013436374991946       
-0.8482397733470057      -0.9260166974511140      0.0013436374991946       
-0.9271640840189488      -0.8017814523657880      0.0014846394287311       
0.7289455363847368       -0.8017814523657880      0.0014846394287311       
0.7289455363847368       -0.9271640840189488      0.0014846394287311       
-0.9271640840189488      0.7289455363847368       0.0014846394287311       
-0.8017814523657880      0.7289455363847368       0.0014846394287311       
-0.8017814523657880      -0.9271640840189488      0.0014846394287311       
-0.9284925388917536      -0.7499290902967890      0.0016060723303365       
0.6784216291885425       -0.7499290902967890      0.0016060723303365       
0.6784216291885425       -0.9284925388917534      0.0016060723303365       
-0.9284925388917534      0.6784216291885425       0.0016060723303365       
-0.7499290902967891      0.6784216291885425       0.0016060723303365       
-0.7499290902967892      -0.9284925388917534      0.0016060723303365       
-0.9297721540366454      -0.6930429453575975      0.0017230028803008       
0.6228150993942430       -0.6930429453575975      0.0017230028803008       
0.6228150993942430       -0.9297721540366454      0.0017230028803008       
-0.9297721540366454      0.6228150993942430       0.0017230028803008       
-0.6930429453575975      0.6228150993942430       0.0017230028803008       
-0.6930429453575975      -0.9297721540366454      0.0017230028803008       
-0.9317851798044828      -0.6314199724751912      0.0018036900816250       
0.5632051522796739       -0.6314199724751912      0.0018036900816250       
0.5632051522796739       -0.9317851798044828      0.0018036900816250       
-0.9317851798044828      0.5632051522796739       0.0018036900816250       
-0.6314199724751912      0.5632051522796739       0.0018036900816250       
-0.6314199724751912      -0.9317851798044828      0.0018036900816250       
-0.9335184882383700      -0.5656076618811141      0.0018606058596938       
0.4991261501194841       -0.5656076618811141      0.0018606058596938       
0.4991261501194841       -0.9335184882383700      0.0018606058596938       
-0.9335184882383700      0.4991261501194841       0.0018606058596938       
-0.5656076618811141      0.4991261501194841       0.0018606058596938       
-0.5656076618811141      -0.9335184882383700      0.0018606058596938       
-0.9353059624586580      -0.4960456589364841      0.0019049884135312       
0.4313516213951420       -0.4960456589364841      0.0019049884135312       
0.4313516213951420       -0.9353059624586580      0.0019049884135312       
-0.9353059624586580      0.4313516213951420       0.0019049884135312       
-0.4960456589364840      0.4313516213951420       0.0019049884135312       
-0.4960456589364840      -0.9353059624586580      0.0019049884135312       
-0.9371261475706314      -0.4232009334719271      0.0019189469007944       
0.3603270810425585       -0.4232009334719271      0.0019189469007944       
0.3603270810425585       -0.9371261475706314      0.0019189469007944       
-0.9371261475706314      0.3603270810425585       0.0019189469007944       
-0.4232009334719271      0.3603270810425585       0.0019189469007944       
-0.4232009334719271      -0.9371261475706314      0.0019189469007944       
-0.9391738497274086      -0.3474564829092406      0.0019308324254202       
0.2866303326366492       -0.3474564829092406      0.0019308324254202       
0.2866303326366493       -0.9391738497274086      0.0019308324254202       
-0.9391738497274088      0.2866303326366493       0.0019308324254202       
-0.3474564829092404      0.2866303326366493       0.0019308324254202       
-0.3474564829092404      -0.9391738497274086      0.0019308324254202       
-0.9414315025370547      -0.2692421320204852      0.0019076183539770       
0.2106736345575397       -0.2692421320204852      0.0019076183539770       
0.2106736345575397       -0.9414315025370547      0.0019076183539770       
-0.9414315025370547      0.2106736345575397       0.0019076183539770       
-0.2692421320204852      0.2106736345575397       0.0019076183539770       
-0.2692421320204852      -0.9414315025370547      0.0019076183539770       
-0.9433640977334196      -0.1892884328342856      0.0018734127372892       
0.1326525305677053       -0.1892884328342856      0.0018734127372892       
0.1326525305677053       -0.9433640977334196      0.0018734127372892       
-0.9433640977334196      0.1326525305677053       0.0018734127372892       
-0.1892884328342856      0.1326525305677053       0.0018734127372892       
-0.1892884328342856      -0.9433640977334196      0.0018734127372892       
-0.9455375559263908      -0.1080399971279515      0.0018248788380730       
0.0535775530543423       -0.1080399971279515      0.0018248788380730       
0.0535775530543423       -0.9455375559263908      0.0018248788380730       
-0.9455375559263908      0.0535775530543423       0.0018248788380730       
-0.1080399971279515      0.0535775530543423       0.0018248788380730       
-0.1080399971279515      -0.9455375559263908      0.0018248788380730       
-0.8921454174549153      -0.8499219946113319      0.0015890242472080       
0.7420674120662472       -0.8499219946113319      0.0015890242472080       
0.7420674120662472       -0.8921454174549153      0.0015890242472080       
-0.8921454174549154      0.7420674120662472       0.0015890242472080       
-0.8499219946113318      0.7420674120662472       0.0015890242472080       
-0.8499219946113319      -0.8921454174549153      0.0015890242472080       
-0.8939676211594467      -0.8039598307278695      0.0017553370433219       
0.6979274518873162       -0.8039598307278695      0.0017553370433219       
0.6979274518873162       -0.8939676211594465      0.0017553370433219       
-0.8939676211594466      0.6979274518873162       0.0017553370433219       
-0.8039598307278696      0.6979274518873162       0.0017553370433219       
-0.8039598307278697      -0.8939676211594465      0.0017553370433219       
-0.8960303888924679      -0.7526348687731839      0.0018970930487827       
0.6486652576656518       -0.7526348687731839      0.0018970930487827       
0.6486652576656516       -0.8960303888924680      0.0018970930487827       
-0.8960303888924680      0.6486652576656518       0.0018970930487827       
-0.7526348687731838      0.6486652576656518       0.0018970930487827       
-0.7526348687731838      -0.8960303888924680      0.0018970930487827       
-0.8978202126967842      -0.6963766693358600      0.0020281368868708       
0.5941968820326442       -0.6963766693358600      0.0020281368868708       
0.5941968820326441       -0.8978202126967844      0.0020281368868708       
-0.8978202126967844      0.5941968820326442       0.0020281368868708       
-0.6963766693358598      0.5941968820326442       0.0020281368868708       
-0.6963766693358598      -0.8978202126967844      0.0020281368868708       
-0.9005896169108851      -0.6354550059736783      0.0021303530808309       
0.5360446228845634       -0.6354550059736783      0.0021303530808309       
0.5360446228845634       -0.9005896169108851      0.0021303530808309       
-0.9005896169108851      0.5360446228845634       0.0021303530808309       
-0.6354550059736783      0.5360446228845634       0.0021303530808309       
-0.6354550059736783      -0.9005896169108851      0.0021303530808309       
-0.9032259361227664      -0.5703938990848016      0.0021964718651244       
0.4736198352075680       -0.5703938990848016      0.0021964718651244       
0.4736198352075680       -0.9032259361227664      0.0021964718651244       
-0.9032259361227664      0.4736198352075680       0.0021964718651244       
-0.5703938990848016      0.4736198352075680       0.0021964718651244       
-0.5703938990848016      -0.9032259361227664      0.0021964718651244       
-0.9058153057018981      -0.5016389660571763      0.0022441061063880       
0.4074542717590743       -0.5016389660571763      0.0022441061063880       
0.4074542717590744       -0.9058153057018981      0.0022441061063880       
-0.9058153057018982      0.4074542717590744       0.0022441061063880       
-0.5016389660571762      0.4074542717590744       0.0022441061063880       
-0.5016389660571762      -0.9058153057018981      0.0022441061063880       
-0.9086238938062740      -0.4296447097848614      0.0022582051684031       
0.3382686035911356       -0.4296447097848614      0.0022582051684031       
0.3382686035911356       -0.9086238938062740      0.0022582051684031       
-0.9086238938062740      0.3382686035911356       0.0022582051684031       
-0.4296447097848614      0.3382686035911356       0.0022582051684031       
-0.4296447097848614      -0.9086238938062740      0.0022582051684031       
-0.9115248705243753      -0.3549753375297635      0.0022506967828788       
0.2665002080541388       -0.3549753375297635      0.0022506967828788       
0.2665002080541388       -0.9115248705243753      0.0022506967828788       
-0.9115248705243753      0.2665002080541388       0.0022506967828788       
-0.3549753375297635      0.2665002080541388       0.0022506967828788       
-0.3549753375297635      -0.9115248705243753      0.0022506967828788       
-0.9146644147163214      -0.2780785001473081      0.0022430693802867       
0.1927429148636296       -0.2780785001473081      0.0022430693802867       
0.1927429148636295       -0.9146644147163214      0.0022430693802867       
-0.9146644147163214      0.1927429148636295       0.0022430693802867       
-0.2780785001473082      0.1927429148636295       0.0022430693802867       
-0.2780785001473082      -0.9146644147163214      0.0022430693802867       
-0.9176802680395292      -0.1994183074183378      0.0021838381251315       
0.1170985754578670       -0.1994183074183378      0.0021838381251315       
0.1170985754578670       -0.9176802680395292      0.0021838381251315       
-0.9176802680395292      0.1170985754578670       0.0021838381251315       
-0.1994183074183378      0.1170985754578670       0.0021838381251315       
-0.1994183074183378      -0.9176802680395292      0.0021838381251315       
-0.9208014310814018      -0.1192329068687134      0.0021281374855991       
0.0400343379501154       -0.1192329068687134      0.0021281374855991       
0.0400343379501153       -0.9208014310814018      0.0021281374855991       
-0.9208014310814018      0.0400343379501154       0.0021281374855991       
-0.1192329068687134      0.0400343379501154       0.0021281374855991       
-0.1192329068687135      -0.9208014310814018      0.0021281374855991       
-0.8549504899968599      -0.8068784722500244      0.0020058923513078       
0.6618289622468843       -0.8068784722500244      0.0020058923513078       
0.6618289622468843       -0.8549504899968599      0.0020058923513078       
-0.8549504899968599      0.6618289622468843       0.0020058923513078       
-0.8068784722500244      0.6618289622468843       0.0020058923513078       
-0.8068784722500244      -0.8549504899968599      0.0020058923513078       
-0.8578893330485633      -0.7561445573703287      0.0021669991541289       
0.6140338904188920       -0.7561445573703287      0.0021669991541289       
0.6140338904188920       -0.8578893330485633      0.0021669991541289       
-0.8578893330485633      0.6140338904188920       0.0021669991541289       
-0.7561445573703287      0.6140338904188920       0.0021669991541289       
-0.7561445573703287      -0.8578893330485633      0.0021669991541289       
-0.8604148716036355      -0.7005835621297880      0.0023041245771470       
0.5609984337334235       -0.7005835621297880      0.0023041245771470       
0.5609984337334235       -0.8604148716036355      0.0023041245771470       
-0.8604148716036356      0.5609984337334235       0.0023041245771470       
-0.7005835621297879      0.5609984337334235       0.0023041245771470       
-0.7005835621297880      -0.8604148716036355      0.0023041245771470       
-0.8639331626786315      -0.6404709228671841      0.0024233183756364       
0.5044040855458156       -0.6404709228671841      0.0024233183756364       
0.5044040855458157       -0.8639331626786314      0.0024233183756364       
-0.8639331626786314      0.5044040855458156       0.0024233183756364       
-0.6404709228671842      0.5044040855458156       0.0024233183756364       
-0.6404709228671842      -0.8639331626786314      0.0024233183756364       
-0.8675728851633147      -0.5763667795461542      0.0024994589621373       
0.4439396647094689       -0.5763667795461542      0.0024994589621373       
0.4439396647094689       -0.8675728851633147      0.0024994589621373       
-0.8675728851633147      0.4439396647094689       0.0024994589621373       
-0.5763667795461542      0.4439396647094689       0.0024994589621373       
-0.5763667795461542      -0.8675728851633147      0.0024994589621373       
-0.8711974509374976      -0.5087632888823266      0.0025399648354269       
0.3799607398198242       -0.5087632888823266      0.0025399648354269       
0.3799607398198242       -0.8711974509374976      0.0025399648354269       
-0.8711974509374975      0.3799607398198242       0.0025399648354269       
-0.5087632888823267      0.3799607398198242       0.0025399648354269       
-0.5087632888823267      -0.8711974509374976      0.0025399648354269       
-0.8750811939957122      -0.4380011682028800      0.0025633838335747       
0.3130823621985922       -0.4380011682028800      0.0025633838335747       
0.3130823621985921       -0.8750811939957122      0.0025633838335747       
-0.8750811939957120      0.3130823621985921       0.0025633838335747       
-0.4380011682028800      0.3130823621985921       0.0025633838335747       
-0.4380011682028800      -0.8750811939957122      0.0025633838335747       
-0.8791977922546910      -0.3644191079558660      0.0025502828711313       
0.2436169002105570       -0.3644191079558660      0.0025502828711313       
0.2436169002105570       -0.8791977922546910      0.0025502828711313       
-0.8791977922546910      0.2436169002105570       0.0025502828711313       
-0.3644191079558660      0.2436169002105570       0.0025502828711313       
-0.3644191079558660      -0.8791977922546910      0.0025502828711313       
-0.8831626163310771      -0.2885392576946848      0.0025465735664931       
0.1717018740257619       -0.2885392576946848      0.0025465735664931       
0.1717018740257619       -0.8831626163310771      0.0025465735664931       
-0.8831626163310771      0.1717018740257619       0.0025465735664931       
-0.2885392576946848      0.1717018740257619       0.0025465735664931       
-0.2885392576946848      -0.8831626163310771      0.0025465735664931       
-0.8875837162152930      -0.2107359117943913      0.0024832156440083       
0.0983196280096843       -0.2107359117943913      0.0024832156440083       
0.0983196280096843       -0.8875837162152931      0.0024832156440083       
-0.8875837162152930      0.0983196280096843       0.0024832156440083       
-0.2107359117943913      0.0983196280096843       0.0024832156440083       
-0.2107359117943913      -0.8875837162152931      0.0024832156440083       
-0.8919880684215712      -0.1317050622172694      0.0023939037084408       
0.0236931306388406       -0.1317050622172694      0.0023939037084408       
0.0236931306388406       -0.8919880684215712      0.0023939037084408       
-0.8919880684215712      0.0236931306388406       0.0023939037084408       
-0.1317050622172694      0.0236931306388406       0.0023939037084408       
-0.1317050622172694      -0.8919880684215712      0.0023939037084408       
-0.8142570262894187      -0.7605534304741579      0.0024029976260775       
0.5748104567635766       -0.7605534304741579      0.0024029976260775       
0.5748104567635766       -0.8142570262894187      0.0024029976260775       
-0.8142570262894185      0.5748104567635766       0.0024029976260775       
-0.7605534304741580      0.5748104567635766       0.0024029976260775       
-0.7605534304741579      -0.8142570262894187      0.0024029976260775       
-0.8178257092858152      -0.7059472929900465      0.0025439514519917       
0.5237730022758618       -0.7059472929900465      0.0025439514519917       
0.5237730022758618       -0.8178257092858152      0.0025439514519917       
-0.8178257092858152      0.5237730022758618       0.0025439514519917       
-0.7059472929900465      0.5237730022758618       0.0025439514519917       
-0.7059472929900465      -0.8178257092858152      0.0025439514519917       
-0.8221117105619788      -0.6468072731717533      0.0026823523726886       
0.4689189837337322       -0.6468072731717533      0.0026823523726886       
0.4689189837337322       -0.8221117105619788      0.0026823523726886       
-0.8221117105619788      0.4689189837337322       0.0026823523726886       
-0.6468072731717533      0.4689189837337322       0.0026823523726886       
-0.6468072731717533      -0.8221117105619788      0.0026823523726886       
-0.8267726002180720      -0.5835553390044004      0.0027815168616546       
0.4103279392224724       -0.5835553390044004      0.0027815168616546       
0.4103279392224724       -0.8267726002180720      0.0027815168616546       
-0.8267726002180720      0.4103279392224724       0.0027815168616546       
-0.5835553390044004      0.4103279392224724       0.0027815168616546       
-0.5835553390044004      -0.8267726002180720      0.0027815168616546       
-0.8316929940187578      -0.5166744657412494      0.0028279092768601       
0.3483674597600072       -0.5166744657412494      0.0028279092768601       
0.3483674597600072       -0.8316929940187578      0.0028279092768601       
-0.8316929940187578      0.3483674597600072       0.0028279092768601       
-0.5166744657412494      0.3483674597600072       0.0028279092768601       
-0.5166744657412494      -0.8316929940187578      0.0028279092768601       
-0.8368201839131724      -0.4467525532414832      0.0028376124424574       
0.2835727371546556       -0.4467525532414832      0.0028376124424574       
0.2835727371546557       -0.8368201839131725      0.0028376124424574       
-0.8368201839131725      0.2835727371546557       0.0028376124424574       
-0.4467525532414832      0.2835727371546557       0.0028376124424574       
-0.4467525532414832      -0.8368201839131725      0.0028376124424574       
-0.8423031383782067      -0.3743559052195416      0.0028200895109887       
0.2166590435977482       -0.3743559052195416      0.0028200895109887       
0.2166590435977483       -0.8423031383782067      0.0028200895109887       
-0.8423031383782067      0.2166590435977482       0.0028200895109887       
-0.3743559052195416      0.2166590435977482       0.0028200895109887       
-0.3743559052195416      -0.8423031383782067      0.0028200895109887       
-0.8474237646764261      -0.3001345348152871      0.0027704461151116       
0.1475582994917133       -0.3001345348152871      0.0027704461151116       
0.1475582994917133       -0.8474237646764262      0.0027704461151116       
-0.8474237646764261      0.1475582994917133       0.0027704461151116       
-0.3001345348152872      0.1475582994917133       0.0027704461151116       
-0.3001345348152872      -0.8474237646764262      0.0027704461151116       
-0.8530706997073922      -0.2240387387582321      0.0027366341324508       
0.0771094384656244       -0.2240387387582321      0.0027366341324508       
0.0771094384656244       -0.8530706997073922      0.0027366341324508       
-0.8530706997073922      0.0771094384656244       0.0027366341324508       
-0.2240387387582321      0.0771094384656244       0.0027366341324508       
-0.2240387387582321      -0.8530706997073922      0.0027366341324508       
-0.8589964567230408      -0.1463268026086584      0.0026621910014224       
0.0053232593316992       -0.1463268026086584      0.0026621910014224       
0.0053232593316992       -0.8589964567230408      0.0026621910014224       
-0.8589964567230408      0.0053232593316992       0.0026621910014224       
-0.1463268026086584      0.0053232593316992       0.0026621910014224       
-0.1463268026086584      -0.8589964567230408      0.0026621910014224       
-0.7703650647853564      -0.7116629132617001      0.0027607797043395       
0.4820279780470565       -0.7116629132617001      0.0027607797043395       
0.4820279780470565       -0.7703650647853562      0.0027607797043395       
-0.7703650647853563      0.4820279780470564       0.0027607797043395       
-0.7116629132617002      0.4820279780470564       0.0027607797043395       
-0.7116629132617003      -0.7703650647853562      0.0027607797043395       
-0.7755359459752689      -0.6535248974930838      0.0029016489534321       
0.4290608434683527       -0.6535248974930838      0.0029016489534321       
0.4290608434683527       -0.7755359459752689      0.0029016489534321       
-0.7755359459752689      0.4290608434683527       0.0029016489534321       
-0.6535248974930838      0.4290608434683527       0.0029016489534321       
-0.6535248974930838      -0.7755359459752689      0.0029016489534321       
-0.7812317390057548      -0.5914563227739500      0.0030007319705972       
0.3726880617797048       -0.5914563227739500      0.0030007319705972       
0.3726880617797048       -0.7812317390057548      0.0030007319705972       
-0.7812317390057548      0.3726880617797048       0.0030007319705972       
-0.5914563227739500      0.3726880617797048       0.0030007319705972       
-0.5914563227739500      -0.7812317390057548      0.0030007319705972       
-0.7874429315205407      -0.5259371840173126      0.0030589940116094       
0.3133801155378532       -0.5259371840173126      0.0030589940116094       
0.3133801155378533       -0.7874429315205407      0.0030589940116094       
-0.7874429315205408      0.3133801155378533       0.0030589940116094       
-0.5259371840173125      0.3133801155378533       0.0030589940116094       
-0.5259371840173125      -0.7874429315205407      0.0030589940116094       
-0.7940647500238498      -0.4573812266634982      0.0030650797901933       
0.2514459766873480       -0.4573812266634982      0.0030650797901933       
0.2514459766873480       -0.7940647500238498      0.0030650797901933       
-0.7940647500238498      0.2514459766873480       0.0030650797901933       
-0.4573812266634982      0.2514459766873480       0.0030650797901933       
-0.4573812266634982      -0.7940647500238498      0.0030650797901933       
-0.8008129456340075      -0.3862545681891117      0.0030681037957286       
0.1870675138231192       -0.3862545681891117      0.0030681037957286       
0.1870675138231192       -0.8008129456340076      0.0030681037957286       
-0.8008129456340075      0.1870675138231192       0.0030681037957286       
-0.3862545681891118      0.1870675138231192       0.0030681037957286       
-0.3862545681891118      -0.8008129456340076      0.0030681037957286       
-0.8076791050762577      -0.3131015955974384      0.0029971661053742       
0.1207807006736960       -0.3131015955974384      0.0029971661053742       
0.1207807006736960       -0.8076791050762577      0.0029971661053742       
-0.8076791050762577      0.1207807006736960       0.0029971661053742       
-0.3131015955974384      0.1207807006736960       0.0029971661053742       
-0.3131015955974384      -0.8076791050762577      0.0029971661053742       
-0.8145625203406073      -0.2385153174064176      0.0029275540177747       
0.0530778377470249       -0.2385153174064176      0.0029275540177747       
0.0530778377470249       -0.8145625203406073      0.0029275540177747       
-0.8145625203406073      0.0530778377470249       0.0029275540177747       
-0.2385153174064176      0.0530778377470249       0.0029275540177747       
-0.2385153174064176      -0.8145625203406073      0.0029275540177747       
-0.8216952044893902      -0.1626576923461404      0.0028870383861901       
-0.0156471031644694      -0.1626576923461404      0.0028870383861901       
-0.0156471031644694      -0.8216952044893900      0.0028870383861901       
-0.8216952044893902      -0.0156471031644694      0.0028870383861901       
-0.1626576923461404      -0.0156471031644694      0.0028870383861901       
-0.1626576923461404      -0.8216952044893900      0.0028870383861901       
-0.7244427050557352      -0.6617003378663278      0.0030664132573249       
0.3861430429220629       -0.6617003378663278      0.0030664132573249       
0.3861430429220629       -0.7244427050557352      0.0030664132573249       
-0.7244427050557352      0.3861430429220629       0.0030664132573249       
-0.6617003378663278      0.3861430429220629       0.0030664132573249       
-0.6617003378663278      -0.7244427050557352      0.0030664132573249       
-0.7313095366031501      -0.6009939671941891      0.0031839891493201       
0.3323035037973392       -0.6009939671941891      0.0031839891493201       
0.3323035037973392       -0.7313095366031503      0.0031839891493201       
-0.7313095366031502      0.3323035037973392       0.0031839891493201       
-0.6009939671941890      0.3323035037973392       0.0031839891493201       
-0.6009939671941890      -0.7313095366031503      0.0031839891493201       
-0.7387615858599299      -0.5365669254289536      0.0032639704234809       
0.2753285112888834       -0.5365669254289536      0.0032639704234809       
0.2753285112888834       -0.7387615858599299      0.0032639704234809       
-0.7387615858599299      0.2753285112888834       0.0032639704234809       
-0.5365669254289536      0.2753285112888834       0.0032639704234809       
-0.5365669254289536      -0.7387615858599299      0.0032639704234809       
-0.7470480815830634      -0.4690153436078206      0.0032776398307566       
0.2160634251908840       -0.4690153436078206      0.0032776398307566       
0.2160634251908840       -0.7470480815830634      0.0032776398307566       
-0.7470480815830634      0.2160634251908840       0.0032776398307566       
-0.4690153436078206      0.2160634251908840       0.0032776398307566       
-0.4690153436078206      -0.7470480815830634      0.0032776398307566       
-0.7552169234583525      -0.3992244921654610      0.0032469943839342       
0.1544414156238134       -0.3992244921654610      0.0032469943839342       
0.1544414156238134       -0.7552169234583523      0.0032469943839342       
-0.7552169234583525      0.1544414156238134       0.0032469943839342       
-0.3992244921654610      0.1544414156238134       0.0032469943839342       
-0.3992244921654610      -0.7552169234583523      0.0032469943839342       
-0.7637818996908620      -0.3275267237504082      0.0032004157098958       
0.0913086234412701       -0.3275267237504082      0.0032004157098958       
0.0913086234412701       -0.7637818996908620      0.0032004157098958       
-0.7637818996908620      0.0913086234412701       0.0032004157098958       
-0.3275267237504082      0.0913086234412701       0.0032004157098958       
-0.3275267237504082      -0.7637818996908620      0.0032004157098958       
-0.7724502372783542      -0.2543470707037710      0.0030981108216920       
0.0267973079821251       -0.2543470707037710      0.0030981108216920       
0.0267973079821251       -0.7724502372783542      0.0030981108216920       
-0.7724502372783542      0.0267973079821251       0.0030981108216920       
-0.2543470707037710      0.0267973079821251       0.0030981108216920       
-0.2543470707037710      -0.7724502372783542      0.0030981108216920       
-0.7806583149464807      -0.1803378882717956      0.0030120822157126       
-0.0390037967817238      -0.1803378882717956      0.0030120822157126       
-0.0390037967817238      -0.7806583149464807      0.0030120822157126       
-0.7806583149464807      -0.0390037967817238      0.0030120822157126       
-0.1803378882717956      -0.0390037967817238      0.0030120822157126       
-0.1803378882717956      -0.7806583149464807      0.0030120822157126       
-0.6775544819371371      -0.6104820553124992      0.0032931999586955       
0.2880365372496363       -0.6104820553124992      0.0032931999586955       
0.2880365372496363       -0.6775544819371371      0.0032931999586955       
-0.6775544819371371      0.2880365372496363       0.0032931999586955       
-0.6104820553124992      0.2880365372496363       0.0032931999586955       
-0.6104820553124992      -0.6775544819371371      0.0032931999586955       
-0.6862755803419963      -0.5480068676858139      0.0033725280006914       
0.2342824480278100       -0.5480068676858139      0.0033725280006914       
0.2342824480278100       -0.6862755803419964      0.0033725280006914       
-0.6862755803419963      0.2342824480278100       0.0033725280006914       
-0.5480068676858137      0.2342824480278100       0.0033725280006914       
-0.5480068676858137      -0.6862755803419964      0.0033725280006914       
-0.6958915657186866      -0.4821237655737172      0.0034391728753381       
0.1780153312924038       -0.4821237655737172      0.0034391728753381       
0.1780153312924038       -0.6958915657186866      0.0034391728753381       
-0.6958915657186866      0.1780153312924038       0.0034391728753381       
-0.4821237655737172      0.1780153312924038       0.0034391728753381       
-0.4821237655737172      -0.6958915657186866      0.0034391728753381       
-0.7059581094881846      -0.4135622897138538      0.0033972489525227       
0.1195203992020384       -0.4135622897138538      0.0033972489525227       
0.1195203992020384       -0.7059581094881846      0.0033972489525227       
-0.7059581094881846      0.1195203992020384       0.0033972489525227       
-0.4135622897138538      0.1195203992020384       0.0033972489525227       
-0.4135622897138538      -0.7059581094881846      0.0033972489525227       
-0.7160366881943823      -0.3433760731094140      0.0033255096773994       
0.0594127613037962       -0.3433760731094140      0.0033255096773994       
0.0594127613037963       -0.7160366881943823      0.0033255096773994       
-0.7160366881943823      0.0594127613037962       0.0033255096773994       
-0.3433760731094140      0.0594127613037962       0.0033255096773994       
-0.3433760731094140      -0.7160366881943823      0.0033255096773994       
-0.7265305282846082      -0.2720810637998176      0.0032357851915973       
-0.0013884079155742      -0.2720810637998176      0.0032357851915973       
-0.0013884079155742      -0.7265305282846081      0.0032357851915973       
-0.7265305282846082      -0.0013884079155742      0.0032357851915973       
-0.2720810637998176      -0.0013884079155742      0.0032357851915973       
-0.2720810637998176      -0.7265305282846081      0.0032357851915973       
-0.7368096870454879      -0.1998760568981757      0.0030808264209219       
-0.0633142560563363      -0.1998760568981757      0.0030808264209219       
-0.0633142560563363      -0.7368096870454879      0.0030808264209219       
-0.7368096870454879      -0.0633142560563363      0.0030808264209219       
-0.1998760568981757      -0.0633142560563363      0.0030808264209219       
-0.1998760568981757      -0.7368096870454879      0.0030808264209219       
-0.6306083537032052      -0.5595438145492289      0.0034361907773847       
0.1901521682524340       -0.5595438145492289      0.0034361907773847       
0.1901521682524341       -0.6306083537032052      0.0034361907773847       
-0.6306083537032052      0.1901521682524341       0.0034361907773847       
-0.5595438145492289      0.1901521682524341       0.0034361907773847       
-0.5595438145492289      -0.6306083537032052      0.0034361907773847       
-0.6413222888131627      -0.4958588677026823      0.0034909600017741       
0.1371811565158450       -0.4958588677026823      0.0034909600017741       
0.1371811565158450       -0.6413222888131627      0.0034909600017741       
-0.6413222888131627      0.1371811565158450       0.0034909600017741       
-0.4958588677026823      0.1371811565158450       0.0034909600017741       
-0.4958588677026823      -0.6413222888131627      0.0034909600017741       
-0.6531884605654203      -0.4291670931617697      0.0035062269632702       
0.0823555537271900       -0.4291670931617697      0.0035062269632702       
0.0823555537271900       -0.6531884605654203      0.0035062269632702       
-0.6531884605654203      0.0823555537271900       0.0035062269632702       
-0.4291670931617697      0.0823555537271900       0.0035062269632702       
-0.4291670931617697      -0.6531884605654203      0.0035062269632702       
-0.6653076888853510      -0.3602139801544100      0.0034200075067578       
0.0255216690397611       -0.3602139801544100      0.0034200075067578       
0.0255216690397611       -0.6653076888853509      0.0034200075067578       
-0.6653076888853510      0.0255216690397611       0.0034200075067578       
-0.3602139801544101      0.0255216690397611       0.0034200075067578       
-0.3602139801544101      -0.6653076888853509      0.0034200075067578       
-0.6774022273143094      -0.2902059330913709      0.0033027484065695       
-0.0323918395943197      -0.2902059330913709      0.0033027484065695       
-0.0323918395943197      -0.6774022273143094      0.0033027484065695       
-0.6774022273143094      -0.0323918395943197      0.0033027484065695       
-0.2902059330913709      -0.0323918395943197      0.0033027484065695       
-0.2902059330913709      -0.6774022273143094      0.0033027484065695       
-0.6902179419683615      -0.2197485652597806      0.0031429995182993       
-0.0900334927718579      -0.2197485652597806      0.0031429995182993       
-0.0900334927718579      -0.6902179419683615      0.0031429995182993       
-0.6902179419683615      -0.0900334927718580      0.0031429995182993       
-0.2197485652597806      -0.0900334927718580      0.0031429995182993       
-0.2197485652597806      -0.6902179419683615      0.0031429995182993       
-0.5842859707223627      -0.5097529053092158      0.0035116450415523       
0.0940388760315784       -0.5097529053092158      0.0035116450415523       
0.0940388760315784       -0.5842859707223627      0.0035116450415523       
-0.5842859707223627      0.0940388760315784       0.0035116450415523       
-0.5097529053092158      0.0940388760315784       0.0035116450415523       
-0.5097529053092158      -0.5842859707223627      0.0035116450415523       
-0.5975419364441235      -0.4449686371158084      0.0035255419391119       
0.0425105735599318       -0.4449686371158084      0.0035255419391119       
0.0425105735599318       -0.5975419364441235      0.0035255419391119       
-0.5975419364441235      0.0425105735599318       0.0035255419391119       
-0.4449686371158084      0.0425105735599318       0.0035255419391119       
-0.4449686371158084      -0.5975419364441235      0.0035255419391119       
-0.6118295986232890      -0.3779253718813149      0.0034643795340413       
-0.0102450294953961      -0.3779253718813149      0.0034643795340413       
-0.0102450294953961      -0.6118295986232889      0.0034643795340413       
-0.6118295986232890      -0.0102450294953961      0.0034643795340413       
-0.3779253718813149      -0.0102450294953961      0.0034643795340413       
-0.3779253718813149      -0.6118295986232889      0.0034643795340413       
-0.6262123651094067      -0.3096040209056209      0.0032883894674780       
-0.0641836139849725      -0.3096040209056209      0.0032883894674780       
-0.0641836139849725      -0.6262123651094068      0.0032883894674780       
-0.6262123651094067      -0.0641836139849725      0.0032883894674780       
-0.3096040209056209      -0.0641836139849725      0.0032883894674780       
-0.3096040209056209      -0.6262123651094068      0.0032883894674780       
-0.6406083857195359      -0.2410454249014044      0.0031511142973323       
-0.1183461893790598      -0.2410454249014044      0.0031511142973323       
-0.1183461893790598      -0.6406083857195360      0.0031511142973323       
-0.6406083857195359      -0.1183461893790598      0.0031511142973323       
-0.2410454249014043      -0.1183461893790598      0.0031511142973323       
-0.2410454249014043      -0.6406083857195360      0.0031511142973323       
-0.5397624271313023      -0.4620306838216926      0.0034965584927659       
0.0017931109529949       -0.4620306838216926      0.0034965584927659       
0.0017931109529949       -0.5397624271313024      0.0034965584927659       
-0.5397624271313023      0.0017931109529949       0.0034965584927659       
-0.4620306838216927      0.0017931109529949       0.0034965584927659       
-0.4620306838216927      -0.5397624271313024      0.0034965584927659       
-0.5556283049031054      -0.3967238092490615      0.0034739804358217       
-0.0476478858478331      -0.3967238092490615      0.0034739804358217       
-0.0476478858478331      -0.5556283049031054      0.0034739804358217       
-0.5556283049031054      -0.0476478858478331      0.0034739804358217       
-0.3967238092490615      -0.0476478858478331      0.0034739804358217       
-0.3967238092490615      -0.5556283049031054      0.0034739804358217       
-0.5726702980754381      -0.3300633945648992      0.0033249713879489       
-0.0972663073596627      -0.3300633945648992      0.0033249713879489       
-0.0972663073596627      -0.5726702980754381      0.0033249713879489       
-0.5726702980754381      -0.0972663073596627      0.0033249713879489       
-0.3300633945648992      -0.0972663073596627      0.0033249713879489       
-0.3300633945648992      -0.5726702980754381      0.0033249713879489       
-0.5889863658362173      -0.2638108138918801      0.0031126960575489       
-0.1472028202719025      -0.2638108138918801      0.0031126960575489       
-0.1472028202719025      -0.5889863658362172      0.0031126960575489       
-0.5889863658362173      -0.1472028202719025      0.0031126960575489       
-0.2638108138918802      -0.1472028202719025      0.0031126960575489       
-0.2638108138918802      -0.5889863658362172      0.0031126960575489       
-0.4975685458118153      -0.4166210345774255      0.0034450853218009       
-0.0858104196107592      -0.4166210345774255      0.0034450853218009       
-0.0858104196107592      -0.4975685458118153      0.0034450853218009       
-0.4975685458118153      -0.0858104196107592      0.0034450853218009       
-0.4166210345774255      -0.0858104196107592      0.0034450853218009       
-0.4166210345774255      -0.4975685458118153      0.0034450853218009       
-0.5160865848714256      -0.3512123040632611      0.0033674088790711       
-0.1327011110653133      -0.3512123040632611      0.0033674088790711       
-0.1327011110653133      -0.5160865848714256      0.0033674088790711       
-0.5160865848714256      -0.1327011110653133      0.0033674088790711       
-0.3512123040632612      -0.1327011110653133      0.0033674088790711       
-0.3512123040632612      -0.5160865848714256      0.0033674088790711       
-0.5344322545573003      -0.2868431936742990      0.0031469442228342       
-0.1787245517684006      -0.2868431936742990      0.0031469442228342       
-0.1787245517684006      -0.5344322545573004      0.0031469442228342       
-0.5344322545573003      -0.1787245517684006      0.0031469442228342       
-0.2868431936742991      -0.1787245517684006      0.0031469442228342       
-0.2868431936742991      -0.5344322545573004      0.0031469442228342       
-0.4577966069347553      -0.3737742929909204      0.0033155217913513       
-0.1684291000743245      -0.3737742929909204      0.0033155217913513       
-0.1684291000743245      -0.4577966069347553      0.0033155217913513       
-0.4577966069347553      -0.1684291000743245      0.0033155217913513       
-0.3737742929909203      -0.1684291000743245      0.0033155217913513       
-0.3737742929909203      -0.4577966069347553      0.0033155217913513       
-0.4775573487301012      -0.3108630003674120      0.0029262646696052       
-0.2115796509024868      -0.3108630003674120      0.0029262646696052       
-0.2115796509024868      -0.4775573487301012      0.0029262646696052       
-0.4775573487301012      -0.2115796509024868      0.0029262646696052       
-0.3108630003674120      -0.2115796509024868      0.0029262646696052       
-0.3108630003674120      -0.4775573487301012      0.0029262646696052       
-0.4236989847768998      -0.3341892889331154      0.0027181994097547       
-0.2421117262899848      -0.3341892889331154      0.0027181994097547       
-0.2421117262899848      -0.4236989847768999      0.0027181994097547       
-0.4236989847768998      -0.2421117262899848      0.0027181994097547       
-0.3341892889331154      -0.2421117262899848      0.0027181994097547       
-0.3341892889331154      -0.4236989847768999      0.0027181994097547       
-0.3333333333333333      -0.3333333333333333      0.0032508849872969       
