centroid    numS21      numS111     
true (1)    34 (3)      136 (6)     

x                        y                        w                        
-0.9977331833874338      0.9954663667748676       0.0000338194304905       
-0.9977331833874338      -0.9977331833874338      0.0000338194304905       
0.9954663667748676       -0.9977331833874338      0.0000338194304905       
-0.9880800822770092      0.9761601645540184       0.0001819479370076       
-0.9880800822770092      -0.9880800822770092      0.0001819479370076       
0.9761601645540182       -0.9880800822770092      0.0001819479370076       
-0.9708468125629558      0.9416936251259116       0.0004422153352081       
-0.9708468125629558      -0.9708468125629558      0.0004422153352081       
0.9416936251259118       -0.9708468125629558      0.0004422153352081       
-0.9463614662082708      0.8927229324165415       0.0007995387417696       
-0.9463614662082708      -0.9463614662082708      0.0007995387417696       
0.8927229324165417       -0.9463614662082708      0.0007995387417696       
-0.9152142798112805      0.8304285596225607       0.0012315709025748       
-0.9152142798112805      -0.9152142798112805      0.0012315709025748       
0.8304285596225607       -0.9152142798112805      0.0012315709025748       
-0.8784042404434589      0.7568084808869178       0.0017030391444417       
-0.8784042404434589      -0.8784042404434589      0.0017030391444417       
0.7568084808869178       -0.8784042404434589      0.0017030391444417       
-0.8367482894156691      0.6734965788313383       0.0021976965321143       
-0.8367482894156691      -0.8367482894156691      0.0021976965321143       
0.6734965788313384       -0.8367482894156691      0.0021976965321143       
-0.7909787345110671      0.5819574690221343       0.0026695554575042       
-0.7909787345110671      -0.7909787345110671      0.0026695554575042       
0.5819574690221344       -0.7909787345110671      0.0026695554575042       
-0.7421123398605040      0.4842246797210079       0.0031132931888555       
-0.7421123398605041      -0.7421123398605038      0.0031132931888555       
0.4842246797210080       -0.7421123398605038      0.0031132931888555       
-0.6914237012503157      0.3828474025006314       0.0034615100038135       
-0.6914237012503157      -0.6914237012503157      0.0034615100038135       
0.3828474025006314       -0.6914237012503157      0.0034615100038135       
-0.6397937263113591      0.2795874526227183       0.0037201574537424       
-0.6397937263113591      -0.6397937263113591      0.0037201574537424       
0.2795874526227182       -0.6397937263113591      0.0037201574537424       
-0.5882620071326194      0.1765240142652390       0.0038868079683849       
-0.5882620071326194      -0.5882620071326194      0.0038868079683849       
0.1765240142652389       -0.5882620071326194      0.0038868079683849       
-0.5376698921602259      0.0753397843204518       0.0039305542731680       
-0.5376698921602259      -0.5376698921602259      0.0039305542731680       
0.0753397843204518       -0.5376698921602259      0.0039305542731680       
-0.4897505358132916      -0.0204989283734167      0.0039184877338681       
-0.4897505358132916      -0.4897505358132916      0.0039184877338681       
-0.0204989283734167      -0.4897505358132916      0.0039184877338681       
-0.4439032789174932      -0.1121934421650135      0.0038672873061216       
-0.4439032789174932      -0.4439032789174932      0.0038672873061216       
-0.1121934421650135      -0.4439032789174932      0.0038672873061216       
-0.4013740360998178      -0.1972519278003644      0.0036690729740836       
-0.4013740360998178      -0.4013740360998178      0.0036690729740836       
-0.1972519278003644      -0.4013740360998178      0.0036690729740836       
-0.3650232202826742      -0.2699535594346516      0.0034374183005244       
-0.3650232202826742      -0.3650232202826742      0.0034374183005244       
-0.2699535594346516      -0.3650232202826742      0.0034374183005244       
-0.0007876156000908      -0.9984247687998185      0.0003581622951928       
-0.0007876156000908      -0.0007876156000908      0.0003581622951928       
-0.9984247687998185      -0.0007876156000908      0.0003581622951928       
-0.0041010380916674      -0.9917979238166652      0.0008110631911315       
-0.0041010380916674      -0.0041010380916675      0.0008110631911315       
-0.9917979238166652      -0.0041010380916675      0.0008110631911315       
-0.0099074779543363      -0.9801850440913275      0.0012303689030188       
-0.0099074779543363      -0.0099074779543363      0.0012303689030188       
-0.9801850440913275      -0.0099074779543363      0.0012303689030188       
-0.0181497761800524      -0.9637004476398952      0.0016463327663961       
-0.0181497761800524      -0.0181497761800524      0.0016463327663961       
-0.9637004476398952      -0.0181497761800524      0.0016463327663961       
-0.0289558848322382      -0.9420882303355236      0.0020717675388857       
-0.0289558848322382      -0.0289558848322382      0.0020717675388857       
-0.9420882303355236      -0.0289558848322382      0.0020717675388857       
-0.0422731962170787      -0.9154536075658426      0.0024179331842699       
-0.0422731962170787      -0.0422731962170788      0.0024179331842699       
-0.9154536075658426      -0.0422731962170788      0.0024179331842699       
-0.0577207436822225      -0.8845585126355551      0.0026825100227657       
-0.0577207436822225      -0.0577207436822225      0.0026825100227657       
-0.8845585126355551      -0.0577207436822225      0.0026825100227657       
-0.0751055853338504      -0.8497888293322993      0.0029361447575953       
-0.0751055853338504      -0.0751055853338504      0.0029361447575953       
-0.8497888293322993      -0.0751055853338504      0.0029361447575953       
-0.0947474894796218      -0.8105050210407565      0.0031994887086842       
-0.0947474894796218      -0.0947474894796217      0.0031994887086842       
-0.8105050210407565      -0.0947474894796217      0.0031994887086842       
-0.1164783824232744      -0.7670432351534511      0.0033376557759707       
-0.1164783824232744      -0.1164783824232744      0.0033376557759707       
-0.7670432351534511      -0.1164783824232744      0.0033376557759707       
-0.1395567075814720      -0.7208865848370560      0.0033600067940384       
-0.1395567075814720      -0.1395567075814719      0.0033600067940384       
-0.7208865848370560      -0.1395567075814719      0.0033600067940384       
-0.1639303367822019      -0.6721393264355962      0.0033773654690579       
-0.1639303367822019      -0.1639303367822019      0.0033773654690579       
-0.6721393264355962      -0.1639303367822019      0.0033773654690579       
-0.1897991798304082      -0.6204016403391837      0.0033594887666467       
-0.1897991798304082      -0.1897991798304082      0.0033594887666467       
-0.6204016403391837      -0.1897991798304082      0.0033594887666467       
-0.2167567741197858      -0.5664864517604284      0.0032820023741595       
-0.2167567741197858      -0.2167567741197858      0.0032820023741595       
-0.5664864517604284      -0.2167567741197858      0.0032820023741595       
-0.2449809414955111      -0.5100381170089778      0.0029547089659298       
-0.2449809414955111      -0.2449809414955111      0.0029547089659298       
-0.5100381170089778      -0.2449809414955111      0.0029547089659298       
-0.2690450538273005      -0.4619098923453990      0.0021468369401068       
-0.2690450538273005      -0.2690450538273006      0.0021468369401068       
-0.4619098923453990      -0.2690450538273006      0.0021468369401068       
-0.2960804932014414      -0.4078390135971172      0.0031939617813499       
-0.2960804932014414      -0.2960804932014414      0.0031939617813499       
-0.4078390135971172      -0.2960804932014414      0.0031939617813499       
-0.9977341704726764      -0.9880732914568616      0.0000784636115475       
0.9858074619295378       -0.9880732914568616      0.0000784636115475       
0.9858074619295378       -0.9977341704726764      0.0000784636115475       
-0.9977341704726764      0.9858074619295378       0.0000784636115475       
-0.9880732914568616      0.9858074619295378       0.0000784636115475       
-0.9880732914568616      -0.9977341704726764      0.0000784636115475       
-0.9977384987149031      -0.9707643076187106      0.0001224104575487       
0.9685028063336136       -0.9707643076187106      0.0001224104575487       
0.9685028063336136       -0.9977384987149031      0.0001224104575487       
-0.9977384987149031      0.9685028063336136       0.0001224104575487       
-0.9707643076187106      0.9685028063336136       0.0001224104575487       
-0.9707643076187106      -0.9977384987149031      0.0001224104575487       
-0.9977477040845359      -0.9459236168305198      0.0001649667035256       
0.9436713209150558       -0.9459236168305198      0.0001649667035256       
0.9436713209150558       -0.9977477040845359      0.0001649667035256       
-0.9977477040845359      0.9436713209150558       0.0001649667035256       
-0.9459236168305198      0.9436713209150558       0.0001649667035256       
-0.9459236168305198      -0.9977477040845359      0.0001649667035256       
-0.9977672823616524      -0.9137275888792998      0.0002050528353711       
0.9114948712409520       -0.9137275888792998      0.0002050528353711       
0.9114948712409520       -0.9977672823616524      0.0002050528353711       
-0.9977672823616524      0.9114948712409520       0.0002050528353711       
-0.9137275888792998      0.9114948712409520       0.0002050528353711       
-0.9137275888792998      -0.9977672823616524      0.0002050528353711       
-0.9977962724126485      -0.8744083108629095      0.0002418863416450       
0.8722045832755578       -0.8744083108629095      0.0002418863416450       
0.8722045832755578       -0.9977962724126485      0.0002418863416450       
-0.9977962724126485      0.8722045832755578       0.0002418863416450       
-0.8744083108629095      0.8722045832755578       0.0002418863416450       
-0.8744083108629095      -0.9977962724126485      0.0002418863416450       
-0.9978417007804447      -0.8282519497920082      0.0002738738347526       
0.8260936505724528       -0.8282519497920082      0.0002738738347526       
0.8260936505724528       -0.9978417007804447      0.0002738738347526       
-0.9978417007804444      0.8260936505724528       0.0002738738347526       
-0.8282519497920083      0.8260936505724528       0.0002738738347526       
-0.8282519497920082      -0.9978417007804447      0.0002738738347526       
-0.9978923367260542      -0.7755982531280994      0.0003016036682791       
0.7734905898541535       -0.7755982531280994      0.0003016036682791       
0.7734905898541535       -0.9978923367260542      0.0003016036682791       
-0.9978923367260542      0.7734905898541535       0.0003016036682791       
-0.7755982531280994      0.7734905898541535       0.0003016036682791       
-0.7755982531280994      -0.9978923367260542      0.0003016036682791       
-0.9979058961374022      -0.7168425524265036      0.0003311415438442       
0.7147484485639057       -0.7168425524265036      0.0003311415438442       
0.7147484485639056       -0.9979058961374022      0.0003311415438442       
-0.9979058961374022      0.7147484485639057       0.0003311415438442       
-0.7168425524265035      0.7147484485639057       0.0003311415438442       
-0.7168425524265035      -0.9979058961374022      0.0003311415438442       
-0.9979753411747494      -0.6524241392055399      0.0003484936855287       
0.6503994803802893       -0.6524241392055399      0.0003484936855287       
0.6503994803802894       -0.9979753411747492      0.0003484936855287       
-0.9979753411747492      0.6503994803802893       0.0003484936855287       
-0.6524241392055400      0.6503994803802893       0.0003484936855287       
-0.6524241392055400      -0.9979753411747492      0.0003484936855287       
-0.9980316605177127      -0.5828424761163058      0.0003634088211973       
0.5808741366340187       -0.5828424761163058      0.0003634088211973       
0.5808741366340187       -0.9980316605177127      0.0003634088211973       
-0.9980316605177127      0.5808741366340187       0.0003634088211973       
-0.5828424761163058      0.5808741366340187       0.0003634088211973       
-0.5828424761163058      -0.9980316605177127      0.0003634088211973       
-0.9980883812869010      -0.5086367896332209      0.0003743852995809       
0.5067251709201219       -0.5086367896332209      0.0003743852995809       
0.5067251709201219       -0.9980883812869010      0.0003743852995809       
-0.9980883812869010      0.5067251709201219       0.0003743852995809       
-0.5086367896332209      0.5067251709201219       0.0003743852995809       
-0.5086367896332209      -0.9980883812869010      0.0003743852995809       
-0.9981221170642738      -0.4303890252798956      0.0003853575770166       
0.4285111423441694       -0.4303890252798956      0.0003853575770166       
0.4285111423441694       -0.9981221170642738      0.0003853575770166       
-0.9981221170642738      0.4285111423441694       0.0003853575770166       
-0.4303890252798956      0.4285111423441694       0.0003853575770166       
-0.4303890252798956      -0.9981221170642738      0.0003853575770166       
-0.9981971183307092      -0.3486944158199856      0.0003848978450596       
0.3468915341506948       -0.3486944158199856      0.0003848978450596       
0.3468915341506948       -0.9981971183307092      0.0003848978450596       
-0.9981971183307092      0.3468915341506948       0.0003848978450596       
-0.3486944158199856      0.3468915341506948       0.0003848978450596       
-0.3486944158199856      -0.9981971183307092      0.0003848978450596       
-0.9982636157491150      -0.2642023968455569      0.0003812336513654       
0.2624660125946718       -0.2642023968455569      0.0003812336513654       
0.2624660125946718       -0.9982636157491150      0.0003812336513654       
-0.9982636157491150      0.2624660125946718       0.0003812336513654       
-0.2642023968455569      0.2624660125946718       0.0003812336513654       
-0.2642023968455569      -0.9982636157491150      0.0003812336513654       
-0.9983186991800566      -0.1775878192916145      0.0003770805696467       
0.1759065184716710       -0.1775878192916145      0.0003770805696467       
0.1759065184716711       -0.9983186991800566      0.0003770805696467       
-0.9983186991800566      0.1759065184716710       0.0003770805696467       
-0.1775878192916145      0.1759065184716710       0.0003770805696467       
-0.1775878192916145      -0.9983186991800566      0.0003770805696467       
-0.9984373601249392      -0.0895180431745841      0.0003553591651560       
0.0879554032995233       -0.0895180431745841      0.0003553591651560       
0.0879554032995233       -0.9984373601249392      0.0003553591651560       
-0.9984373601249392      0.0879554032995233       0.0003553591651560       
-0.0895180431745841      0.0879554032995233       0.0003553591651560       
-0.0895180431745841      -0.9984373601249392      0.0003553591651560       
-0.9881032969446684      -0.9707869377872078      0.0002837273086782       
0.9588902347318762       -0.9707869377872078      0.0002837273086782       
0.9588902347318762       -0.9881032969446684      0.0002837273086782       
-0.9881032969446684      0.9588902347318762       0.0002837273086782       
-0.9707869377872078      0.9588902347318762       0.0002837273086782       
-0.9707869377872078      -0.9881032969446684      0.0002837273086782       
-0.9881539741268810      -0.9459781505671406      0.0003820811209142       
0.9341321246940216       -0.9459781505671406      0.0003820811209142       
0.9341321246940216       -0.9881539741268810      0.0003820811209142       
-0.9881539741268810      0.9341321246940216       0.0003820811209142       
-0.9459781505671406      0.9341321246940216       0.0003820811209142       
-0.9459781505671406      -0.9881539741268810      0.0003820811209142       
-0.9882556806046440      -0.9138348261945402      0.0004748459282711       
0.9020905067991842       -0.9138348261945402      0.0004748459282711       
0.9020905067991845       -0.9882556806046440      0.0004748459282711       
-0.9882556806046440      0.9020905067991842       0.0004748459282711       
-0.9138348261945402      0.9020905067991842       0.0004748459282711       
-0.9138348261945402      -0.9882556806046440      0.0004748459282711       
-0.9884105451724924      -0.8745929531506265      0.0005597181784995       
0.8630034983231190       -0.8745929531506265      0.0005597181784995       
0.8630034983231190       -0.9884105451724924      0.0005597181784995       
-0.9884105451724926      0.8630034983231190       0.0005597181784995       
-0.8745929531506264      0.8630034983231190       0.0005597181784995       
-0.8745929531506265      -0.9884105451724924      0.0005597181784995       
-0.9886466010821542      -0.8285427113389652      0.0006337880529754       
0.8171893124211194       -0.8285427113389652      0.0006337880529754       
0.8171893124211194       -0.9886466010821542      0.0006337880529754       
-0.9886466010821542      0.8171893124211194       0.0006337880529754       
-0.8285427113389652      0.8171893124211194       0.0006337880529754       
-0.8285427113389652      -0.9886466010821542      0.0006337880529754       
-0.9889065164246010      -0.7760306930578715      0.0006984018744803       
0.7649372094824725       -0.7760306930578715      0.0006984018744803       
0.7649372094824725       -0.9889065164246010      0.0006984018744803       
-0.9889065164246010      0.7649372094824725       0.0006984018744803       
-0.7760306930578714      0.7649372094824725       0.0006984018744803       
-0.7760306930578715      -0.9889065164246010      0.0006984018744803       
-0.9889995676283294      -0.7174676357179353      0.0007634846525923       
0.7064672033462647       -0.7174676357179353      0.0007634846525923       
0.7064672033462647       -0.9889995676283294      0.0007634846525923       
-0.9889995676283294      0.7064672033462647       0.0007634846525923       
-0.7174676357179353      0.7064672033462647       0.0007634846525923       
-0.7174676357179353      -0.9889995676283294      0.0007634846525923       
-0.9893401686433684      -0.6532715149134178      0.0008066764949867       
0.6426116835567863       -0.6532715149134178      0.0008066764949867       
0.6426116835567863       -0.9893401686433684      0.0008066764949867       
-0.9893401686433684      0.6426116835567863       0.0008066764949867       
-0.6532715149134178      0.6426116835567863       0.0008066764949867       
-0.6532715149134178      -0.9893401686433684      0.0008066764949867       
-0.9896506461985169      -0.5839450777762243      0.0008390280811613       
0.5735957239747413       -0.5839450777762243      0.0008390280811613       
0.5735957239747413       -0.9896506461985169      0.0008390280811613       
-0.9896506461985169      0.5735957239747413       0.0008390280811613       
-0.5839450777762243      0.5735957239747413       0.0008390280811613       
-0.5839450777762243      -0.9896506461985169      0.0008390280811613       
-0.9899323577100912      -0.5100198560170754      0.0008667023155715       
0.4999522137271666       -0.5100198560170754      0.0008667023155715       
0.4999522137271666       -0.9899323577100910      0.0008667023155715       
-0.9899323577100910      0.4999522137271666       0.0008667023155715       
-0.5100198560170756      0.4999522137271666       0.0008667023155715       
-0.5100198560170756      -0.9899323577100910      0.0008667023155715       
-0.9901545652135992      -0.4320790002078026      0.0008846731437456       
0.4222335654214018       -0.4320790002078026      0.0008846731437456       
0.4222335654214018       -0.9901545652135992      0.0008846731437456       
-0.9901545652135992      0.4222335654214018       0.0008846731437456       
-0.4320790002078026      0.4222335654214018       0.0008846731437456       
-0.4320790002078026      -0.9901545652135992      0.0008846731437456       
-0.9905036527086442      -0.3506965732904506      0.0008905013791922       
0.3412002259990947       -0.3506965732904506      0.0008905013791922       
0.3412002259990947       -0.9905036527086442      0.0008905013791922       
-0.9905036527086442      0.3412002259990947       0.0008905013791922       
-0.3506965732904506      0.3412002259990947       0.0008905013791922       
-0.3506965732904506      -0.9905036527086442      0.0008905013791922       
-0.9908882216299104      -0.2665250395448212      0.0008767278012520       
0.2574132611747316       -0.2665250395448212      0.0008767278012520       
0.2574132611747315       -0.9908882216299104      0.0008767278012520       
-0.9908882216299104      0.2574132611747315       0.0008767278012520       
-0.2665250395448212      0.2574132611747315       0.0008767278012520       
-0.2665250395448212      -0.9908882216299104      0.0008767278012520       
-0.9911607960950660      -0.1802717552154688      0.0008688034033131       
0.1714325513105348       -0.1802717552154688      0.0008688034033131       
0.1714325513105348       -0.9911607960950660      0.0008688034033131       
-0.9911607960950660      0.1714325513105348       0.0008688034033131       
-0.1802717552154688      0.1714325513105348       0.0008688034033131       
-0.1802717552154688      -0.9911607960950660      0.0008688034033131       
-0.9917248032697265      -0.0924535158669762      0.0008310660637081       
0.0841783191367025       -0.0924535158669762      0.0008310660637081       
0.0841783191367025       -0.9917248032697265      0.0008310660637081       
-0.9917248032697262      0.0841783191367025       0.0008310660637081       
-0.0924535158669762      0.0841783191367025       0.0008310660637081       
-0.0924535158669762      -0.9917248032697265      0.0008310660637081       
-0.9709793336287608      -0.9460996141440380      0.0005949137270165       
0.9170789477727990       -0.9460996141440380      0.0005949137270165       
0.9170789477727990       -0.9709793336287608      0.0005949137270165       
-0.9709793336287608      0.9170789477727990       0.0005949137270165       
-0.9460996141440380      0.9170789477727990       0.0005949137270165       
-0.9460996141440380      -0.9709793336287608      0.0005949137270165       
-0.9712247419070106      -0.9140547104854486      0.0007389542953856       
0.8852794523924592       -0.9140547104854486      0.0007389542953856       
0.8852794523924592       -0.9712247419070106      0.0007389542953856       
-0.9712247419070104      0.8852794523924592       0.0007389542953856       
-0.9140547104854488      0.8852794523924592       0.0007389542953856       
-0.9140547104854486      -0.9712247419070106      0.0007389542953856       
-0.9716125011108474      -0.8749605083756147      0.0008699141575358       
0.8465730094864621       -0.8749605083756147      0.0008699141575358       
0.8465730094864621       -0.9716125011108474      0.0008699141575358       
-0.9716125011108474      0.8465730094864621       0.0008699141575358       
-0.8749605083756147      0.8465730094864621       0.0008699141575358       
-0.8749605083756147      -0.9716125011108474      0.0008699141575358       
-0.9721787391378094      -0.8291142784265895      0.0009851161812808       
0.8012930175643989       -0.8291142784265895      0.0009851161812808       
0.8012930175643987       -0.9721787391378096      0.0009851161812808       
-0.9721787391378096      0.8012930175643989       0.0009851161812808       
-0.8291142784265894      0.8012930175643989       0.0009851161812808       
-0.8291142784265894      -0.9721787391378096      0.0009851161812808       
-0.9727920382620696      -0.7768656701245029      0.0010864925843599       
0.7496577083865725       -0.7768656701245029      0.0010864925843599       
0.7496577083865725       -0.9727920382620696      0.0010864925843599       
-0.9727920382620696      0.7496577083865725       0.0010864925843599       
-0.7768656701245029      0.7496577083865725       0.0010864925843599       
-0.7768656701245029      -0.9727920382620696      0.0010864925843599       
-0.9731034464819676      -0.7186356827480613      0.0011804909101474       
0.6917391292300290       -0.7186356827480613      0.0011804909101474       
0.6917391292300291       -0.9731034464819676      0.0011804909101474       
-0.9731034464819676      0.6917391292300290       0.0011804909101474       
-0.7186356827480614      0.6917391292300290       0.0011804909101474       
-0.7186356827480614      -0.9731034464819676      0.0011804909101474       
-0.9738494837894386      -0.6548186139424896      0.0012535917157260       
0.6286680977319283       -0.6548186139424896      0.0012535917157260       
0.6286680977319283       -0.9738494837894386      0.0012535917157260       
-0.9738494837894386      0.6286680977319283       0.0012535917157260       
-0.6548186139424896      0.6286680977319283       0.0012535917157260       
-0.6548186139424896      -0.9738494837894386      0.0012535917157260       
-0.9746483372384768      -0.5859228888617500      0.0013009067401366       
0.5605712261002269       -0.5859228888617500      0.0013009067401366       
0.5605712261002269       -0.9746483372384768      0.0013009067401366       
-0.9746483372384768      0.5605712261002269       0.0013009067401366       
-0.5859228888617500      0.5605712261002269       0.0013009067401366       
-0.5859228888617500      -0.9746483372384768      0.0013009067401366       
-0.9753000680878512      -0.5125109576303966      0.0013446719102103       
0.4878110257182477       -0.5125109576303966      0.0013446719102103       
0.4878110257182477       -0.9753000680878512      0.0013446719102103       
-0.9753000680878512      0.4878110257182477       0.0013446719102103       
-0.5125109576303966      0.4878110257182477       0.0013446719102103       
-0.5125109576303966      -0.9753000680878512      0.0013446719102103       
-0.9759764685295176      -0.4351283169728433      0.0013617489203409       
0.4111047855023609       -0.4351283169728433      0.0013617489203409       
0.4111047855023608       -0.9759764685295176      0.0013617489203409       
-0.9759764685295174      0.4111047855023608       0.0013617489203409       
-0.4351283169728434      0.4111047855023608       0.0013617489203409       
-0.4351283169728434      -0.9759764685295176      0.0013617489203409       
-0.9767224318066038      -0.3543496657799538      0.0013764276184520       
0.3310720975865578       -0.3543496657799538      0.0013764276184520       
0.3310720975865578       -0.9767224318066038      0.0013764276184520       
-0.9767224318066038      0.3310720975865578       0.0013764276184520       
-0.3543496657799538      0.3310720975865578       0.0013764276184520       
-0.3543496657799538      -0.9767224318066038      0.0013764276184520       
-0.9777092536017457      -0.2707272686606364      0.0013573142137603       
0.2484365222623820       -0.2707272686606364      0.0013573142137603       
0.2484365222623819       -0.9777092536017454      0.0013573142137603       
-0.9777092536017454      0.2484365222623819       0.0013573142137603       
-0.2707272686606364      0.2484365222623819       0.0013573142137603       
-0.2707272686606364      -0.9777092536017454      0.0013573142137603       
-0.9784036661933808      -0.1850708180710563      0.0013352179405893       
0.1634744842644371       -0.1850708180710563      0.0013352179405893       
0.1634744842644371       -0.9784036661933808      0.0013352179405893       
-0.9784036661933808      0.1634744842644371       0.0013352179405893       
-0.1850708180710563      0.1634744842644371       0.0013352179405893       
-0.1850708180710563      -0.9784036661933808      0.0013352179405893       
-0.9795310668638036      -0.0977828256456103      0.0013056421385657       
0.0773138925094138       -0.0977828256456103      0.0013056421385657       
0.0773138925094139       -0.9795310668638036      0.0013056421385657       
-0.9795310668638036      0.0773138925094139       0.0013056421385657       
-0.0977828256456102      0.0773138925094139       0.0013056421385657       
-0.0977828256456103      -0.9795310668638036      0.0013056421385657       
-0.9468103323862948      -0.9144978637511958      0.0009926335099582       
0.8613081961374907       -0.9144978637511958      0.0009926335099582       
0.8613081961374907       -0.9468103323862948      0.0009926335099582       
-0.9468103323862948      0.8613081961374907       0.0009926335099582       
-0.9144978637511960      0.8613081961374907       0.0009926335099582       
-0.9144978637511958      -0.9468103323862948      0.0009926335099582       
-0.9475414222270654      -0.8756390246199943      0.0011675740887463       
0.8231804468470598       -0.8756390246199943      0.0011675740887463       
0.8231804468470598       -0.9475414222270654      0.0011675740887463       
-0.9475414222270654      0.8231804468470598       0.0011675740887463       
-0.8756390246199943      0.8231804468470598       0.0011675740887463       
-0.8756390246199943      -0.9475414222270654      0.0011675740887463       
-0.9485587519782533      -0.8300891317425083      0.0013226224446690       
0.7786478837207618       -0.8300891317425083      0.0013226224446690       
0.7786478837207618       -0.9485587519782533      0.0013226224446690       
-0.9485587519782536      0.7786478837207618       0.0013226224446690       
-0.8300891317425082      0.7786478837207618       0.0013226224446690       
-0.8300891317425083      -0.9485587519782533      0.0013226224446690       
-0.9496466329180968      -0.7782151269827482      0.0014592288271853       
0.7278617599008450       -0.7782151269827482      0.0014592288271853       
0.7278617599008451       -0.9496466329180968      0.0014592288271853       
-0.9496466329180968      0.7278617599008450       0.0014592288271853       
-0.7782151269827483      0.7278617599008450       0.0014592288271853       
-0.7782151269827483      -0.9496466329180968      0.0014592288271853       
-0.9503984959918320      -0.7204597429898281      0.0015752178205414       
0.6708582389816600       -0.7204597429898281      0.0015752178205414       
0.6708582389816600       -0.9503984959918320      0.0015752178205414       
-0.9503984959918318      0.6708582389816600       0.0015752178205414       
-0.7204597429898282      0.6708582389816600       0.0015752178205414       
-0.7204597429898281      -0.9503984959918320      0.0015752178205414       
-0.9516111245245668      -0.6572134682003887      0.0016783455020423       
0.6088245927249556       -0.6572134682003887      0.0016783455020423       
0.6088245927249556       -0.9516111245245668      0.0016783455020423       
-0.9516111245245668      0.6088245927249556       0.0016783455020423       
-0.6572134682003887      0.6088245927249556       0.0016783455020423       
-0.6572134682003887      -0.9516111245245668      0.0016783455020423       
-0.9531150632800308      -0.5889455622684441      0.0017429981149472       
0.5420606255484748       -0.5889455622684441      0.0017429981149472       
0.5420606255484748       -0.9531150632800308      0.0017429981149472       
-0.9531150632800308      0.5420606255484748       0.0017429981149472       
-0.5889455622684441      0.5420606255484748       0.0017429981149472       
-0.5889455622684441      -0.9531150632800308      0.0017429981149472       
-0.9543120235566572      -0.5162463914729833      0.0017963295322282       
0.4705584150296405       -0.5162463914729833      0.0017963295322282       
0.4705584150296405       -0.9543120235566572      0.0017963295322282       
-0.9543120235566572      0.4705584150296405       0.0017963295322282       
-0.5162463914729833      0.4705584150296405       0.0017963295322282       
-0.5162463914729833      -0.9543120235566572      0.0017963295322282       
-0.9557289330114702      -0.4395854494976444      0.0018160600754276       
0.3953143825091146       -0.4395854494976444      0.0018160600754276       
0.3953143825091146       -0.9557289330114702      0.0018160600754276       
-0.9557289330114702      0.3953143825091146       0.0018160600754276       
-0.4395854494976444      0.3953143825091146       0.0018160600754276       
-0.4395854494976444      -0.9557289330114702      0.0018160600754276       
-0.9570526238168862      -0.3596083376001522      0.0018258221324085       
0.3166609614170384       -0.3596083376001522      0.0018258221324085       
0.3166609614170384       -0.9570526238168862      0.0018258221324085       
-0.9570526238168862      0.3166609614170384       0.0018258221324085       
-0.3596083376001522      0.3166609614170384       0.0018258221324085       
-0.3596083376001522      -0.9570526238168862      0.0018258221324085       
-0.9587716313601264      -0.2767845702768874      0.0018186895694056       
0.2355562016370139       -0.2767845702768874      0.0018186895694056       
0.2355562016370138       -0.9587716313601264      0.0018186895694056       
-0.9587716313601264      0.2355562016370138       0.0018186895694056       
-0.2767845702768875      0.2355562016370138       0.0018186895694056       
-0.2767845702768875      -0.9587716313601264      0.0018186895694056       
-0.9602666776425610      -0.1919030426479558      0.0017686490513131       
0.1521697202905168       -0.1919030426479558      0.0017686490513131       
0.1521697202905168       -0.9602666776425610      0.0017686490513131       
-0.9602666776425610      0.1521697202905168       0.0017686490513131       
-0.1919030426479558      0.1521697202905168       0.0017686490513131       
-0.1919030426479558      -0.9602666776425610      0.0017686490513131       
-0.9618827252092236      -0.1054941866078061      0.0017483749231575       
0.0673769118170298       -0.1054941866078061      0.0017483749231575       
0.0673769118170298       -0.9618827252092236      0.0017483749231575       
-0.9618827252092236      0.0673769118170298       0.0017483749231575       
-0.1054941866078062      0.0673769118170298       0.0017483749231575       
-0.1054941866078062      -0.9618827252092236      0.0017483749231575       
-0.9163935345423186      -0.8766919991455613      0.0014478401171511       
0.7930855336878799       -0.8766919991455613      0.0014478401171511       
0.7930855336878799       -0.9163935345423186      0.0014478401171511       
-0.9163935345423186      0.7930855336878799       0.0014478401171511       
-0.8766919991455613      0.7930855336878799       0.0014478401171511       
-0.8766919991455613      -0.9163935345423186      0.0014478401171511       
-0.9179613246263040      -0.8315559875620735      0.0016408032390730       
0.7495173121883776       -0.8315559875620735      0.0016408032390730       
0.7495173121883776       -0.9179613246263040      0.0016408032390730       
-0.9179613246263040      0.7495173121883776       0.0016408032390730       
-0.8315559875620735      0.7495173121883776       0.0016408032390730       
-0.8315559875620735      -0.9179613246263040      0.0016408032390730       
-0.9196346007515940      -0.7801840644386158      0.0018099952098618       
0.6998186651902099       -0.7801840644386158      0.0018099952098618       
0.6998186651902099       -0.9196346007515940      0.0018099952098618       
-0.9196346007515940      0.6998186651902099       0.0018099952098618       
-0.7801840644386158      0.6998186651902099       0.0018099952098618       
-0.7801840644386158      -0.9196346007515940      0.0018099952098618       
-0.9210917162186744      -0.7230241203858032      0.0019449905292595       
0.6441158366044777       -0.7230241203858032      0.0019449905292595       
0.6441158366044776       -0.9210917162186746      0.0019449905292595       
-0.9210917162186746      0.6441158366044777       0.0019449905292595       
-0.7230241203858031      0.6441158366044777       0.0019449905292595       
-0.7230241203858031      -0.9210917162186746      0.0019449905292595       
-0.9228324440857723      -0.6605047629842820      0.0020712971584815       
0.5833372070700542       -0.6605047629842820      0.0020712971584815       
0.5833372070700542       -0.9228324440857723      0.0020712971584815       
-0.9228324440857723      0.5833372070700542       0.0020712971584815       
-0.6605047629842821      0.5833372070700542       0.0020712971584815       
-0.6605047629842820      -0.9228324440857723      0.0020712971584815       
-0.9251643165604466      -0.5930638399565242      0.0021573588412162       
0.5182281565169709       -0.5930638399565242      0.0021573588412162       
0.5182281565169709       -0.9251643165604466      0.0021573588412162       
-0.9251643165604466      0.5182281565169709       0.0021573588412162       
-0.5930638399565242      0.5182281565169709       0.0021573588412162       
-0.5930638399565242      -0.9251643165604466      0.0021573588412162       
-0.9271736850423440      -0.5213378915725815      0.0022098354869715       
0.4485115766149255       -0.5213378915725815      0.0022098354869715       
0.4485115766149254       -0.9271736850423440      0.0022098354869715       
-0.9271736850423438      0.4485115766149254       0.0022098354869715       
-0.5213378915725816      0.4485115766149254       0.0022098354869715       
-0.5213378915725816      -0.9271736850423440      0.0022098354869715       
-0.9295086358617006      -0.4457414215059948      0.0022392348214668       
0.3752500573676954       -0.4457414215059948      0.0022392348214668       
0.3752500573676954       -0.9295086358617006      0.0022392348214668       
-0.9295086358617006      0.3752500573676954       0.0022392348214668       
-0.4457414215059948      0.3752500573676954       0.0022392348214668       
-0.4457414215059948      -0.9295086358617006      0.0022392348214668       
-0.9317567457558938      -0.3668690038267852      0.0022351962411014       
0.2986257495826790       -0.3668690038267852      0.0022351962411014       
0.2986257495826790       -0.9317567457558938      0.0022351962411014       
-0.9317567457558938      0.2986257495826790       0.0022351962411014       
-0.3668690038267852      0.2986257495826790       0.0022351962411014       
-0.3668690038267852      -0.9317567457558938      0.0022351962411014       
-0.9341790459665598      -0.2851699386015538      0.0022424758526442       
0.2193489845681135       -0.2851699386015538      0.0022424758526442       
0.2193489845681136       -0.9341790459665598      0.0022424758526442       
-0.9341790459665598      0.2193489845681136       0.0022424758526442       
-0.2851699386015537      0.2193489845681136       0.0022424758526442       
-0.2851699386015537      -0.9341790459665598      0.0022424758526442       
-0.9368524809776584      -0.2011732528978085      0.0021863454566999       
0.1380257338754669       -0.2011732528978085      0.0021863454566999       
0.1380257338754669       -0.9368524809776584      0.0021863454566999       
-0.9368524809776584      0.1380257338754669       0.0021863454566999       
-0.2011732528978085      0.1380257338754669       0.0021863454566999       
-0.2011732528978086      -0.9368524809776584      0.0021863454566999       
-0.9391574776329152      -0.1157008169870406      0.0021324758632606       
0.0548582946199558       -0.1157008169870406      0.0021324758632606       
0.0548582946199558       -0.9391574776329152      0.0021324758632606       
-0.9391574776329152      0.0548582946199558       0.0021324758632606       
-0.1157008169870407      0.0548582946199558       0.0021324758632606       
-0.1157008169870407      -0.9391574776329152      0.0021324758632606       
-0.8805970181535108      -0.8338724823012649      0.0019326772539230       
0.7144695004547756       -0.8338724823012649      0.0019326772539230       
0.7144695004547756       -0.8805970181535108      0.0019326772539230       
-0.8805970181535109      0.7144695004547756       0.0019326772539230       
-0.8338724823012648      0.7144695004547756       0.0019326772539230       
-0.8338724823012649      -0.8805970181535108      0.0019326772539230       
-0.8829746312676756      -0.7831685867628511      0.0021320316321423       
0.6661432180305267       -0.7831685867628511      0.0021320316321423       
0.6661432180305267       -0.8829746312676756      0.0021320316321423       
-0.8829746312676756      0.6661432180305267       0.0021320316321423       
-0.7831685867628511      0.6661432180305267       0.0021320316321423       
-0.7831685867628511      -0.8829746312676756      0.0021320316321423       
-0.8853718876509176      -0.7267168505526553      0.0022897337754747       
0.6120887382035729       -0.7267168505526553      0.0022897337754747       
0.6120887382035728       -0.8853718876509177      0.0022897337754747       
-0.8853718876509177      0.6120887382035729       0.0022897337754747       
-0.7267168505526552      0.6120887382035729       0.0022897337754747       
-0.7267168505526552      -0.8853718876509177      0.0022897337754747       
-0.8878009912630680      -0.6649665545160781      0.0024318433589621       
0.5527675457791461       -0.6649665545160781      0.0024318433589621       
0.5527675457791461       -0.8878009912630680      0.0024318433589621       
-0.8878009912630679      0.5527675457791461       0.0024318433589621       
-0.6649665545160782      0.5527675457791461       0.0024318433589621       
-0.6649665545160781      -0.8878009912630680      0.0024318433589621       
-0.8909794204969570      -0.5982970540934864      0.0025458311103297       
0.4892764745904434       -0.5982970540934864      0.0025458311103297       
0.4892764745904434       -0.8909794204969570      0.0025458311103297       
-0.8909794204969570      0.4892764745904434       0.0025458311103297       
-0.5982970540934864      0.4892764745904434       0.0025458311103297       
-0.5982970540934864      -0.8909794204969570      0.0025458311103297       
-0.8941242234612492      -0.5273220337372910      0.0026011747102777       
0.4214462571985402       -0.5273220337372910      0.0026011747102777       
0.4214462571985402       -0.8941242234612492      0.0026011747102777       
-0.8941242234612492      0.4214462571985402       0.0026011747102777       
-0.5273220337372910      0.4214462571985402       0.0026011747102777       
-0.5273220337372910      -0.8941242234612492      0.0026011747102777       
-0.8975124458916770      -0.4525545604049429      0.0026351563038215       
0.3500670062966198       -0.4525545604049429      0.0026351563038215       
0.3500670062966198       -0.8975124458916769      0.0026351563038215       
-0.8975124458916769      0.3500670062966198       0.0026351563038215       
-0.4525545604049429      0.3500670062966198       0.0026351563038215       
-0.4525545604049429      -0.8975124458916769      0.0026351563038215       
-0.9010162996720948      -0.3745952215423028      0.0026259506545087       
0.2756115212143976       -0.3745952215423028      0.0026259506545087       
0.2756115212143974       -0.9010162996720946      0.0026259506545087       
-0.9010162996720946      0.2756115212143974       0.0026259506545087       
-0.3745952215423028      0.2756115212143974       0.0026259506545087       
-0.3745952215423028      -0.9010162996720946      0.0026259506545087       
-0.9043178644142202      -0.2941336813629750      0.0026072685112154       
0.1984515457771952       -0.2941336813629750      0.0026072685112154       
0.1984515457771952       -0.9043178644142202      0.0026072685112154       
-0.9043178644142202      0.1984515457771952       0.0026072685112154       
-0.2941336813629750      0.1984515457771952       0.0026072685112154       
-0.2941336813629750      -0.9043178644142202      0.0026072685112154       
-0.9081646081366206      -0.2114843637128786      0.0025706486307784       
0.1196489718494992       -0.2114843637128786      0.0025706486307784       
0.1196489718494993       -0.9081646081366206      0.0025706486307784       
-0.9081646081366206      0.1196489718494993       0.0025706486307784       
-0.2114843637128786      0.1196489718494993       0.0025706486307784       
-0.2114843637128786      -0.9081646081366206      0.0025706486307784       
-0.9118312078017542      -0.1273691786335232      0.0024616783490579       
0.0392003864352775       -0.1273691786335232      0.0024616783490579       
0.0392003864352775       -0.9118312078017544      0.0024616783490579       
-0.9118312078017542      0.0392003864352775       0.0024616783490579       
-0.1273691786335232      0.0392003864352775       0.0024616783490579       
-0.1273691786335232      -0.9118312078017544      0.0024616783490579       
-0.8399729976651300      -0.7867633291169436      0.0024243688215847       
0.6267363267820736       -0.7867633291169436      0.0024243688215847       
0.6267363267820736       -0.8399729976651300      0.0024243688215847       
-0.8399729976651301      0.6267363267820736       0.0024243688215847       
-0.7867633291169435      0.6267363267820736       0.0024243688215847       
-0.7867633291169436      -0.8399729976651300      0.0024243688215847       
-0.8434556545841054      -0.7310565490371688      0.0026078619797482       
0.5745122036212742       -0.7310565490371688      0.0026078619797482       
0.5745122036212742       -0.8434556545841052      0.0026078619797482       
-0.8434556545841053      0.5745122036212742       0.0026078619797482       
-0.7310565490371689      0.5745122036212742       0.0026078619797482       
-0.7310565490371690      -0.8434556545841052      0.0026078619797482       
-0.8468666103214550      -0.6701531594744292      0.0027531349082550       
0.5170197697958843       -0.6701531594744292      0.0027531349082550       
0.5170197697958843       -0.8468666103214550      0.0027531349082550       
-0.8468666103214549      0.5170197697958843       0.0027531349082550       
-0.6701531594744293      0.5170197697958843       0.0027531349082550       
-0.6701531594744292      -0.8468666103214550      0.0027531349082550       
-0.8508891180565543      -0.6045106399321081      0.0028811280065259       
0.4553997579886623       -0.6045106399321081      0.0028811280065259       
0.4553997579886624       -0.8508891180565543      0.0028811280065259       
-0.8508891180565544      0.4553997579886624       0.0028811280065259       
-0.6045106399321080      0.4553997579886624       0.0028811280065259       
-0.6045106399321081      -0.8508891180565543      0.0028811280065259       
-0.8553329078111027      -0.5346888704366002      0.0029466234046843       
0.3900217782477029       -0.5346888704366002      0.0029466234046843       
0.3900217782477029       -0.8553329078111027      0.0029466234046843       
-0.8553329078111027      0.3900217782477029       0.0029466234046843       
-0.5346888704366002      0.3900217782477029       0.0029466234046843       
-0.5346888704366002      -0.8553329078111027      0.0029466234046843       
-0.8599771596766492      -0.4612660381733740      0.0029720918178382       
0.3212431978500232       -0.4612660381733740      0.0029720918178382       
0.3212431978500232       -0.8599771596766491      0.0029720918178382       
-0.8599771596766491      0.3212431978500232       0.0029720918178382       
-0.4612660381733741      0.3212431978500232       0.0029720918178382       
-0.4612660381733741      -0.8599771596766491      0.0029720918178382       
-0.8647689455840315      -0.3847685044180076      0.0029802826240332       
0.2495374500020391       -0.3847685044180076      0.0029802826240332       
0.2495374500020391       -0.8647689455840315      0.0029802826240332       
-0.8647689455840315      0.2495374500020391       0.0029802826240332       
-0.3847685044180076      0.2495374500020391       0.0029802826240332       
-0.3847685044180076      -0.8647689455840315      0.0029802826240332       
-0.8694536358918759      -0.3057506200102206      0.0029323065884281       
0.1752042559020965       -0.3057506200102206      0.0029323065884281       
0.1752042559020966       -0.8694536358918760      0.0029323065884281       
-0.8694536358918760      0.1752042559020966       0.0029323065884281       
-0.3057506200102206      0.1752042559020966       0.0029323065884281       
-0.3057506200102206      -0.8694536358918760      0.0029323065884281       
-0.8743386155226919      -0.2245773901892085      0.0029018400293802       
0.0989160057119003       -0.2245773901892085      0.0029018400293802       
0.0989160057119003       -0.8743386155226918      0.0029018400293802       
-0.8743386155226919      0.0989160057119003       0.0029018400293802       
-0.2245773901892084      0.0989160057119003       0.0029018400293802       
-0.2245773901892084      -0.8743386155226918      0.0029018400293802       
-0.8797562746695899      -0.1415770160849301      0.0028111853278056       
0.0213332907545201       -0.1415770160849301      0.0028111853278056       
0.0213332907545201       -0.8797562746695899      0.0028111853278056       
-0.8797562746695899      0.0213332907545201       0.0028111853278056       
-0.1415770160849301      0.0213332907545201       0.0028111853278056       
-0.1415770160849301      -0.8797562746695899      0.0028111853278056       
-0.7955742135259261      -0.7363983169899546      0.0028776968463777       
0.5319725305158807       -0.7363983169899546      0.0028776968463777       
0.5319725305158807       -0.7955742135259261      0.0028776968463777       
-0.7955742135259259      0.5319725305158807       0.0028776968463777       
-0.7363983169899547      0.5319725305158807       0.0028776968463777       
-0.7363983169899546      -0.7955742135259261      0.0028776968463777       
-0.8002935215437250      -0.6766843884330029      0.0030295256811882       
0.4769779099767280       -0.6766843884330029      0.0030295256811882       
0.4769779099767280       -0.8002935215437250      0.0030295256811882       
-0.8002935215437250      0.4769779099767280       0.0030295256811882       
-0.6766843884330029      0.4769779099767280       0.0030295256811882       
-0.6766843884330029      -0.8002935215437250      0.0030295256811882       
-0.8052987296894942      -0.6122735870998062      0.0031650774491780       
0.4175723167893004       -0.6122735870998062      0.0031650774491780       
0.4175723167893004       -0.8052987296894942      0.0031650774491780       
-0.8052987296894942      0.4175723167893004       0.0031650774491780       
-0.6122735870998062      0.4175723167893004       0.0031650774491780       
-0.6122735870998062      -0.8052987296894942      0.0031650774491780       
-0.8110078460045149      -0.5435962569192687      0.0032596031773260       
0.3546041029237836       -0.5435962569192687      0.0032596031773260       
0.3546041029237836       -0.8110078460045149      0.0032596031773260       
-0.8110078460045150      0.3546041029237836       0.0032596031773260       
-0.5435962569192686      0.3546041029237836       0.0032596031773260       
-0.5435962569192686      -0.8110078460045149      0.0032596031773260       
-0.8172025315465934      -0.4712378387525393      0.0032863172346489       
0.2884403702991327       -0.4712378387525393      0.0032863172346489       
0.2884403702991327       -0.8172025315465934      0.0032863172346489       
-0.8172025315465934      0.2884403702991327       0.0032863172346489       
-0.4712378387525393      0.2884403702991327       0.0032863172346489       
-0.4712378387525393      -0.8172025315465934      0.0032863172346489       
-0.8232763081458567      -0.3959482706483961      0.0032938094343378       
0.2192245787942528       -0.3959482706483961      0.0032938094343378       
0.2192245787942528       -0.8232763081458567      0.0032938094343378       
-0.8232763081458567      0.2192245787942528       0.0032938094343378       
-0.3959482706483961      0.2192245787942528       0.0032938094343378       
-0.3959482706483961      -0.8232763081458567      0.0032938094343378       
-0.8297020997465560      -0.3182269981010212      0.0032388533801190       
0.1479290978475771       -0.3182269981010212      0.0032388533801190       
0.1479290978475771       -0.8297020997465560      0.0032388533801190       
-0.8297020997465560      0.1479290978475771       0.0032388533801190       
-0.3182269981010212      0.1479290978475771       0.0032388533801190       
-0.3182269981010212      -0.8297020997465560      0.0032388533801190       
-0.8360133563008602      -0.2387361906402924      0.0031515808394773       
0.0747495469411526       -0.2387361906402924      0.0031515808394773       
0.0747495469411526       -0.8360133563008603      0.0031515808394773       
-0.8360133563008602      0.0747495469411526       0.0031515808394773       
-0.2387361906402924      0.0747495469411526       0.0031515808394773       
-0.2387361906402924      -0.8360133563008603      0.0031515808394773       
-0.8427041236568227      -0.1576351344667874      0.0031081024033242       
0.0003392581236101       -0.1576351344667874      0.0031081024033242       
0.0003392581236101       -0.8427041236568227      0.0031081024033242       
-0.8427041236568227      0.0003392581236101       0.0031081024033242       
-0.1576351344667874      0.0003392581236101       0.0031081024033242       
-0.1576351344667874      -0.8427041236568227      0.0031081024033242       
-0.7484119305713128      -0.6834947151277899      0.0032763778071920       
0.4319066456991027       -0.6834947151277899      0.0032763778071920       
0.4319066456991028       -0.7484119305713128      0.0032763778071920       
-0.7484119305713129      0.4319066456991028       0.0032763778071920       
-0.6834947151277898      0.4319066456991028       0.0032763778071920       
-0.6834947151277899      -0.7484119305713128      0.0032763778071920       
-0.7547618389278918      -0.6203203514711995      0.0033981773248819       
0.3750821903990914       -0.6203203514711995      0.0033981773248819       
0.3750821903990913       -0.7547618389278918      0.0033981773248819       
-0.7547618389278917      0.3750821903990913       0.0033981773248819       
-0.6203203514711996      0.3750821903990913       0.0033981773248819       
-0.6203203514711996      -0.7547618389278918      0.0033981773248819       
-0.7616558498404655      -0.5530906878982447      0.0034979444597497       
0.3147465377387102       -0.5530906878982447      0.0034979444597497       
0.3147465377387102       -0.7616558498404655      0.0034979444597497       
-0.7616558498404655      0.3147465377387102       0.0034979444597497       
-0.5530906878982447      0.3147465377387102       0.0034979444597497       
-0.5530906878982447      -0.7616558498404655      0.0034979444597497       
-0.7694004593793640      -0.4822893849641435      0.0035429516476305       
0.2516898443435074       -0.4822893849641435      0.0035429516476305       
0.2516898443435074       -0.7694004593793640      0.0035429516476305       
-0.7694004593793639      0.2516898443435074       0.0035429516476305       
-0.4822893849641435      0.2516898443435074       0.0035429516476305       
-0.4822893849641435      -0.7694004593793640      0.0035429516476305       
-0.7769977103591720      -0.4086972233200624      0.0035256171062251       
0.1856949336792344       -0.4086972233200624      0.0035256171062251       
0.1856949336792344       -0.7769977103591720      0.0035256171062251       
-0.7769977103591720      0.1856949336792344       0.0035256171062251       
-0.4086972233200624      0.1856949336792344       0.0035256171062251       
-0.4086972233200624      -0.7769977103591720      0.0035256171062251       
-0.7850270566294846      -0.3327062958530389      0.0034927549129013       
0.1177333524825235       -0.3327062958530389      0.0034927549129013       
0.1177333524825235       -0.7850270566294846      0.0034927549129013       
-0.7850270566294846      0.1177333524825235       0.0034927549129013       
-0.3327062958530389      0.1177333524825235       0.0034927549129013       
-0.3327062958530389      -0.7850270566294846      0.0034927549129013       
-0.7933865091344166      -0.2547901183411865      0.0033870689303944       
0.0481766274756030       -0.2547901183411865      0.0033870689303944       
0.0481766274756031       -0.7933865091344166      0.0033870689303944       
-0.7933865091344166      0.0481766274756030       0.0033870689303944       
-0.2547901183411865      0.0481766274756030       0.0033870689303944       
-0.2547901183411865      -0.7933865091344166      0.0033870689303944       
-0.8013062349390108      -0.1756503470245968      0.0032941260271236       
-0.0230434180363925      -0.1756503470245968      0.0032941260271236       
-0.0230434180363925      -0.8013062349390108      0.0032941260271236       
-0.8013062349390108      -0.0230434180363925      0.0032941260271236       
-0.1756503470245968      -0.0230434180363925      0.0032941260271236       
-0.1756503470245968      -0.8013062349390108      0.0032941260271236       
-0.6994962778034344      -0.6298182320157650      0.0035872497057313       
0.3293145098191994       -0.6298182320157650      0.0035872497057313       
0.3293145098191994       -0.6994962778034344      0.0035872497057313       
-0.6994962778034344      0.3293145098191994       0.0035872497057313       
-0.6298182320157650      0.3293145098191994       0.0035872497057313       
-0.6298182320157650      -0.6994962778034344      0.0035872497057313       
-0.7077891510141839      -0.5641129207618971      0.0036804126493895       
0.2719020717760812       -0.5641129207618971      0.0036804126493895       
0.2719020717760812       -0.7077891510141838      0.0036804126493895       
-0.7077891510141839      0.2719020717760812       0.0036804126493895       
-0.5641129207618972      0.2719020717760812       0.0036804126493895       
-0.5641129207618972      -0.7077891510141838      0.0036804126493895       
-0.7168496046857481      -0.4948116209082603      0.0037542062092971       
0.2116612255940084       -0.4948116209082603      0.0037542062092971       
0.2116612255940084       -0.7168496046857480      0.0037542062092971       
-0.7168496046857481      0.2116612255940084       0.0037542062092971       
-0.4948116209082604      0.2116612255940084       0.0037542062092971       
-0.4948116209082604      -0.7168496046857480      0.0037542062092971       
-0.7264198333776557      -0.4226375600050600      0.0037195177206320       
0.1490573933827157       -0.4226375600050600      0.0037195177206320       
0.1490573933827158       -0.7264198333776557      0.0037195177206320       
-0.7264198333776557      0.1490573933827157       0.0037195177206320       
-0.4226375600050600      0.1490573933827157       0.0037195177206320       
-0.4226375600050600      -0.7264198333776557      0.0037195177206320       
-0.7361108481345358      -0.3483972764690076      0.0036485206274069       
0.0845081246035433       -0.3483972764690076      0.0036485206274069       
0.0845081246035433       -0.7361108481345358      0.0036485206274069       
-0.7361108481345358      0.0845081246035433       0.0036485206274069       
-0.3483972764690076      0.0845081246035433       0.0036485206274069       
-0.3483972764690076      -0.7361108481345358      0.0036485206274069       
-0.7463362342602248      -0.2724732183594955      0.0035764399915457       
0.0188094526197202       -0.2724732183594955      0.0035764399915457       
0.0188094526197202       -0.7463362342602249      0.0035764399915457       
-0.7463362342602248      0.0188094526197202       0.0035764399915457       
-0.2724732183594954      0.0188094526197202       0.0035764399915457       
-0.2724732183594954      -0.7463362342602249      0.0035764399915457       
-0.7564946434335182      -0.1952295736776127      0.0034141073967071       
-0.0482757828888691      -0.1952295736776127      0.0034141073967071       
-0.0482757828888691      -0.7564946434335184      0.0034141073967071       
-0.7564946434335182      -0.0482757828888691      0.0034141073967071       
-0.1952295736776127      -0.0482757828888691      0.0034141073967071       
-0.1952295736776127      -0.7564946434335184      0.0034141073967071       
-0.6499323254899410      -0.5759991080854465      0.0038020910540349       
0.2259314335753874       -0.5759991080854465      0.0038020910540349       
0.2259314335753874       -0.6499323254899410      0.0038020910540349       
-0.6499323254899410      0.2259314335753874       0.0038020910540349       
-0.5759991080854465      0.2259314335753874       0.0038020910540349       
-0.5759991080854465      -0.6499323254899410      0.0038020910540349       
-0.6602545741452573      -0.5086197263270278      0.0038719200304076       
0.1688743004722850       -0.5086197263270278      0.0038719200304076       
0.1688743004722850       -0.6602545741452572      0.0038719200304076       
-0.6602545741452573      0.1688743004722850       0.0038719200304076       
-0.5086197263270277      0.1688743004722850       0.0038719200304076       
-0.5086197263270277      -0.6602545741452572      0.0038719200304076       
-0.6717831858704494      -0.4380574428112021      0.0038695801408133       
0.1098406286816516       -0.4380574428112021      0.0038695801408133       
0.1098406286816516       -0.6717831858704493      0.0038695801408133       
-0.6717831858704494      0.1098406286816516       0.0038695801408133       
-0.4380574428112022      0.1098406286816516       0.0038695801408133       
-0.4380574428112022      -0.6717831858704493      0.0038695801408133       
-0.6837692861483762      -0.3652437618664732      0.0037627401897466       
0.0490130480148494       -0.3652437618664732      0.0037627401897466       
0.0490130480148494       -0.6837692861483762      0.0037627401897466       
-0.6837692861483762      0.0490130480148494       0.0037627401897466       
-0.3652437618664732      0.0490130480148494       0.0037627401897466       
-0.3652437618664732      -0.6837692861483762      0.0037627401897466       
-0.6956068802570902      -0.2912048264219967      0.0036479737364965       
-0.0131882933209131      -0.2912048264219967      0.0036479737364965       
-0.0131882933209131      -0.6956068802570901      0.0036479737364965       
-0.6956068802570902      -0.0131882933209131      0.0036479737364965       
-0.2912048264219968      -0.0131882933209131      0.0036479737364965       
-0.2912048264219968      -0.6956068802570901      0.0036479737364965       
-0.7082522428571987      -0.2160317867222857      0.0035157765897703       
-0.0757159704205157      -0.2160317867222857      0.0035157765897703       
-0.0757159704205157      -0.7082522428571987      0.0035157765897703       
-0.7082522428571987      -0.0757159704205156      0.0035157765897703       
-0.2160317867222857      -0.0757159704205156      0.0035157765897703       
-0.2160317867222857      -0.7082522428571987      0.0035157765897703       
-0.6004788693923304      -0.5229614916932990      0.0039246524734018       
0.1234403610856294       -0.5229614916932990      0.0039246524734018       
0.1234403610856294       -0.6004788693923304      0.0039246524734018       
-0.6004788693923304      0.1234403610856294       0.0039246524734018       
-0.5229614916932990      0.1234403610856294       0.0039246524734018       
-0.5229614916932990      -0.6004788693923304      0.0039246524734018       
-0.6138073402256965      -0.4542652662702635      0.0039297186541763       
0.0680726064959600       -0.4542652662702635      0.0039297186541763       
0.0680726064959600       -0.6138073402256965      0.0039297186541763       
-0.6138073402256965      0.0680726064959600       0.0039297186541763       
-0.4542652662702635      0.0680726064959600       0.0039297186541763       
-0.4542652662702635      -0.6138073402256965      0.0039297186541763       
-0.6281175927764497      -0.3830585831920128      0.0038659460370632       
0.0111761759684625       -0.3830585831920128      0.0038659460370632       
0.0111761759684625       -0.6281175927764497      0.0038659460370632       
-0.6281175927764497      0.0111761759684625       0.0038659460370632       
-0.3830585831920128      0.0111761759684625       0.0038659460370632       
-0.3830585831920128      -0.6281175927764497      0.0038659460370632       
-0.6425467922541417      -0.3106000318553940      0.0036581276730311       
-0.0468531758904644      -0.3106000318553940      0.0036581276730311       
-0.0468531758904644      -0.6425467922541417      0.0036581276730311       
-0.6425467922541417      -0.0468531758904644      0.0036581276730311       
-0.3106000318553940      -0.0468531758904644      0.0036581276730311       
-0.3106000318553940      -0.6425467922541417      0.0036581276730311       
-0.6568411341792879      -0.2377975750538554      0.0035141720615233       
-0.1053612907668567      -0.2377975750538554      0.0035141720615233       
-0.1053612907668567      -0.6568411341792878      0.0035141720615233       
-0.6568411341792879      -0.1053612907668567      0.0035141720615233       
-0.2377975750538554      -0.1053612907668567      0.0035141720615233       
-0.2377975750538554      -0.6568411341792878      0.0035141720615233       
-0.5532674610857157      -0.4714355657820159      0.0039141302823045       
0.0247030268677315       -0.4714355657820159      0.0039141302823045       
0.0247030268677315       -0.5532674610857158      0.0039141302823045       
-0.5532674610857157      0.0247030268677315       0.0039141302823045       
-0.4714355657820158      0.0247030268677315       0.0039141302823045       
-0.4714355657820158      -0.5532674610857158      0.0039141302823045       
-0.5691791596061240      -0.4024215568063141      0.0038909311024248       
-0.0283992835875619      -0.4024215568063141      0.0038909311024248       
-0.0283992835875620      -0.5691791596061240      0.0038909311024248       
-0.5691791596061240      -0.0283992835875619      0.0038909311024248       
-0.4024215568063141      -0.0283992835875619      0.0038909311024248       
-0.4024215568063141      -0.5691791596061240      0.0038909311024248       
-0.5864250250296542      -0.3317621425099306      0.0037353876176674       
-0.0818128324604152      -0.3317621425099306      0.0037353876176674       
-0.0818128324604151      -0.5864250250296542      0.0037353876176674       
-0.5864250250296542      -0.0818128324604151      0.0037353876176674       
-0.3317621425099306      -0.0818128324604151      0.0037353876176674       
-0.3317621425099306      -0.5864250250296542      0.0037353876176674       
-0.6030404136180075      -0.2612581596865937      0.0035002892911415       
-0.1357014266953987      -0.2612581596865937      0.0035002892911415       
-0.1357014266953987      -0.6030404136180075      0.0035002892911415       
-0.6030404136180075      -0.1357014266953987      0.0035002892911415       
-0.2612581596865937      -0.1357014266953987      0.0035002892911415       
-0.2612581596865937      -0.6030404136180075      0.0035002892911415       
-0.5079029261908153      -0.4228876839342912      0.0038878282979562       
-0.0692093898748936      -0.4228876839342912      0.0038878282979562       
-0.0692093898748936      -0.5079029261908152      0.0038878282979562       
-0.5079029261908153      -0.0692093898748936      0.0038878282979562       
-0.4228876839342911      -0.0692093898748936      0.0038878282979562       
-0.4228876839342911      -0.5079029261908152      0.0038878282979562       
-0.5268621990311226      -0.3535880910899394      0.0037882010134273       
-0.1195497098789380      -0.3535880910899394      0.0037882010134273       
-0.1195497098789380      -0.5268621990311226      0.0037882010134273       
-0.5268621990311226      -0.1195497098789380      0.0037882010134273       
-0.3535880910899394      -0.1195497098789380      0.0037882010134273       
-0.3535880910899394      -0.5268621990311226      0.0037882010134273       
-0.5457507178371755      -0.2851586407317370      0.0035460740998105       
-0.1690906414310874      -0.2851586407317370      0.0035460740998105       
-0.1690906414310874      -0.5457507178371754      0.0035460740998105       
-0.5457507178371755      -0.1690906414310875      0.0035460740998105       
-0.2851586407317370      -0.1690906414310875      0.0035460740998105       
-0.2851586407317370      -0.5457507178371754      0.0035460740998105       
-0.4654307669204791      -0.3768423355516162      0.0037146604609608       
-0.1577268975279048      -0.3768423355516162      0.0037146604609608       
-0.1577268975279048      -0.4654307669204791      0.0037146604609608       
-0.4654307669204791      -0.1577268975279048      0.0037146604609608       
-0.3768423355516161      -0.1577268975279048      0.0037146604609608       
-0.3768423355516161      -0.4654307669204791      0.0037146604609608       
-0.4858657966915362      -0.3101611541948320      0.0033004733028740       
-0.2039730491136318      -0.3101611541948320      0.0033004733028740       
-0.2039730491136318      -0.4858657966915362      0.0033004733028740       
-0.4858657966915362      -0.2039730491136318      0.0033004733028740       
-0.3101611541948320      -0.2039730491136318      0.0033004733028740       
-0.3101611541948320      -0.4858657966915362      0.0033004733028740       
-0.4288050909352162      -0.3353595001811698      0.0030447425498352       
-0.2358354088836138      -0.3353595001811698      0.0030447425498352       
-0.2358354088836138      -0.4288050909352163      0.0030447425498352       
-0.4288050909352162      -0.2358354088836138      0.0030447425498352       
-0.3353595001811699      -0.2358354088836138      0.0030447425498352       
-0.3353595001811699      -0.4288050909352163      0.0030447425498352       
-0.3333333333333333      -0.3333333333333333      0.0036632134820301       
