centroid    numS21      numS111     
true (1)    28 (3)      91 (6)      

x                        y                        w                        
-0.9967149491084925      0.9934298982169850       0.0000710016958894       
-0.9967149491084925      -0.9967149491084925      0.0000710016958894       
0.9934298982169850       -0.9967149491084925      0.0000710016958894       
-0.9828509556698896      0.9657019113397795       0.0003760469328614       
-0.9828509556698896      -0.9828509556698896      0.0003760469328614       
0.9657019113397795       -0.9828509556698896      0.0003760469328614       
-0.9580468538240222      0.9160937076480444       0.0009117526188052       
-0.9580468538240222      -0.9580468538240222      0.0009117526188052       
0.9160937076480444       -0.9580468538240222      0.0009117526188052       
-0.9229877620761412      0.8459755241522824       0.0016311489721039       
-0.9229877620761412      -0.9229877620761412      0.0016311489721039       
0.8459755241522825       -0.9229877620761412      0.0016311489721039       
-0.8798264890969137      0.7596529781938275       0.0024349916931555       
-0.8798264890969137      -0.8798264890969137      0.0024349916931555       
0.7596529781938276       -0.8798264890969137      0.0024349916931555       
-0.8293614154413758      0.6587228308827515       0.0033012056052608       
-0.8293614154413758      -0.8293614154413758      0.0033012056052608       
0.6587228308827515       -0.8293614154413758      0.0033012056052608       
-0.7728963242672229      0.5457926485344458       0.0041093916220908       
-0.7728963242672229      -0.7728963242672229      0.0041093916220908       
0.5457926485344458       -0.7728963242672229      0.0041093916220908       
-0.7130308444287535      0.4260616888575070       0.0048222848667484       
-0.7130308444287536      -0.7130308444287534      0.0048222848667484       
0.4260616888575071       -0.7130308444287534      0.0048222848667484       
-0.6512806849480870      0.3025613698961740       0.0053403372873248       
-0.6512806849480870      -0.6512806849480870      0.0053403372873248       
0.3025613698961740       -0.6512806849480870      0.0053403372873248       
-0.5890451606332281      0.1780903212664562       0.0056583364420453       
-0.5890451606332281      -0.5890451606332281      0.0056583364420453       
0.1780903212664562       -0.5890451606332281      0.0056583364420453       
-0.5288657452386022      0.0577314904772044       0.0057308205373553       
-0.5288657452386022      -0.5288657452386021      0.0057308205373553       
0.0577314904772044       -0.5288657452386021      0.0057308205373553       
-0.4712497072401570      -0.0575005855196860      0.0056493110854334       
-0.4712497072401570      -0.4712497072401570      0.0056493110854334       
-0.0575005855196860      -0.4712497072401570      0.0056493110854334       
-0.4185528579683360      -0.1628942840633281      0.0053194827966056       
-0.4185528579683360      -0.4185528579683360      0.0053194827966056       
-0.1628942840633281      -0.4185528579683360      0.0053194827966056       
-0.3716381513561610      -0.2567236972876778      0.0048334760763096       
-0.3716381513561610      -0.3716381513561610      0.0048334760763096       
-0.2567236972876778      -0.3716381513561610      0.0048334760763096       
-0.0011239856745380      -0.9977520286509240      0.0006194320382113       
-0.0011239856745380      -0.0011239856745380      0.0006194320382113       
-0.9977520286509240      -0.0011239856745380      0.0006194320382113       
-0.0058823560882016      -0.9882352878235968      0.0013998702899521       
-0.0058823560882016      -0.0058823560882017      0.0013998702899521       
-0.9882352878235968      -0.0058823560882017      0.0013998702899521       
-0.0142884092379041      -0.9714231815241918      0.0021340569007632       
-0.0142884092379041      -0.0142884092379041      0.0021340569007632       
-0.9714231815241918      -0.0142884092379041      0.0021340569007632       
-0.0261827074553853      -0.9476345850892294      0.0028222680712223       
-0.0261827074553853      -0.0261827074553853      0.0028222680712223       
-0.9476345850892294      -0.0261827074553853      0.0028222680712223       
-0.0415562793484113      -0.9168874413031775      0.0034574492732770       
-0.0415562793484113      -0.0415562793484114      0.0034574492732770       
-0.9168874413031775      -0.0415562793484114      0.0034574492732770       
-0.0604063538448589      -0.8791872923102821      0.0040216140664236       
-0.0604063538448589      -0.0604063538448589      0.0040216140664236       
-0.8791872923102821      -0.0604063538448589      0.0040216140664236       
-0.0823744507892432      -0.8352510984215136      0.0044342849890244       
-0.0823744507892432      -0.0823744507892432      0.0044342849890244       
-0.8352510984215136      -0.0823744507892432      0.0044342849890244       
-0.1069564115748006      -0.7860871768503988      0.0046982390182268       
-0.1069564115748006      -0.1069564115748007      0.0046982390182268       
-0.7860871768503988      -0.1069564115748007      0.0046982390182268       
-0.1339313863519346      -0.7321372272961308      0.0048728788566183       
-0.1339313863519346      -0.1339313863519345      0.0048728788566183       
-0.7321372272961308      -0.1339313863519345      0.0048728788566183       
-0.1631381737938712      -0.6737236524122576      0.0049593237150016       
-0.1631381737938712      -0.1631381737938712      0.0049593237150016       
-0.6737236524122576      -0.1631381737938712      0.0049593237150016       
-0.1946474730090466      -0.6107050539819068      0.0050297963719652       
-0.1946474730090466      -0.1946474730090466      0.0050297963719652       
-0.6107050539819068      -0.1946474730090466      0.0050297963719652       
-0.2282144365247525      -0.5435711269504950      0.0047807816313075       
-0.2282144365247525      -0.2282144365247525      0.0047807816313075       
-0.5435711269504950      -0.2282144365247525      0.0047807816313075       
-0.2604639948549329      -0.4790720102901342      0.0039924808882006       
-0.2604639948549329      -0.2604639948549328      0.0039924808882006       
-0.4790720102901342      -0.2604639948549328      0.0039924808882006       
-0.2923239055884206      -0.4153521888231588      0.0042928648514774       
-0.2923239055884206      -0.2923239055884206      0.0042928648514774       
-0.4153521888231588      -0.2923239055884206      0.0042928648514774       
-0.9967383022914575      -0.9827285739311274      0.0001633914605314       
0.9794668762225848       -0.9827285739311274      0.0001633914605314       
0.9794668762225848       -0.9967383022914575      0.0001633914605314       
-0.9967383022914574      0.9794668762225848       0.0001633914605314       
-0.9827285739311274      0.9794668762225848       0.0001633914605314       
-0.9827285739311274      -0.9967383022914575      0.0001633914605314       
-0.9967389497551474      -0.9577208008403117      0.0002546265854592       
0.9544597505954590       -0.9577208008403117      0.0002546265854592       
0.9544597505954590       -0.9967389497551474      0.0002546265854592       
-0.9967389497551474      0.9544597505954590       0.0002546265854592       
-0.9577208008403116      0.9544597505954590       0.0002546265854592       
-0.9577208008403117      -0.9967389497551474      0.0002546265854592       
-0.9967508561503716      -0.9219531415965220      0.0003419030584814       
0.9187039977468936       -0.9219531415965220      0.0003419030584814       
0.9187039977468936       -0.9967508561503716      0.0003419030584814       
-0.9967508561503716      0.9187039977468936       0.0003419030584814       
-0.9219531415965220      0.9187039977468936       0.0003419030584814       
-0.9219531415965220      -0.9967508561503716      0.0003419030584814       
-0.9968098140204876      -0.8758108088822874      0.0004186488850839       
0.8726206229027749       -0.8758108088822874      0.0004186488850839       
0.8726206229027748       -0.9968098140204876      0.0004186488850839       
-0.9968098140204876      0.8726206229027749       0.0004186488850839       
-0.8758108088822872      0.8726206229027749       0.0004186488850839       
-0.8758108088822872      -0.9968098140204876      0.0004186488850839       
-0.9968931973681090      -0.8198040930074981      0.0004839978580981       
0.8166972903756071       -0.8198040930074981      0.0004839978580981       
0.8166972903756071       -0.9968931973681090      0.0004839978580981       
-0.9968931973681090      0.8166972903756071       0.0004839978580981       
-0.8198040930074981      0.8166972903756071       0.0004839978580981       
-0.8198040930074981      -0.9968931973681090      0.0004839978580981       
-0.9969662004029252      -0.7545624402402165      0.0005418311678070       
0.7515286406431416       -0.7545624402402165      0.0005418311678070       
0.7515286406431416       -0.9969662004029252      0.0005418311678070       
-0.9969662004029252      0.7515286406431416       0.0005418311678070       
-0.7545624402402165      0.7515286406431416       0.0005418311678070       
-0.7545624402402165      -0.9969662004029252      0.0005418311678070       
-0.9970042887935300      -0.6808124075851385      0.0005970475930866       
0.6778166963786685       -0.6808124075851385      0.0005970475930866       
0.6778166963786685       -0.9970042887935300      0.0005970475930866       
-0.9970042887935298      0.6778166963786685       0.0005970475930866       
-0.6808124075851386      0.6778166963786685       0.0005970475930866       
-0.6808124075851385      -0.9970042887935300      0.0005970475930866       
-0.9971291404709816      -0.5993418186138006      0.0006263234329436       
0.5964709590847823       -0.5993418186138006      0.0006263234329436       
0.5964709590847823       -0.9971291404709816      0.0006263234329436       
-0.9971291404709816      0.5964709590847823       0.0006263234329436       
-0.5993418186138006      0.5964709590847823       0.0006263234329436       
-0.5993418186138006      -0.9971291404709816      0.0006263234329436       
-0.9972185411766834      -0.5110219892758248      0.0006520992106133       
0.5082405304525082       -0.5110219892758248      0.0006520992106133       
0.5082405304525082       -0.9972185411766834      0.0006520992106133       
-0.9972185411766834      0.5082405304525082       0.0006520992106133       
-0.5110219892758248      0.5082405304525082       0.0006520992106133       
-0.5110219892758248      -0.9972185411766834      0.0006520992106133       
-0.9973423282072774      -0.4167549678126314      0.0006607721228980       
0.4140972960199088       -0.4167549678126314      0.0006607721228980       
0.4140972960199088       -0.9973423282072774      0.0006607721228980       
-0.9973423282072774      0.4140972960199088       0.0006607721228980       
-0.4167549678126314      0.4140972960199088       0.0006607721228980       
-0.4167549678126314      -0.9973423282072774      0.0006607721228980       
-0.9974512741141950      -0.3175111536436803      0.0006626096873404       
0.3149624277578753       -0.3175111536436803      0.0006626096873404       
0.3149624277578753       -0.9974512741141950      0.0006626096873404       
-0.9974512741141950      0.3149624277578753       0.0006626096873404       
-0.3175111536436803      0.3149624277578753       0.0006626096873404       
-0.3175111536436803      -0.9974512741141950      0.0006626096873404       
-0.9975476233314282      -0.2143476308683157      0.0006587099946072       
0.2118952541997439       -0.2143476308683157      0.0006587099946072       
0.2118952541997439       -0.9975476233314282      0.0006587099946072       
-0.9975476233314282      0.2118952541997439       0.0006587099946072       
-0.2143476308683158      0.2118952541997439       0.0006587099946072       
-0.2143476308683158      -0.9975476233314282      0.0006587099946072       
-0.9976478000856872      -0.1084541299616228      0.0006434994849222       
0.1061019300473100       -0.1084541299616228      0.0006434994849222       
0.1061019300473100       -0.9976478000856872      0.0006434994849222       
-0.9976478000856872      0.1061019300473100       0.0006434994849222       
-0.1084541299616228      0.1061019300473100       0.0006434994849222       
-0.1084541299616229      -0.9976478000856872      0.0006434994849222       
-0.9828576721552637      -0.9580167109759488      0.0005859550305232       
0.9408743831312122       -0.9580167109759488      0.0005859550305232       
0.9408743831312122       -0.9828576721552637      0.0005859550305232       
-0.9828576721552637      0.9408743831312122       0.0005859550305232       
-0.9580167109759486      0.9408743831312122       0.0005859550305232       
-0.9580167109759488      -0.9828576721552637      0.0005859550305232       
-0.9829239419353908      -0.9224822046135294      0.0007868372683944       
0.9054061465489202       -0.9224822046135294      0.0007868372683944       
0.9054061465489202       -0.9829239419353908      0.0007868372683944       
-0.9829239419353906      0.9054061465489202       0.0007868372683944       
-0.9224822046135296      0.9054061465489202       0.0007868372683944       
-0.9224822046135294      -0.9829239419353908      0.0007868372683944       
-0.9832331278264996      -0.8765994879253458      0.0009644415930968       
0.8598326157518454       -0.8765994879253458      0.0009644415930968       
0.8598326157518454       -0.9832331278264996      0.0009644415930968       
-0.9832331278264996      0.8598326157518454       0.0009644415930968       
-0.8765994879253458      0.8598326157518454       0.0009644415930968       
-0.8765994879253458      -0.9832331278264996      0.0009644415930968       
-0.9836621024356982      -0.8208271634845441      0.0011180634784487       
0.8044892659202423       -0.8208271634845441      0.0011180634784487       
0.8044892659202422       -0.9836621024356982      0.0011180634784487       
-0.9836621024356982      0.8044892659202423       0.0011180634784487       
-0.8208271634845440      0.8044892659202423       0.0011180634784487       
-0.8208271634845440      -0.9836621024356982      0.0011180634784487       
-0.9840408719252708      -0.7557393454739401      0.0012548684322267       
0.7397802173992110       -0.7557393454739401      0.0012548684322267       
0.7397802173992110       -0.9840408719252708      0.0012548684322267       
-0.9840408719252708      0.7397802173992110       0.0012548684322267       
-0.7557393454739402      0.7397802173992110       0.0012548684322267       
-0.7557393454739401      -0.9840408719252708      0.0012548684322267       
-0.9842840430987864      -0.6820329895304997      0.0013779814511527       
0.6663170326292862       -0.6820329895304997      0.0013779814511527       
0.6663170326292862       -0.9842840430987864      0.0013779814511527       
-0.9842840430987864      0.6663170326292862       0.0013779814511527       
-0.6820329895304997      0.6663170326292862       0.0013779814511527       
-0.6820329895304997      -0.9842840430987864      0.0013779814511527       
-0.9848931545555508      -0.6004729259036972      0.0014551384999717       
0.5853660804592480       -0.6004729259036972      0.0014551384999717       
0.5853660804592480       -0.9848931545555508      0.0014551384999717       
-0.9848931545555508      0.5853660804592480       0.0014551384999717       
-0.6004729259036972      0.5853660804592480       0.0014551384999717       
-0.6004729259036972      -0.9848931545555508      0.0014551384999717       
-0.9854002357485622      -0.5120369611171545      0.0015077079612075       
0.4974371968657167       -0.5120369611171545      0.0015077079612075       
0.4974371968657167       -0.9854002357485622      0.0015077079612075       
-0.9854002357485622      0.4974371968657167       0.0015077079612075       
-0.5120369611171545      0.4974371968657167       0.0015077079612075       
-0.5120369611171545      -0.9854002357485622      0.0015077079612075       
-0.9860193373705984      -0.4177642561228480      0.0015301771282931       
0.4037835934934464       -0.4177642561228480      0.0015301771282931       
0.4037835934934464       -0.9860193373705984      0.0015301771282931       
-0.9860193373705984      0.4037835934934464       0.0015301771282931       
-0.4177642561228480      0.4037835934934464       0.0015301771282931       
-0.4177642561228480      -0.9860193373705984      0.0015301771282931       
-0.9866105101599900      -0.3188272994263661      0.0015248626629227       
0.3054378095863562       -0.3188272994263661      0.0015248626629227       
0.3054378095863562       -0.9866105101599900      0.0015248626629227       
-0.9866105101599900      0.3054378095863562       0.0015248626629227       
-0.3188272994263661      0.3054378095863562       0.0015248626629227       
-0.3188272994263661      -0.9866105101599900      0.0015248626629227       
-0.9871115186255568      -0.2164529188009625      0.0015086801168033       
0.2035644374265193       -0.2164529188009625      0.0015086801168033       
0.2035644374265193       -0.9871115186255568      0.0015086801168033       
-0.9871115186255568      0.2035644374265193       0.0015086801168033       
-0.2164529188009625      0.2035644374265193       0.0015086801168033       
-0.2164529188009625      -0.9871115186255568      0.0015086801168033       
-0.9876945555950865      -0.1117524134161058      0.0014574407981351       
0.0994469690111923       -0.1117524134161058      0.0014574407981351       
0.0994469690111923       -0.9876945555950866      0.0014574407981351       
-0.9876945555950866      0.0994469690111923       0.0014574407981351       
-0.1117524134161058      0.0994469690111923       0.0014574407981351       
-0.1117524134161058      -0.9876945555950866      0.0014574407981351       
-0.9582346557263406      -0.9225811929279978      0.0012211950865183       
0.8808158486543385       -0.9225811929279978      0.0012211950865183       
0.8808158486543386       -0.9582346557263404      0.0012211950865183       
-0.9582346557263404      0.8808158486543385       0.0012211950865183       
-0.9225811929279980      0.8808158486543385       0.0012211950865183       
-0.9225811929279980      -0.9582346557263404      0.0012211950865183       
-0.9589999540692148      -0.8768625310230544      0.0014932507904061       
0.8358624850922693       -0.8768625310230544      0.0014932507904061       
0.8358624850922693       -0.9589999540692148      0.0014932507904061       
-0.9589999540692148      0.8358624850922693       0.0014932507904061       
-0.8768625310230546      0.8358624850922693       0.0014932507904061       
-0.8768625310230544      -0.9589999540692148      0.0014932507904061       
-0.9600089297848891      -0.8214089183282094      0.0017302280097191       
0.7814178481130984       -0.8214089183282094      0.0017302280097191       
0.7814178481130984       -0.9600089297848891      0.0017302280097191       
-0.9600089297848891      0.7814178481130984       0.0017302280097191       
-0.8214089183282094      0.7814178481130984       0.0017302280097191       
-0.8214089183282094      -0.9600089297848891      0.0017302280097191       
-0.9609143280280130      -0.7568558648411523      0.0019379948097912       
0.7177701928691653       -0.7568558648411523      0.0019379948097912       
0.7177701928691653       -0.9609143280280130      0.0019379948097912       
-0.9609143280280130      0.7177701928691653       0.0019379948097912       
-0.7568558648411523      0.7177701928691653       0.0019379948097912       
-0.7568558648411523      -0.9609143280280130      0.0019379948097912       
-0.9616547049107840      -0.6839511833816379      0.0021083221796370       
0.6456058882924218       -0.6839511833816379      0.0021083221796370       
0.6456058882924218       -0.9616547049107840      0.0021083221796370       
-0.9616547049107840      0.6456058882924218       0.0021083221796370       
-0.6839511833816379      0.6456058882924218       0.0021083221796370       
-0.6839511833816379      -0.9616547049107840      0.0021083221796370       
-0.9629776024338857      -0.6034393356761867      0.0022376328827676       
0.5664169381100725       -0.6034393356761867      0.0022376328827676       
0.5664169381100725       -0.9629776024338857      0.0022376328827676       
-0.9629776024338857      0.5664169381100725       0.0022376328827676       
-0.6034393356761867      0.5664169381100725       0.0022376328827676       
-0.6034393356761867      -0.9629776024338857      0.0022376328827676       
-0.9643004010473598      -0.5162184148847506      0.0023109247874665       
0.4805188159321103       -0.5162184148847506      0.0023109247874665       
0.4805188159321103       -0.9643004010473598      0.0023109247874665       
-0.9643004010473598      0.4805188159321103       0.0023109247874665       
-0.5162184148847506      0.4805188159321103       0.0023109247874665       
-0.5162184148847506      -0.9643004010473598      0.0023109247874665       
-0.9657168298649634      -0.4231820478392294      0.0023557173037974       
0.3888988777041928       -0.4231820478392294      0.0023557173037974       
0.3888988777041928       -0.9657168298649634      0.0023557173037974       
-0.9657168298649634      0.3888988777041928       0.0023557173037974       
-0.4231820478392294      0.3888988777041928       0.0023557173037974       
-0.4231820478392294      -0.9657168298649634      0.0023557173037974       
-0.9671887764042074      -0.3253290856582382      0.0023541007696129       
0.2925178620624456       -0.3253290856582382      0.0023541007696129       
0.2925178620624456       -0.9671887764042074      0.0023541007696129       
-0.9671887764042074      0.2925178620624456       0.0023541007696129       
-0.3253290856582382      0.2925178620624456       0.0023541007696129       
-0.3253290856582382      -0.9671887764042074      0.0023541007696129       
-0.9684632378635092      -0.2238309477540476      0.0023233177874984       
0.1922941856175568       -0.2238309477540476      0.0023233177874984       
0.1922941856175568       -0.9684632378635092      0.0023233177874984       
-0.9684632378635092      0.1922941856175568       0.0023233177874984       
-0.2238309477540476      0.1922941856175568       0.0023233177874984       
-0.2238309477540477      -0.9684632378635092      0.0023233177874984       
-0.9700094434178780      -0.1196894123800343      0.0022421348077036       
0.0896988557979124       -0.1196894123800343      0.0022421348077036       
0.0896988557979124       -0.9700094434178780      0.0022421348077036       
-0.9700094434178780      0.0896988557979124       0.0022421348077036       
-0.1196894123800343      0.0896988557979124       0.0022421348077036       
-0.1196894123800343      -0.9700094434178780      0.0022421348077036       
-0.9244095451422376      -0.8775951536001914      0.0019918639448520       
0.8020046987424290       -0.8775951536001914      0.0019918639448520       
0.8020046987424290       -0.9244095451422376      0.0019918639448520       
-0.9244095451422378      0.8020046987424290       0.0019918639448520       
-0.8775951536001912      0.8020046987424290       0.0019918639448520       
-0.8775951536001914      -0.9244095451422376      0.0019918639448520       
-0.9261723679799356      -0.8226126001283465      0.0023092769485922       
0.7487849681082821       -0.8226126001283465      0.0023092769485922       
0.7487849681082821       -0.9261723679799356      0.0023092769485922       
-0.9261723679799356      0.7487849681082821       0.0023092769485922       
-0.8226126001283465      0.7487849681082821       0.0023092769485922       
-0.8226126001283465      -0.9261723679799356      0.0023092769485922       
-0.9278222971132070      -0.7587281198655211      0.0025808702339581       
0.6865504169787282       -0.7587281198655211      0.0025808702339581       
0.6865504169787282       -0.9278222971132070      0.0025808702339581       
-0.9278222971132070      0.6865504169787282       0.0025808702339581       
-0.7587281198655212      0.6865504169787282       0.0025808702339581       
-0.7587281198655211      -0.9278222971132070      0.0025808702339581       
-0.9294778761259310      -0.6867002152861406      0.0027863809536802       
0.6161780914120716       -0.6867002152861406      0.0027863809536802       
0.6161780914120716       -0.9294778761259310      0.0027863809536802       
-0.9294778761259310      0.6161780914120716       0.0027863809536802       
-0.6867002152861406      0.6161780914120716       0.0027863809536802       
-0.6867002152861406      -0.9294778761259310      0.0027863809536802       
-0.9316398384126290      -0.6073037669888317      0.0029631294081342       
0.5389436054014607       -0.6073037669888317      0.0029631294081342       
0.5389436054014608       -0.9316398384126288      0.0029631294081342       
-0.9316398384126288      0.5389436054014607       0.0029631294081342       
-0.6073037669888318      0.5389436054014607       0.0029631294081342       
-0.6073037669888318      -0.9316398384126288      0.0029631294081342       
-0.9341533134588836      -0.5213828094621726      0.0030585776966189       
0.4555361229210561       -0.5213828094621726      0.0030585776966189       
0.4555361229210562       -0.9341533134588836      0.0030585776966189       
-0.9341533134588836      0.4555361229210562       0.0030585776966189       
-0.5213828094621725      0.4555361229210562       0.0030585776966189       
-0.5213828094621725      -0.9341533134588836      0.0030585776966189       
-0.9366723787462028      -0.4298746095266644      0.0031112330025602       
0.3665469882728672       -0.4298746095266644      0.0031112330025602       
0.3665469882728672       -0.9366723787462028      0.0031112330025602       
-0.9366723787462028      0.3665469882728672       0.0031112330025602       
-0.4298746095266644      0.3665469882728672       0.0031112330025602       
-0.4298746095266644      -0.9366723787462028      0.0031112330025602       
-0.9393243940771298      -0.3336380315696794      0.0031216400033390       
0.2729624256468093       -0.3336380315696794      0.0031216400033390       
0.2729624256468093       -0.9393243940771298      0.0031216400033390       
-0.9393243940771298      0.2729624256468093       0.0031216400033390       
-0.3336380315696794      0.2729624256468093       0.0031216400033390       
-0.3336380315696794      -0.9393243940771298      0.0031216400033390       
-0.9418769052256422      -0.2336593674084998      0.0030634508731829       
0.1755362726341420       -0.2336593674084998      0.0030634508731829       
0.1755362726341420       -0.9418769052256422      0.0030634508731829       
-0.9418769052256422      0.1755362726341421       0.0030634508731829       
-0.2336593674084998      0.1755362726341421       0.0030634508731829       
-0.2336593674084998      -0.9418769052256422      0.0030634508731829       
-0.9447568834113486      -0.1307723087042745      0.0029761301203929       
0.0755291921156232       -0.1307723087042745      0.0029761301203929       
0.0755291921156232       -0.9447568834113486      0.0029761301203929       
-0.9447568834113486      0.0755291921156232       0.0029761301203929       
-0.1307723087042745      0.0755291921156232       0.0029761301203929       
-0.1307723087042745      -0.9447568834113486      0.0029761301203929       
-0.8824523529799211      -0.8257880518621032      0.0028309509987466       
0.7082404048420243       -0.8257880518621032      0.0028309509987466       
0.7082404048420243       -0.8824523529799211      0.0028309509987466       
-0.8824523529799210      0.7082404048420243       0.0028309509987466       
-0.8257880518621034      0.7082404048420243       0.0028309509987466       
-0.8257880518621032      -0.8824523529799211      0.0028309509987466       
-0.8850837293246270      -0.7629428055107297      0.0031641897705612       
0.6480265348353567       -0.7629428055107297      0.0031641897705612       
0.6480265348353567       -0.8850837293246270      0.0031641897705612       
-0.8850837293246269      0.6480265348353567       0.0031641897705612       
-0.7629428055107298      0.6480265348353567       0.0031641897705612       
-0.7629428055107297      -0.8850837293246270      0.0031641897705612       
-0.8880875897235616      -0.6919712376505516      0.0034115209874053       
0.5800588273741132       -0.6919712376505516      0.0034115209874053       
0.5800588273741132       -0.8880875897235616      0.0034115209874053       
-0.8880875897235616      0.5800588273741132       0.0034115209874053       
-0.6919712376505516      0.5800588273741132       0.0034115209874053       
-0.6919712376505516      -0.8880875897235616      0.0034115209874053       
-0.8912845814360359      -0.6136689168938358      0.0036246503811182       
0.5049534983298718       -0.6136689168938358      0.0036246503811182       
0.5049534983298718       -0.8912845814360359      0.0036246503811182       
-0.8912845814360359      0.5049534983298718       0.0036246503811182       
-0.6136689168938358      0.5049534983298718       0.0036246503811182       
-0.6136689168938358      -0.8912845814360359      0.0036246503811182       
-0.8952061575622781      -0.5288199239724896      0.0037604575738140       
0.4240260815347676       -0.5288199239724896      0.0037604575738140       
0.4240260815347676       -0.8952061575622781      0.0037604575738140       
-0.8952061575622781      0.4240260815347676       0.0037604575738140       
-0.5288199239724896      0.4240260815347676       0.0037604575738140       
-0.5288199239724896      -0.8952061575622781      0.0037604575738140       
-0.8992484324382981      -0.4384520564399648      0.0038099337504379       
0.3377004888782628       -0.4384520564399648      0.0038099337504379       
0.3377004888782628       -0.8992484324382981      0.0038099337504379       
-0.8992484324382981      0.3377004888782628       0.0038099337504379       
-0.4384520564399648      0.3377004888782628       0.0038099337504379       
-0.4384520564399648      -0.8992484324382981      0.0038099337504379       
-0.9033164171710890      -0.3436052069326742      0.0038168912591330       
0.2469216241037633       -0.3436052069326742      0.0038168912591330       
0.2469216241037632       -0.9033164171710890      0.0038168912591330       
-0.9033164171710890      0.2469216241037633       0.0038168912591330       
-0.3436052069326742      0.2469216241037633       0.0038168912591330       
-0.3436052069326742      -0.9033164171710890      0.0038168912591330       
-0.9076807606709980      -0.2452102090411276      0.0037295524445899       
0.1528909697121257       -0.2452102090411276      0.0037295524445899       
0.1528909697121257       -0.9076807606709980      0.0037295524445899       
-0.9076807606709980      0.1528909697121257       0.0037295524445899       
-0.2452102090411276      0.1528909697121257       0.0037295524445899       
-0.2452102090411276      -0.9076807606709980      0.0037295524445899       
-0.9121637463257039      -0.1442602974631450      0.0036174226366276       
0.0564240437888488       -0.1442602974631450      0.0036174226366276       
0.0564240437888488       -0.9121637463257039      0.0036174226366276       
-0.9121637463257039      0.0564240437888488       0.0036174226366276       
-0.1442602974631450      0.0564240437888488       0.0036174226366276       
-0.1442602974631450      -0.9121637463257039      0.0036174226366276       
-0.8332386578760884      -0.7675327814951138      0.0036867545709375       
0.6007714393712023       -0.7675327814951138      0.0036867545709375       
0.6007714393712023       -0.8332386578760884      0.0036867545709375       
-0.8332386578760884      0.6007714393712023       0.0036867545709375       
-0.7675327814951138      0.6007714393712023       0.0036867545709375       
-0.7675327814951138      -0.8332386578760884      0.0036867545709375       
-0.8379183766703702      -0.6976794171390284      0.0039736229155874       
0.5355977938093985       -0.6976794171390284      0.0039736229155874       
0.5355977938093985       -0.8379183766703702      0.0039736229155874       
-0.8379183766703702      0.5355977938093985       0.0039736229155874       
-0.6976794171390284      0.5355977938093985       0.0039736229155874       
-0.6976794171390284      -0.8379183766703702      0.0039736229155874       
-0.8425627675882830      -0.6207673252217563      0.0041869777170353       
0.4633300928100392       -0.6207673252217563      0.0041869777170353       
0.4633300928100392       -0.8425627675882830      0.0041869777170353       
-0.8425627675882830      0.4633300928100392       0.0041869777170353       
-0.6207673252217563      0.4633300928100392       0.0041869777170353       
-0.6207673252217563      -0.8425627675882830      0.0041869777170353       
-0.8479207703336078      -0.5376364805339415      0.0043493952590947       
0.3855572508675492       -0.5376364805339415      0.0043493952590947       
0.3855572508675494       -0.8479207703336078      0.0043493952590947       
-0.8479207703336079      0.3855572508675494       0.0043493952590947       
-0.5376364805339414      0.3855572508675494       0.0043493952590947       
-0.5376364805339414      -0.8479207703336078      0.0043493952590947       
-0.8538253641838915      -0.4492083574825924      0.0044024180134494       
0.3030337216664840       -0.4492083574825924      0.0044024180134494       
0.3030337216664840       -0.8538253641838915      0.0044024180134494       
-0.8538253641838915      0.3030337216664840       0.0044024180134494       
-0.4492083574825924      0.3030337216664840       0.0044024180134494       
-0.4492083574825924      -0.8538253641838915      0.0044024180134494       
-0.8596610477783195      -0.3565032757630595      0.0043850457921485       
0.2161643235413790       -0.3565032757630595      0.0043850457921485       
0.2161643235413791       -0.8596610477783195      0.0043850457921485       
-0.8596610477783195      0.2161643235413790       0.0043850457921485       
-0.3565032757630595      0.2161643235413790       0.0043850457921485       
-0.3565032757630595      -0.8596610477783195      0.0043850457921485       
-0.8660472179772848      -0.2601912421934120      0.0043178431338561       
0.1262384601706967       -0.2601912421934120      0.0043178431338561       
0.1262384601706967       -0.8660472179772847      0.0043178431338561       
-0.8660472179772848      0.1262384601706967       0.0043178431338561       
-0.2601912421934120      0.1262384601706967       0.0043178431338561       
-0.2601912421934120      -0.8660472179772847      0.0043178431338561       
-0.8725505646333684      -0.1612119734377535      0.0041794521412142       
0.0337625380711220       -0.1612119734377535      0.0041794521412142       
0.0337625380711219       -0.8725505646333684      0.0041794521412142       
-0.8725505646333684      0.0337625380711220       0.0041794521412142       
-0.1612119734377535      0.0337625380711220       0.0041794521412142       
-0.1612119734377535      -0.8725505646333684      0.0041794521412142       
-0.7793768021093588      -0.7047198753859414      0.0044404870416241       
0.4840966774953002       -0.7047198753859414      0.0044404870416241       
0.4840966774953002       -0.7793768021093588      0.0044404870416241       
-0.7793768021093588      0.4840966774953002       0.0044404870416241       
-0.7047198753859414      0.4840966774953002       0.0044404870416241       
-0.7047198753859414      -0.7793768021093588      0.0044404870416241       
-0.7860092487982522      -0.6296037196665798      0.0046567506046238       
0.4156129684648320       -0.6296037196665798      0.0046567506046238       
0.4156129684648319       -0.7860092487982522      0.0046567506046238       
-0.7860092487982521      0.4156129684648320       0.0046567506046238       
-0.6296037196665799      0.4156129684648320       0.0046567506046238       
-0.6296037196665798      -0.7860092487982522      0.0046567506046238       
-0.7929414223163678      -0.5484414637052704      0.0048275236087250       
0.3413828860216382       -0.5484414637052704      0.0048275236087250       
0.3413828860216382       -0.7929414223163678      0.0048275236087250       
-0.7929414223163678      0.3413828860216382       0.0048275236087250       
-0.5484414637052704      0.3413828860216382       0.0048275236087250       
-0.5484414637052704      -0.7929414223163678      0.0048275236087250       
-0.8008256450712308      -0.4620552807035463      0.0049039790760408       
0.2628809257747770       -0.4620552807035463      0.0049039790760408       
0.2628809257747770       -0.8008256450712308      0.0049039790760408       
-0.8008256450712308      0.2628809257747770       0.0049039790760408       
-0.4620552807035463      0.2628809257747770       0.0049039790760408       
-0.4620552807035463      -0.8008256450712308      0.0049039790760408       
-0.8090478493001045      -0.3715025626056670      0.0048444858435845       
0.1805504119057715       -0.3715025626056670      0.0048444858435845       
0.1805504119057715       -0.8090478493001045      0.0048444858435845       
-0.8090478493001045      0.1805504119057715       0.0048444858435845       
-0.3715025626056670      0.1805504119057715       0.0048444858435845       
-0.3715025626056670      -0.8090478493001045      0.0048444858435845       
-0.8174613789065573      -0.2776469758511379      0.0047754393522920       
0.0951083547576952       -0.2776469758511379      0.0047754393522920       
0.0951083547576952       -0.8174613789065575      0.0047754393522920       
-0.8174613789065573      0.0951083547576952       0.0047754393522920       
-0.2776469758511378      0.0951083547576952       0.0047754393522920       
-0.2776469758511378      -0.8174613789065575      0.0047754393522920       
-0.8263014976961971      -0.1810454101971300      0.0046423490127125       
0.0073469078933270       -0.1810454101971300      0.0046423490127125       
0.0073469078933270       -0.8263014976961971      0.0046423490127125       
-0.8263014976961971      0.0073469078933270       0.0046423490127125       
-0.1810454101971300      0.0073469078933270       0.0046423490127125       
-0.1810454101971300      -0.8263014976961971      0.0046423490127125       
-0.7221106181788899      -0.6396921657285131      0.0050597172449759       
0.3618027839074030       -0.6396921657285131      0.0050597172449759       
0.3618027839074030       -0.7221106181788899      0.0050597172449759       
-0.7221106181788899      0.3618027839074030       0.0050597172449759       
-0.6396921657285131      0.3618027839074030       0.0050597172449759       
-0.6396921657285131      -0.7221106181788899      0.0050597172449759       
-0.7311300627336352      -0.5604409079574801      0.0052057367680256       
0.2915709706911154       -0.5604409079574801      0.0052057367680256       
0.2915709706911154       -0.7311300627336350      0.0052057367680256       
-0.7311300627336351      0.2915709706911154       0.0052057367680256       
-0.5604409079574802      0.2915709706911154       0.0052057367680256       
-0.5604409079574802      -0.7311300627336350      0.0052057367680256       
-0.7410140575080241      -0.4761648323008595      0.0052838181107717       
0.2171788898088836       -0.4761648323008595      0.0052838181107717       
0.2171788898088836       -0.7410140575080240      0.0052838181107717       
-0.7410140575080241      0.2171788898088836       0.0052838181107717       
-0.4761648323008595      0.2171788898088836       0.0052838181107717       
-0.4761648323008595      -0.7410140575080240      0.0052838181107717       
-0.7520220417666311      -0.3877898970815402      0.0052215268146863       
0.1398119388481713       -0.3877898970815402      0.0052215268146863       
0.1398119388481713       -0.7520220417666312      0.0052215268146863       
-0.7520220417666311      0.1398119388481713       0.0052215268146863       
-0.3877898970815402      0.1398119388481713       0.0052215268146863       
-0.3877898970815402      -0.7520220417666312      0.0052215268146863       
-0.7628898402242205      -0.2965751164581492      0.0050774388701235       
0.0594649566823697       -0.2965751164581492      0.0050774388701235       
0.0594649566823697       -0.7628898402242204      0.0050774388701235       
-0.7628898402242205      0.0594649566823697       0.0050774388701235       
-0.2965751164581492      0.0594649566823697       0.0050774388701235       
-0.2965751164581492      -0.7628898402242204      0.0050774388701235       
-0.7740238030646913      -0.2030156136699928      0.0049424254869825       
-0.0229605832653159      -0.2030156136699928      0.0049424254869825       
-0.0229605832653159      -0.7740238030646913      0.0049424254869825       
-0.7740238030646913      -0.0229605832653159      0.0049424254869825       
-0.2030156136699928      -0.0229605832653159      0.0049424254869825       
-0.2030156136699928      -0.7740238030646913      0.0049424254869825       
-0.6629946442379067      -0.5744224825884943      0.0054873942870883       
0.2374171268264009       -0.5744224825884943      0.0054873942870883       
0.2374171268264010       -0.6629946442379067      0.0054873942870883       
-0.6629946442379067      0.2374171268264010       0.0054873942870883       
-0.5744224825884943      0.2374171268264010       0.0054873942870883       
-0.5744224825884943      -0.6629946442379067      0.0054873942870883       
-0.6752918081179238      -0.4924823744904527      0.0055300858102052       
0.1677741826083765       -0.4924823744904527      0.0055300858102052       
0.1677741826083766       -0.6752918081179238      0.0055300858102052       
-0.6752918081179238      0.1677741826083765       0.0055300858102052       
-0.4924823744904527      0.1677741826083765       0.0055300858102052       
-0.4924823744904527      -0.6752918081179238      0.0055300858102052       
-0.6888491678257700      -0.4064590725103188      0.0055085157254243       
0.0953082403360888       -0.4064590725103188      0.0055085157254243       
0.0953082403360888       -0.6888491678257700      0.0055085157254243       
-0.6888491678257700      0.0953082403360888       0.0055085157254243       
-0.4064590725103188      0.0953082403360888       0.0055085157254243       
-0.4064590725103188      -0.6888491678257700      0.0055085157254243       
-0.7029377041511928      -0.3176435119211243      0.0053134076844565       
0.0205812160723171       -0.3176435119211243      0.0053134076844565       
0.0205812160723171       -0.7029377041511928      0.0053134076844565       
-0.7029377041511928      0.0205812160723171       0.0053134076844565       
-0.3176435119211243      0.0205812160723171       0.0053134076844565       
-0.3176435119211243      -0.7029377041511928      0.0053134076844565       
-0.7167949230699968      -0.2270581425825842      0.0050813787437248       
-0.0561469343474190      -0.2270581425825842      0.0050813787437248       
-0.0561469343474190      -0.7167949230699968      0.0050813787437248       
-0.7167949230699968      -0.0561469343474190      0.0050813787437248       
-0.2270581425825842      -0.0561469343474190      0.0050813787437248       
-0.2270581425825842      -0.7167949230699968      0.0050813787437248       
-0.6045965795937298      -0.5098327449525346      0.0056742639687396       
0.1144293245462644       -0.5098327449525346      0.0056742639687396       
0.1144293245462644       -0.6045965795937298      0.0056742639687396       
-0.6045965795937298      0.1144293245462644       0.0056742639687396       
-0.5098327449525346      0.1144293245462644       0.0056742639687396       
-0.5098327449525346      -0.6045965795937298      0.0056742639687396       
-0.6205111976842523      -0.4266080155892982      0.0056388401163397       
0.0471192132735505       -0.4266080155892982      0.0056388401163397       
0.0471192132735505       -0.6205111976842523      0.0056388401163397       
-0.6205111976842523      0.0471192132735505       0.0056388401163397       
-0.4266080155892982      0.0471192132735505       0.0056388401163397       
-0.4266080155892982      -0.6205111976842523      0.0056388401163397       
-0.6377064601336428      -0.3405644151125052      0.0054735413084453       
-0.0217291247538520      -0.3405644151125052      0.0054735413084453       
-0.0217291247538520      -0.6377064601336428      0.0054735413084453       
-0.6377064601336428      -0.0217291247538520      0.0054735413084453       
-0.3405644151125052      -0.0217291247538520      0.0054735413084453       
-0.3405644151125052      -0.6377064601336428      0.0054735413084453       
-0.6551828997162132      -0.2529648536729997      0.0051867638589930       
-0.0918522466107871      -0.2529648536729997      0.0051867638589930       
-0.0918522466107871      -0.6551828997162134      0.0051867638589930       
-0.6551828997162132      -0.0918522466107871      0.0051867638589930       
-0.2529648536729996      -0.0918522466107871      0.0051867638589930       
-0.2529648536729996      -0.6551828997162134      0.0051867638589930       
-0.5478504129840864      -0.4488341332886136      0.0056760452836956       
-0.0033154537273000      -0.4488341332886136      0.0056760452836956       
-0.0033154537273000      -0.5478504129840864      0.0056760452836956       
-0.5478504129840864      -0.0033154537273000      0.0056760452836956       
-0.4488341332886136      -0.0033154537273000      0.0056760452836956       
-0.4488341332886136      -0.5478504129840864      0.0056760452836956       
-0.5678622951252447      -0.3655911730326724      0.0054936295612602       
-0.0665465318420829      -0.3655911730326724      0.0054936295612602       
-0.0665465318420830      -0.5678622951252446      0.0054936295612602       
-0.5678622951252447      -0.0665465318420830      0.0054936295612602       
-0.3655911730326724      -0.0665465318420830      0.0054936295612602       
-0.3655911730326724      -0.5678622951252446      0.0054936295612602       
-0.5883944461344686      -0.2811384011793927      0.0052715606064173       
-0.1304671526861387      -0.2811384011793927      0.0052715606064173       
-0.1304671526861387      -0.5883944461344686      0.0052715606064173       
-0.5883944461344686      -0.1304671526861387      0.0052715606064173       
-0.2811384011793927      -0.1304671526861387      0.0052715606064173       
-0.2811384011793927      -0.5883944461344686      0.0052715606064173       
-0.4951387016245626      -0.3911688916106790      0.0053936568556578       
-0.1136924067647584      -0.3911688916106790      0.0053936568556578       
-0.1136924067647584      -0.4951387016245627      0.0053936568556578       
-0.4951387016245626      -0.1136924067647584      0.0053936568556578       
-0.3911688916106789      -0.1136924067647584      0.0053936568556578       
-0.3911688916106789      -0.4951387016245627      0.0053936568556578       
-0.5179600823729953      -0.3104170229707246      0.0050316184491971       
-0.1716228946562800      -0.3104170229707246      0.0050316184491971       
-0.1716228946562800      -0.5179600823729953      0.0050316184491971       
-0.5179600823729953      -0.1716228946562800      0.0050316184491971       
-0.3104170229707246      -0.1716228946562800      0.0050316184491971       
-0.3104170229707246      -0.5179600823729953      0.0050316184491971       
-0.4469668088138988      -0.3406940224172876      0.0047305217653966       
-0.2123391687688136      -0.3406940224172876      0.0047305217653966       
-0.2123391687688136      -0.4469668088138987      0.0047305217653966       
-0.4469668088138988      -0.2123391687688136      0.0047305217653966       
-0.3406940224172877      -0.2123391687688136      0.0047305217653966       
-0.3406940224172877      -0.4469668088138987      0.0047305217653966       
-0.3333333333333333      -0.3333333333333333      0.0048354010035585       
