centroid    numS21      numS111     
false (1)   19 (3)      171 (6)     

x                        y                        w                        
-0.9980728395296176      0.9961456790592353       0.0000244462143143       
-0.9980728395296176      -0.9980728395296176      0.0000244462143143       
0.9961456790592353       -0.9980728395296176      0.0000244462143143       
-0.9898553233979422      0.9797106467958842       0.0001318709850009       
-0.9898553233979422      -0.9898553233979422      0.0001318709850009       
0.9797106467958842       -0.9898553233979422      0.0001318709850009       
-0.9751457571317926      0.9502915142635850       0.0003218639058508       
-0.9751457571317926      -0.9751457571317926      0.0003218639058508       
0.9502915142635850       -0.9751457571317926      0.0003218639058508       
-0.9541834222203546      0.9083668444407094       0.0005852257636656       
-0.9541834222203546      -0.9541834222203546      0.0005852257636656       
0.9083668444407094       -0.9541834222203546      0.0005852257636656       
-0.9274858440613762      0.8549716881227525       0.0009051572660634       
-0.9274858440613762      -0.9274858440613762      0.0009051572660634       
0.8549716881227525       -0.9274858440613762      0.0009051572660634       
-0.8956993450426065      0.7913986900852130       0.0012637476033683       
-0.8956993450426065      -0.8956993450426065      0.0012637476033683       
0.7913986900852130       -0.8956993450426065      0.0012637476033683       
-0.8593515516865102      0.7187031033730205       0.0016446959608674       
-0.8593515516865102      -0.8593515516865102      0.0016446959608674       
0.7187031033730205       -0.8593515516865102      0.0016446959608674       
-0.8190977211988278      0.6381954423976557       0.0020263495784805       
-0.8190977211988278      -0.8190977211988278      0.0020263495784805       
0.6381954423976558       -0.8190977211988278      0.0020263495784805       
-0.7756900516518025      0.5513801033036050       0.0023884194489415       
-0.7756900516518025      -0.7756900516518025      0.0023884194489415       
0.5513801033036051       -0.7756900516518025      0.0023884194489415       
-0.7299853308327231      0.4599706616654462       0.0027120564381696       
-0.7299853308327231      -0.7299853308327231      0.0027120564381696       
0.4599706616654462       -0.7299853308327231      0.0027120564381696       
-0.6828349933408544      0.3656699866817088       0.0029821654989223       
-0.6828349933408544      -0.6828349933408544      0.0029821654989223       
0.3656699866817088       -0.6828349933408544      0.0029821654989223       
-0.6350389348805847      0.2700778697611695       0.0031830831969038       
-0.6350389348805847      -0.6350389348805847      0.0031830831969038       
0.2700778697611694       -0.6350389348805847      0.0031830831969038       
-0.5874741622868752      0.1749483245737504       0.0033020398682417       
-0.5874741622868752      -0.5874741622868753      0.0033020398682417       
0.1749483245737504       -0.5874741622868753      0.0033020398682417       
-0.5409853751985918      0.0819707503971836       0.0033405509838985       
-0.5409853751985918      -0.5409853751985918      0.0033405509838985       
0.0819707503971836       -0.5409853751985918      0.0033405509838985       
-0.4962818966580781      -0.0074362066838438      0.0032938008246221       
-0.4962818966580781      -0.4962818966580781      0.0032938008246221       
-0.0074362066838438      -0.4962818966580781      0.0032938008246221       
-0.4542140042797077      -0.0915719914405846      0.0031594494585805       
-0.4542140042797077      -0.4542140042797077      0.0031594494585805       
-0.0915719914405846      -0.4542140042797077      0.0031594494585805       
-0.4150591481398891      -0.1698817037202218      0.0029742476146889       
-0.4150591481398891      -0.4150591481398891      0.0029742476146889       
-0.1698817037202218      -0.4150591481398891      0.0029742476146889       
-0.3795784731629484      -0.2408430536741033      0.0026962783602014       
-0.3795784731629484      -0.3795784731629484      0.0026962783602014       
-0.2408430536741033      -0.3795784731629484      0.0026962783602014       
-0.3484942411563714      -0.3030115176872572      0.0023141970822277       
-0.3484942411563714      -0.3484942411563714      0.0023141970822277       
-0.3030115176872572      -0.3484942411563714      0.0023141970822277       
-0.9980721169824704      -0.9898582325878899      0.0000567879085987       
0.9879303495703602       -0.9898582325878899      0.0000567879085987       
0.9879303495703602       -0.9980721169824704      0.0000567879085987       
-0.9980721169824704      0.9879303495703602       0.0000567879085987       
-0.9898582325878899      0.9879303495703602       0.0000567879085987       
-0.9898582325878899      -0.9980721169824704      0.0000567879085987       
-0.9980731537506178      -0.9751299814711786      0.0000887859768098       
0.9732031352217964       -0.9751299814711786      0.0000887859768098       
0.9732031352217964       -0.9980731537506178      0.0000887859768098       
-0.9980731537506176      0.9732031352217964       0.0000887859768098       
-0.9751299814711788      0.9732031352217964       0.0000887859768098       
-0.9751299814711786      -0.9980731537506178      0.0000887859768098       
-0.9980792592860162      -0.9539718558251374      0.0001199085708823       
0.9520511151111534       -0.9539718558251374      0.0001199085708823       
0.9520511151111534       -0.9980792592860162      0.0001199085708823       
-0.9980792592860162      0.9520511151111534       0.0001199085708823       
-0.9539718558251374      0.9520511151111534       0.0001199085708823       
-0.9539718558251374      -0.9980792592860162      0.0001199085708823       
-0.9980939848427804      -0.9265102166394814      0.0001494345688643       
0.9246042014822617       -0.9265102166394814      0.0001494345688643       
0.9246042014822617       -0.9980939848427804      0.0001494345688643       
-0.9980939848427804      0.9246042014822617       0.0001494345688643       
-0.9265102166394814      0.9246042014822617       0.0001494345688643       
-0.9265102166394814      -0.9980939848427804      0.0001494345688643       
-0.9981180495676998      -0.8929119717188827      0.0001767075004976       
0.8910300212865825       -0.8929119717188827      0.0001767075004976       
0.8910300212865825       -0.9981180495676998      0.0001767075004976       
-0.9981180495676998      0.8910300212865825       0.0001767075004976       
-0.8929119717188827      0.8910300212865825       0.0001767075004976       
-0.8929119717188827      -0.9981180495676998      0.0001767075004976       
-0.9981469861252754      -0.8533845274960341      0.0002016213250921       
0.8515315136213095       -0.8533845274960341      0.0002016213250921       
0.8515315136213095       -0.9981469861252754      0.0002016213250921       
-0.9981469861252754      0.8515315136213095       0.0002016213250921       
-0.8533845274960342      0.8515315136213095       0.0002016213250921       
-0.8533845274960341      -0.9981469861252754      0.0002016213250921       
-0.9981769814910160      -0.8081754089363766      0.0002242883264347       
0.8063523904273926       -0.8081754089363766      0.0002242883264347       
0.8063523904273926       -0.9981769814910160      0.0002242883264347       
-0.9981769814910160      0.8063523904273926       0.0002242883264347       
-0.8081754089363765      0.8063523904273926       0.0002242883264347       
-0.8081754089363766      -0.9981769814910160      0.0002242883264347       
-0.9982068518356076      -0.7575712405012061      0.0002447011452808       
0.7557780923368136       -0.7575712405012061      0.0002447011452808       
0.7557780923368136       -0.9982068518356076      0.0002447011452808       
-0.9982068518356074      0.7557780923368136       0.0002447011452808       
-0.7575712405012062      0.7557780923368136       0.0002447011452808       
-0.7575712405012061      -0.9982068518356076      0.0002447011452808       
-0.9982422507413796      -0.7018959289412976      0.0002619507272895       
0.7001381796826771       -0.7018959289412976      0.0002619507272895       
0.7001381796826771       -0.9982422507413796      0.0002619507272895       
-0.9982422507413796      0.7001381796826771       0.0002619507272895       
-0.7018959289412976      0.7001381796826771       0.0002619507272895       
-0.7018959289412976      -0.9982422507413796      0.0002619507272895       
-0.9982845852486146      -0.6415089583101186      0.0002755438790911       
0.6397935435587332       -0.6415089583101186      0.0002755438790911       
0.6397935435587332       -0.9982845852486146      0.0002755438790911       
-0.9982845852486146      0.6397935435587332       0.0002755438790911       
-0.6415089583101186      0.6397935435587332       0.0002755438790911       
-0.6415089583101186      -0.9982845852486146      0.0002755438790911       
-0.9983246901511014      -0.5768040586612315      0.0002867437753771       
0.5751287488123329       -0.5768040586612315      0.0002867437753771       
0.5751287488123329       -0.9983246901511014      0.0002867437753771       
-0.9983246901511014      0.5751287488123329       0.0002867437753771       
-0.5768040586612315      0.5751287488123329       0.0002867437753771       
-0.5768040586612315      -0.9983246901511014      0.0002867437753771       
-0.9983686092730100      -0.5082047053676546      0.0002945947353707       
0.5065733146406646       -0.5082047053676546      0.0002945947353707       
0.5065733146406646       -0.9983686092730100      0.0002945947353707       
-0.9983686092730100      0.5065733146406646       0.0002945947353707       
-0.5082047053676545      0.5065733146406646       0.0002945947353707       
-0.5082047053676546      -0.9983686092730100      0.0002945947353707       
-0.9984170982391710      -0.4361620786298768      0.0002988738519492       
0.4345791768690478       -0.4361620786298768      0.0002988738519492       
0.4345791768690477       -0.9984170982391710      0.0002988738519492       
-0.9984170982391708      0.4345791768690477       0.0002988738519492       
-0.4361620786298769      0.4345791768690477       0.0002988738519492       
-0.4361620786298769      -0.9984170982391710      0.0002988738519492       
-0.9984668774489716      -0.3611520900907313      0.0003001766337296       
0.3596189675397028       -0.3611520900907313      0.0003001766337296       
0.3596189675397028       -0.9984668774489714      0.0003001766337296       
-0.9984668774489714      0.3596189675397028       0.0003001766337296       
-0.3611520900907314      0.3596189675397028       0.0003001766337296       
-0.3611520900907314      -0.9984668774489714      0.0003001766337296       
-0.9985168586446108      -0.2836716303436662      0.0002988114629001       
0.2821884889882769       -0.2836716303436662      0.0002988114629001       
0.2821884889882768       -0.9985168586446106      0.0002988114629001       
-0.9985168586446106      0.2821884889882768       0.0002988114629001       
-0.2836716303436662      0.2821884889882768       0.0002988114629001       
-0.2836716303436662      -0.9985168586446106      0.0002988114629001       
-0.9985674202626054      -0.2042365732098181      0.0002948147951261       
0.2028039934724234       -0.2042365732098181      0.0002948147951261       
0.2028039934724235       -0.9985674202626054      0.0002948147951261       
-0.9985674202626054      0.2028039934724235       0.0002948147951261       
-0.2042365732098180      0.2028039934724235       0.0002948147951261       
-0.2042365732098180      -0.9985674202626054      0.0002948147951261       
-0.9986186864965050      -0.1233816056589315      0.0002882838208127       
0.1220002921554364       -0.1233816056589315      0.0002882838208127       
0.1220002921554364       -0.9986186864965050      0.0002882838208127       
-0.9986186864965048      0.1220002921554364       0.0002882838208127       
-0.1233816056589315      0.1220002921554364       0.0002882838208127       
-0.1233816056589315      -0.9986186864965050      0.0002882838208127       
-0.9986724637139752      -0.0416591753111342      0.0002790408797007       
0.0403316390251094       -0.0416591753111342      0.0002790408797007       
0.0403316390251094       -0.9986724637139752      0.0002790408797007       
-0.9986724637139752      0.0403316390251094       0.0002790408797007       
-0.0416591753111342      0.0403316390251094       0.0002790408797007       
-0.0416591753111342      -0.9986724637139752      0.0002790408797007       
-0.9898616368632476      -0.9751265749926976      0.0002060817333391       
0.9649882118559452       -0.9751265749926976      0.0002060817333391       
0.9649882118559452       -0.9898616368632476      0.0002060817333391       
-0.9898616368632476      0.9649882118559452       0.0002060817333391       
-0.9751265749926976      0.9649882118559452       0.0002060817333391       
-0.9751265749926976      -0.9898616368632476      0.0002060817333391       
-0.9898945496648592      -0.9539746629942292      0.0002781758962003       
0.9438692126590884       -0.9539746629942292      0.0002781758962003       
0.9438692126590884       -0.9898945496648592      0.0002781758962003       
-0.9898945496648592      0.9438692126590884       0.0002781758962003       
-0.9539746629942292      0.9438692126590884       0.0002781758962003       
-0.9539746629942292      -0.9898945496648592      0.0002781758962003       
-0.9899726395502217      -0.9265314817318394      0.0003464935108251       
0.9165041212820610       -0.9265314817318394      0.0003464935108251       
0.9165041212820610       -0.9899726395502217      0.0003464935108251       
-0.9899726395502217      0.9165041212820610       0.0003464935108251       
-0.9265314817318394      0.9165041212820610       0.0003464935108251       
-0.9265314817318394      -0.9899726395502217      0.0003464935108251       
-0.9900989716762074      -0.8929687168075990      0.0004095926853397       
0.8830676884838065       -0.8929687168075990      0.0004095926853397       
0.8830676884838065       -0.9900989716762074      0.0004095926853397       
-0.9900989716762076      0.8830676884838065       0.0004095926853397       
-0.8929687168075989      0.8830676884838065       0.0004095926853397       
-0.8929687168075990      -0.9900989716762074      0.0004095926853397       
-0.9902506279937444      -0.8534972176239508      0.0004672262550050       
0.8437478456176952       -0.8534972176239508      0.0004672262550050       
0.8437478456176952       -0.9902506279937444      0.0004672262550050       
-0.9902506279937444      0.8437478456176952       0.0004672262550050       
-0.8534972176239508      0.8437478456176952       0.0004672262550050       
-0.8534972176239508      -0.9902506279937444      0.0004672262550050       
-0.9904084813145342      -0.8083667241747723      0.0005195751570109       
0.7987752054893065       -0.8083667241747723      0.0005195751570109       
0.7987752054893065       -0.9904084813145342      0.0005195751570109       
-0.9904084813145342      0.7987752054893065       0.0005195751570109       
-0.8083667241747723      0.7987752054893065       0.0005195751570109       
-0.8083667241747723      -0.9904084813145342      0.0005195751570109       
-0.9905674119729500      -0.7578651540556980      0.0005664860138447       
0.7484325660286479       -0.7578651540556980      0.0005664860138447       
0.7484325660286479       -0.9905674119729500      0.0005664860138447       
-0.9905674119729500      0.7484325660286479       0.0005664860138447       
-0.7578651540556980      0.7484325660286479       0.0005664860138447       
-0.7578651540556980      -0.9905674119729500      0.0005664860138447       
-0.9907533534013022      -0.7023158891124119      0.0006062856561763       
0.6930692425137142       -0.7023158891124119      0.0006062856561763       
0.6930692425137142       -0.9907533534013022      0.0006062856561763       
-0.9907533534013022      0.6930692425137142       0.0006062856561763       
-0.7023158891124119      0.6930692425137142       0.0006062856561763       
-0.7023158891124119      -0.9907533534013022      0.0006062856561763       
-0.9909741070495862      -0.6420767980334610      0.0006378586152783       
0.6330509050830471       -0.6420767980334610      0.0006378586152783       
0.6330509050830471       -0.9909741070495862      0.0006378586152783       
-0.9909741070495862      0.6330509050830471       0.0006378586152783       
-0.6420767980334610      0.6330509050830471       0.0006378586152783       
-0.6420767980334610      -0.9909741070495862      0.0006378586152783       
-0.9911878555369378      -0.5775428673734815      0.0006632379370895       
0.5687307229104193       -0.5775428673734815      0.0006632379370895       
0.5687307229104193       -0.9911878555369378      0.0006632379370895       
-0.9911878555369378      0.5687307229104193       0.0006632379370895       
-0.5775428673734815      0.5687307229104193       0.0006632379370895       
-0.5775428673734815      -0.9911878555369378      0.0006632379370895       
-0.9914185238863608      -0.5091350740324190      0.0006812827186668       
0.5005535979187798       -0.5091350740324190      0.0006812827186668       
0.5005535979187798       -0.9914185238863608      0.0006812827186668       
-0.9914185238863608      0.5005535979187798       0.0006812827186668       
-0.5091350740324190      0.5005535979187798       0.0006812827186668       
-0.5091350740324190      -0.9914185238863608      0.0006812827186668       
-0.9916721286405586      -0.4373030046738758      0.0006912373914745       
0.4289751333144342       -0.4373030046738758      0.0006912373914745       
0.4289751333144342       -0.9916721286405586      0.0006912373914745       
-0.9916721286405586      0.4289751333144342       0.0006912373914745       
-0.4373030046738758      0.4289751333144342       0.0006912373914745       
-0.4373030046738758      -0.9916721286405586      0.0006912373914745       
-0.9919335751104620      -0.3625260513117672      0.0006941054264145       
0.3544596264222294       -0.3625260513117672      0.0006941054264145       
0.3544596264222293       -0.9919335751104620      0.0006941054264145       
-0.9919335751104620      0.3544596264222293       0.0006941054264145       
-0.3625260513117673      0.3544596264222293       0.0006941054264145       
-0.3625260513117673      -0.9919335751104620      0.0006941054264145       
-0.9921966536661544      -0.2853073208752944      0.0006906166594080       
0.2775039745414488       -0.2853073208752944      0.0006906166594080       
0.2775039745414487       -0.9921966536661544      0.0006906166594080       
-0.9921966536661542      0.2775039745414487       0.0006906166594080       
-0.2853073208752944      0.2775039745414487       0.0006906166594080       
-0.2853073208752944      -0.9921966536661544      0.0006906166594080       
-0.9924637003829452      -0.2061675886261291      0.0006808677301539       
0.1986312890090744       -0.2061675886261291      0.0006808677301539       
0.1986312890090744       -0.9924637003829452      0.0006808677301539       
-0.9924637003829454      0.1986312890090744       0.0006808677301539       
-0.2061675886261290      0.1986312890090744       0.0006808677301539       
-0.2061675886261291      -0.9924637003829452      0.0006808677301539       
-0.9927362806927545      -0.1256398043961553      0.0006649797675310       
0.1183760850889100       -0.1256398043961553      0.0006649797675310       
0.1183760850889100       -0.9927362806927545      0.0006649797675310       
-0.9927362806927545      0.1183760850889100       0.0006649797675310       
-0.1256398043961553      0.1183760850889100       0.0006649797675310       
-0.1256398043961553      -0.9927362806927545      0.0006649797675310       
-0.9930185980122210      -0.0442599304808658      0.0006435902783713       
0.0372785284930868       -0.0442599304808658      0.0006435902783713       
0.0372785284930868       -0.9930185980122210      0.0006435902783713       
-0.9930185980122210      0.0372785284930868       0.0006435902783713       
-0.0442599304808658      0.0372785284930868       0.0006435902783713       
-0.0442599304808658      -0.9930185980122210      0.0006435902783713       
-0.9752297892141342      -0.9540196974953664      0.0004341659867368       
0.9292494867095004       -0.9540196974953664      0.0004341659867368       
0.9292494867095004       -0.9752297892141342      0.0004341659867368       
-0.9752297892141342      0.9292494867095004       0.0004341659867368       
-0.9540196974953664      0.9292494867095004       0.0004341659867368       
-0.9540196974953664      -0.9752297892141342      0.0004341659867368       
-0.9754236136128432      -0.9266222829295990      0.0005404134691776       
0.9020458965424420       -0.9266222829295990      0.0005404134691776       
0.9020458965424420       -0.9754236136128432      0.0005404134691776       
-0.9754236136128432      0.9020458965424420       0.0005404134691776       
-0.9266222829295990      0.9020458965424420       0.0005404134691776       
-0.9266222829295990      -0.9754236136128432      0.0005404134691776       
-0.9757319399724698      -0.8931330960902153      0.0006385128988700       
0.8688650360626851       -0.8931330960902153      0.0006385128988700       
0.8688650360626851       -0.9757319399724698      0.0006385128988700       
-0.9757319399724698      0.8688650360626851       0.0006385128988700       
-0.8931330960902152      0.8688650360626851       0.0006385128988700       
-0.8931330960902153      -0.9757319399724698      0.0006385128988700       
-0.9761010611067282      -0.8537715776812120      0.0007280310326276       
0.8298726387879403       -0.8537715776812120      0.0007280310326276       
0.8298726387879403       -0.9761010611067282      0.0007280310326276       
-0.9761010611067285      0.8298726387879403       0.0007280310326276       
-0.8537715776812119      0.8298726387879403       0.0007280310326276       
-0.8537715776812120      -0.9761010611067282      0.0007280310326276       
-0.9764884853945364      -0.8087955371989843      0.0008089913757792       
0.7852840225935207       -0.8087955371989843      0.0008089913757792       
0.7852840225935207       -0.9764884853945364      0.0008089913757792       
-0.9764884853945364      0.7852840225935207       0.0008089913757792       
-0.8087955371989843      0.7852840225935207       0.0008089913757792       
-0.8087955371989843      -0.9764884853945364      0.0008089913757792       
-0.9768847838908086      -0.7584988086147066      0.0008809697312997       
0.7353835925055152       -0.7584988086147066      0.0008809697312997       
0.7353835925055152       -0.9768847838908086      0.0008809697312997       
-0.9768847838908084      0.7353835925055152       0.0008809697312997       
-0.7584988086147068      0.7353835925055152       0.0008809697312997       
-0.7584988086147066      -0.9768847838908086      0.0008809697312997       
-0.9773394831873324      -0.7032059760924287      0.0009423155836467       
0.6805454592797611       -0.7032059760924287      0.0009423155836467       
0.6805454592797611       -0.9773394831873324      0.0009423155836467       
-0.9773394831873324      0.6805454592797611       0.0009423155836467       
-0.7032059760924287      0.6805454592797611       0.0009423155836467       
-0.7032059760924287      -0.9773394831873324      0.0009423155836467       
-0.9778724967548356      -0.6432725528438958      0.0009914717192616       
0.6211450495987314       -0.6432725528438958      0.0009914717192616       
0.6211450495987314       -0.9778724967548356      0.0009914717192616       
-0.9778724967548356      0.6211450495987314       0.0009914717192616       
-0.6432725528438957      0.6211450495987314       0.0009914717192616       
-0.6432725528438958      -0.9778724967548356      0.0009914717192616       
-0.9784059960221704      -0.5790946524573599      0.0010296005402491       
0.5575006484795304       -0.5790946524573599      0.0010296005402491       
0.5575006484795304       -0.9784059960221704      0.0010296005402491       
-0.9784059960221704      0.5575006484795304       0.0010296005402491       
-0.5790946524573599      0.5575006484795304       0.0010296005402491       
-0.5790946524573599      -0.9784059960221704      0.0010296005402491       
-0.9789703156737311      -0.5110894373643482      0.0010570868171969       
0.4900597530380792       -0.5110894373643482      0.0010570868171969       
0.4900597530380792       -0.9789703156737311      0.0010570868171969       
-0.9789703156737311      0.4900597530380792       0.0010570868171969       
-0.5110894373643482      0.4900597530380792       0.0010570868171969       
-0.5110894373643482      -0.9789703156737311      0.0010570868171969       
-0.9795854101723456      -0.4396983720154538      0.0010726739424730       
0.4192837821877994       -0.4396983720154538      0.0010726739424730       
0.4192837821877992       -0.9795854101723456      0.0010726739424730       
-0.9795854101723453      0.4192837821877992       0.0010726739424730       
-0.4396983720154538      0.4192837821877992       0.0010726739424730       
-0.4396983720154538      -0.9795854101723456      0.0010726739424730       
-0.9802233412588466      -0.3653937486764489      0.0010771005206692       
0.3456170899352955       -0.3653937486764489      0.0010771005206692       
0.3456170899352955       -0.9802233412588466      0.0010771005206692       
-0.9802233412588466      0.3456170899352955       0.0010771005206692       
-0.3653937486764489      0.3456170899352955       0.0010771005206692       
-0.3653937486764489      -0.9802233412588466      0.0010771005206692       
-0.9808694029549087      -0.2886664063795963      0.0010713137038319       
0.2695358093345048       -0.2886664063795963      0.0010713137038319       
0.2695358093345048       -0.9808694029549087      0.0010713137038319       
-0.9808694029549087      0.2695358093345048       0.0010713137038319       
-0.2886664063795963      0.2695358093345048       0.0010713137038319       
-0.2886664063795963      -0.9808694029549087      0.0010713137038319       
-0.9815270304424037      -0.2100175543931975      0.0010559659741507       
0.1915445848356012       -0.2100175543931975      0.0010559659741507       
0.1915445848356012       -0.9815270304424037      0.0010559659741507       
-0.9815270304424037      0.1915445848356012       0.0010559659741507       
-0.2100175543931975      0.1915445848356012       0.0010559659741507       
-0.2100175543931975      -0.9815270304424037      0.0010559659741507       
-0.9822052894163829      -0.1299574111404742      0.0010305875114219       
0.1121627005568571       -0.1299574111404742      0.0010305875114219       
0.1121627005568571       -0.9822052894163829      0.0010305875114219       
-0.9822052894163829      0.1121627005568571       0.0010305875114219       
-0.1299574111404742      0.1121627005568571       0.0010305875114219       
-0.1299574111404742      -0.9822052894163829      0.0010305875114219       
-0.9828966091306556      -0.0490133969669808      0.0009975981570924       
0.0319100060976365       -0.0490133969669808      0.0009975981570924       
0.0319100060976365       -0.9828966091306556      0.0009975981570924       
-0.9828966091306556      0.0319100060976365       0.0009975981570924       
-0.0490133969669808      0.0319100060976365       0.0009975981570924       
-0.0490133969669808      -0.9828966091306556      0.0009975981570924       
-0.9545468900232568      -0.9268990503037740      0.0007279667257538       
0.8814459403270307       -0.9268990503037740      0.0007279667257538       
0.8814459403270307       -0.9545468900232568      0.0007279667257538       
-0.9545468900232565      0.8814459403270307       0.0007279667257538       
-0.9268990503037740      0.8814459403270307       0.0007279667257538       
-0.9268990503037740      -0.9545468900232568      0.0007279667257538       
-0.9551126552681510      -0.8935619443774148      0.0008598168274874       
0.8486745996455658       -0.8935619443774148      0.0008598168274874       
0.8486745996455658       -0.9551126552681510      0.0008598168274874       
-0.9551126552681510      0.8486745996455658       0.0008598168274874       
-0.8935619443774148      0.8486745996455658       0.0008598168274874       
-0.8935619443774148      -0.9551126552681510      0.0008598168274874       
-0.9557881892724394      -0.8544000371639231      0.0009800076063579       
0.8101882264363625       -0.8544000371639231      0.0009800076063579       
0.8101882264363625       -0.9557881892724394      0.0009800076063579       
-0.9557881892724394      0.8101882264363625       0.0009800076063579       
-0.8544000371639231      0.8101882264363625       0.0009800076063579       
-0.8544000371639231      -0.9557881892724394      0.0009800076063579       
-0.9565068625738482      -0.8096816363998016      0.0010879877295339       
0.7661884989736498       -0.8096816363998016      0.0010879877295339       
0.7661884989736498       -0.9565068625738484      0.0010879877295339       
-0.9565068625738484      0.7661884989736498       0.0010879877295339       
-0.8096816363998015      0.7661884989736498       0.0010879877295339       
-0.8096816363998014      -0.9565068625738484      0.0010879877295339       
-0.9572541584439488      -0.7597110525662305      0.0011830970585880       
0.7169652110101794       -0.7597110525662305      0.0011830970585880       
0.7169652110101794       -0.9572541584439488      0.0011830970585880       
-0.9572541584439488      0.7169652110101794       0.0011830970585880       
-0.7597110525662305      0.7169652110101794       0.0011830970585880       
-0.7597110525662305      -0.9572541584439488      0.0011830970585880       
-0.9580936685113151      -0.7048193426110825      0.0012642687612473       
0.6629130111223975       -0.7048193426110825      0.0012642687612473       
0.6629130111223975       -0.9580936685113151      0.0012642687612473       
-0.9580936685113151      0.6629130111223975       0.0012642687612473       
-0.7048193426110825      0.6629130111223975       0.0012642687612473       
-0.7048193426110825      -0.9580936685113151      0.0012642687612473       
-0.9590608872701880      -0.6453630345104175      0.0013300073504337       
0.6044239217806056       -0.6453630345104175      0.0013300073504337       
0.6044239217806056       -0.9590608872701880      0.0013300073504337       
-0.9590608872701880      0.6044239217806056       0.0013300073504337       
-0.6453630345104175      0.6044239217806056       0.0013300073504337       
-0.6453630345104175      -0.9590608872701880      0.0013300073504337       
-0.9600646919858888      -0.5817359890899354      0.0013794105692026       
0.5418006810758242       -0.5817359890899354      0.0013794105692026       
0.5418006810758242       -0.9600646919858888      0.0013794105692026       
-0.9600646919858888      0.5418006810758242       0.0013794105692026       
-0.5817359890899354      0.5418006810758242       0.0013794105692026       
-0.5817359890899354      -0.9600646919858888      0.0013794105692026       
-0.9611091079304914      -0.5143447947378224      0.0014151497044433       
0.4754539026683138       -0.5143447947378224      0.0014151497044433       
0.4754539026683138       -0.9611091079304914      0.0014151497044433       
-0.9611091079304914      0.4754539026683138       0.0014151497044433       
-0.5143447947378224      0.4754539026683138       0.0014151497044433       
-0.5143447947378224      -0.9611091079304914      0.0014151497044433       
-0.9622318320195810      -0.4436050685831916      0.0014365643982934       
0.4058369006027726       -0.4436050685831916      0.0014365643982934       
0.4058369006027726       -0.9622318320195812      0.0014365643982934       
-0.9622318320195812      0.4058369006027726       0.0014365643982934       
-0.4436050685831915      0.4058369006027726       0.0014365643982934       
-0.4436050685831915      -0.9622318320195812      0.0014365643982934       
-0.9634033697451434      -0.3699613126969145      0.0014432399562355       
0.3333646824420579       -0.3699613126969145      0.0014432399562355       
0.3333646824420580       -0.9634033697451434      0.0014432399562355       
-0.9634033697451436      0.3333646824420580       0.0014432399562355       
-0.3699613126969144      0.3333646824420580       0.0014432399562355       
-0.3699613126969144      -0.9634033697451434      0.0014432399562355       
-0.9646033607284406      -0.2938786136740900      0.0014354915109862       
0.2584819744025306       -0.2938786136740900      0.0014354915109862       
0.2584819744025306       -0.9646033607284406      0.0014354915109862       
-0.9646033607284406      0.2584819744025306       0.0014354915109862       
-0.2938786136740900      0.2584819744025306       0.0014354915109862       
-0.2938786136740900      -0.9646033607284406      0.0014354915109862       
-0.9658253923221000      -0.2158404434541434      0.0014151451136540       
0.1816658357762435       -0.2158404434541434      0.0014151451136540       
0.1816658357762435       -0.9658253923221000      0.0014151451136540       
-0.9658253923221000      0.1816658357762435       0.0014151451136540       
-0.2158404434541434      0.1816658357762435       0.0014151451136540       
-0.2158404434541434      -0.9658253923221000      0.0014151451136540       
-0.9670958554034988      -0.1363364145817532      0.0013812924532086       
0.1034322699852520       -0.1363364145817532      0.0013812924532086       
0.1034322699852519       -0.9670958554034988      0.0013812924532086       
-0.9670958554034986      0.1034322699852519       0.0013812924532086       
-0.1363364145817533      0.1034322699852519       0.0013812924532086       
-0.1363364145817532      -0.9670958554034988      0.0013812924532086       
-0.9683766110015644      -0.0558960483792217      0.0013373157474597       
0.0242726593807860       -0.0558960483792217      0.0013373157474597       
0.0242726593807860       -0.9683766110015644      0.0013373157474597       
-0.9683766110015644      0.0242726593807860       0.0013373157474597       
-0.0558960483792217      0.0242726593807860       0.0013373157474597       
-0.0558960483792217      -0.9683766110015644      0.0013373157474597       
-0.9283765908587090      -0.8944252795387506      0.0010691619364909       
0.8228018703974596       -0.8944252795387506      0.0010691619364909       
0.8228018703974596       -0.9283765908587090      0.0010691619364909       
-0.9283765908587088      0.8228018703974596       0.0010691619364909       
-0.8944252795387507      0.8228018703974596       0.0010691619364909       
-0.8944252795387506      -0.9283765908587090      0.0010691619364909       
-0.9294391062085045      -0.8555952389237962      0.0012186671597244       
0.7850343451323005       -0.8555952389237962      0.0012186671597244       
0.7850343451323005       -0.9294391062085045      0.0012186671597244       
-0.9294391062085045      0.7850343451323005       0.0012186671597244       
-0.8555952389237961      0.7850343451323005       0.0012186671597244       
-0.8555952389237962      -0.9294391062085045      0.0012186671597244       
-0.9305902316191860      -0.8112667171205254      0.0013522255915553       
0.7418569487397115       -0.8112667171205254      0.0013522255915553       
0.7418569487397115       -0.9305902316191860      0.0013522255915553       
-0.9305902316191860      0.7418569487397115       0.0013522255915553       
-0.8112667171205254      0.7418569487397115       0.0013522255915553       
-0.8112667171205254      -0.9305902316191860      0.0013522255915553       
-0.9318047593011796      -0.7617456163066365      0.0014691635350425       
0.6935503756078161       -0.7617456163066365      0.0014691635350425       
0.6935503756078161       -0.9318047593011796      0.0014691635350425       
-0.9318047593011796      0.6935503756078161       0.0014691635350425       
-0.7617456163066365      0.6935503756078161       0.0014691635350425       
-0.7617456163066365      -0.9318047593011796      0.0014691635350425       
-0.9331457009578366      -0.7073611393726815      0.0015689897994372       
0.6405068403305181       -0.7073611393726815      0.0015689897994372       
0.6405068403305181       -0.9331457009578368      0.0015689897994372       
-0.9331457009578366      0.6405068403305181       0.0015689897994372       
-0.7073611393726814      0.6405068403305181       0.0015689897994372       
-0.7073611393726813      -0.9331457009578368      0.0015689897994372       
-0.9346602925037992      -0.6484655031360811      0.0016507647953978       
0.5831257956398803       -0.6484655031360811      0.0016507647953978       
0.5831257956398803       -0.9346602925037992      0.0016507647953978       
-0.9346602925037992      0.5831257956398803       0.0016507647953978       
-0.6484655031360811      0.5831257956398803       0.0016507647953978       
-0.6484655031360811      -0.9346602925037992      0.0016507647953978       
-0.9362815192259842      -0.5854462449944267      0.0017113120827257       
0.5217277642204108       -0.5854462449944267      0.0017113120827257       
0.5217277642204108       -0.9362815192259842      0.0017113120827257       
-0.9362815192259842      0.5217277642204108       0.0017113120827257       
-0.5854462449944267      0.5217277642204108       0.0017113120827257       
-0.5854462449944267      -0.9362815192259842      0.0017113120827257       
-0.9379599537553606      -0.5187139288097427      0.0017537494859283       
0.4566738825651033       -0.5187139288097427      0.0017537494859283       
0.4566738825651033       -0.9379599537553606      0.0017537494859283       
-0.9379599537553606      0.4566738825651033       0.0017537494859283       
-0.5187139288097427      0.4566738825651033       0.0017537494859283       
-0.5187139288097427      -0.9379599537553606      0.0017537494859283       
-0.9397315849351214      -0.4486840004361155      0.0017798132933406       
0.3884155853712368       -0.4486840004361155      0.0017798132933406       
0.3884155853712368       -0.9397315849351214      0.0017798132933406       
-0.9397315849351212      0.3884155853712368       0.0017798132933406       
-0.4486840004361156      0.3884155853712368       0.0017798132933406       
-0.4486840004361156      -0.9397315849351214      0.0017798132933406       
-0.9415864380038316      -0.3757932652385692      0.0017877693219199       
0.3173797032424009       -0.3757932652385692      0.0017877693219199       
0.3173797032424008       -0.9415864380038316      0.0017877693219199       
-0.9415864380038316      0.3173797032424008       0.0017877693219199       
-0.3757932652385692      0.3173797032424008       0.0017877693219199       
-0.3757932652385692      -0.9415864380038316      0.0017877693219199       
-0.9435088220454526      -0.3004922161713011      0.0017773206850829       
0.2440010382167538       -0.3004922161713011      0.0017773206850829       
0.2440010382167537       -0.9435088220454526      0.0017773206850829       
-0.9435088220454524      0.2440010382167536       0.0017773206850829       
-0.3004922161713012      0.2440010382167536       0.0017773206850829       
-0.3004922161713012      -0.9435088220454526      0.0017773206850829       
-0.9454670705672102      -0.2232481166321534      0.0017512807670591       
0.1687151871993635       -0.2232481166321534      0.0017512807670591       
0.1687151871993635       -0.9454670705672102      0.0017512807670591       
-0.9454670705672102      0.1687151871993635       0.0017512807670591       
-0.2232481166321534      0.1687151871993635       0.0017512807670591       
-0.2232481166321534      -0.9454670705672102      0.0017512807670591       
-0.9474997409496532      -0.1445138342220278      0.0017107956169727       
0.0920135751716811       -0.1445138342220278      0.0017107956169727       
0.0920135751716811       -0.9474997409496532      0.0017107956169727       
-0.9474997409496532      0.0920135751716811       0.0017107956169727       
-0.1445138342220279      0.0920135751716811       0.0017107956169727       
-0.1445138342220279      -0.9474997409496532      0.0017107956169727       
-0.9495478441131184      -0.0647899908121454      0.0016567881130685       
0.0143378349252639       -0.0647899908121454      0.0016567881130685       
0.0143378349252639       -0.9495478441131184      0.0016567881130685       
-0.9495478441131184      0.0143378349252639       0.0016567881130685       
-0.0647899908121454      0.0143378349252639       0.0016567881130685       
-0.0647899908121454      -0.9495478441131184      0.0016567881130685       
-0.8972217495681887      -0.8573025364426781      0.0014414016521760       
0.7545242860108667       -0.8573025364426781      0.0014414016521760       
0.7545242860108667       -0.8972217495681887      0.0014414016521760       
-0.8972217495681887      0.7545242860108667       0.0014414016521760       
-0.8573025364426781      0.7545242860108667       0.0014414016521760       
-0.8573025364426781      -0.8972217495681887      0.0014414016521760       
-0.8989050761772424      -0.8134491768360674      0.0015996213357887       
0.7123542530133098       -0.8134491768360674      0.0015996213357887       
0.7123542530133098       -0.8989050761772424      0.0015996213357887       
-0.8989050761772424      0.7123542530133098       0.0015996213357887       
-0.8134491768360674      0.7123542530133098       0.0015996213357887       
-0.8134491768360674      -0.8989050761772424      0.0015996213357887       
-0.9007036578988521      -0.7644417982197074      0.0017375057853130       
0.6651454561185595       -0.7644417982197074      0.0017375057853130       
0.6651454561185595       -0.9007036578988521      0.0017375057853130       
-0.9007036578988521      0.6651454561185595       0.0017375057853130       
-0.7644417982197074      0.6651454561185595       0.0017375057853130       
-0.7644417982197074      -0.9007036578988521      0.0017375057853130       
-0.9026677793943798      -0.7106127038676346      0.0018545549092699       
0.6132804832620145       -0.7106127038676346      0.0018545549092699       
0.6132804832620145       -0.9026677793943798      0.0018545549092699       
-0.9026677793943798      0.6132804832620145       0.0018545549092699       
-0.7106127038676346      0.6132804832620145       0.0018545549092699       
-0.7106127038676346      -0.9026677793943798      0.0018545549092699       
-0.9048427147820470      -0.6523243527082527      0.0019504950977157       
0.5571670674902998       -0.6523243527082527      0.0019504950977157       
0.5571670674902999       -0.9048427147820470      0.0019504950977157       
-0.9048427147820470      0.5571670674902998       0.0019504950977157       
-0.6523243527082528      0.5571670674902998       0.0019504950977157       
-0.6523243527082528      -0.9048427147820470      0.0019504950977157       
-0.9072118788872267      -0.5899714858797527      0.0020214952232159       
0.4971833647669792       -0.5899714858797527      0.0020214952232159       
0.4971833647669792       -0.9072118788872267      0.0020214952232159       
-0.9072118788872267      0.4971833647669792       0.0020214952232159       
-0.5899714858797527      0.4971833647669792       0.0020214952232159       
-0.5899714858797527      -0.9072118788872267      0.0020214952232159       
-0.9096837012377048      -0.5239827793448606      0.0020683052884151       
0.4336664805825654       -0.5239827793448606      0.0020683052884151       
0.4336664805825654       -0.9096837012377048      0.0020683052884151       
-0.9096837012377048      0.4336664805825654       0.0020683052884151       
-0.5239827793448606      0.4336664805825654       0.0020683052884151       
-0.5239827793448606      -0.9096837012377048      0.0020683052884151       
-0.9122465225555316      -0.4547891549800255      0.0020963273515324       
0.3670356775355572       -0.4547891549800255      0.0020963273515324       
0.3670356775355572       -0.9122465225555318      0.0020963273515324       
-0.9122465225555318      0.3670356775355572       0.0020963273515324       
-0.4547891549800255      0.3670356775355572       0.0020963273515324       
-0.4547891549800255      -0.9122465225555318      0.0020963273515324       
-0.9149287331100145      -0.3828127438627560      0.0021038382057606       
0.2977414769727706       -0.3828127438627560      0.0021038382057606       
0.2977414769727706       -0.9149287331100145      0.0021038382057606       
-0.9149287331100145      0.2977414769727706       0.0021038382057606       
-0.3828127438627560      0.2977414769727706       0.0021038382057606       
-0.3828127438627560      -0.9149287331100145      0.0021038382057606       
-0.9177277492823630      -0.3084762102296376      0.0020909769132149       
0.2262039595120006       -0.3084762102296376      0.0020909769132149       
0.2262039595120006       -0.9177277492823630      0.0020909769132149       
-0.9177277492823632      0.2262039595120006       0.0020909769132149       
-0.3084762102296376      0.2262039595120006       0.0020909769132149       
-0.3084762102296376      -0.9177277492823630      0.0020909769132149       
-0.9205921910187598      -0.2322163886729100      0.0020590594262982       
0.1528085796916698       -0.2322163886729100      0.0020590594262982       
0.1528085796916698       -0.9205921910187598      0.0020590594262982       
-0.9205921910187598      0.1528085796916698       0.0020590594262982       
-0.2322163886729100      0.1528085796916698       0.0020590594262982       
-0.2322163886729100      -0.9205921910187598      0.0020590594262982       
-0.9235318452236004      -0.1544569719246993      0.0020135726562004       
0.0779888171482996       -0.1544569719246993      0.0020135726562004       
0.0779888171482997       -0.9235318452236004      0.0020135726562004       
-0.9235318452236004      0.0779888171482996       0.0020135726562004       
-0.1544569719246993      0.0779888171482996       0.0020135726562004       
-0.1544569719246993      -0.9235318452236004      0.0020135726562004       
-0.9265176462418728      -0.0756456161949326      0.0019510895184858       
0.0021632624368053       -0.0756456161949326      0.0019510895184858       
0.0021632624368053       -0.9265176462418728      0.0019510895184858       
-0.9265176462418728      0.0021632624368053       0.0019510895184858       
-0.0756456161949326      0.0021632624368053       0.0019510895184858       
-0.0756456161949326      -0.9265176462418728      0.0019510895184858       
-0.8616588644861465      -0.8160874981888999      0.0018253187937719       
0.6777463626750464       -0.8160874981888999      0.0018253187937719       
0.6777463626750464       -0.8616588644861465      0.0018253187937719       
-0.8616588644861465      0.6777463626750464       0.0018253187937719       
-0.8160874981888999      0.6777463626750464       0.0018253187937719       
-0.8160874981888999      -0.8616588644861465      0.0018253187937719       
-0.8641519416949353      -0.7677321350131256      0.0019818817677218       
0.6318840767080609       -0.7677321350131256      0.0019818817677218       
0.6318840767080609       -0.8641519416949353      0.0019818817677218       
-0.8641519416949353      0.6318840767080609       0.0019818817677218       
-0.7677321350131256      0.6318840767080609       0.0019818817677218       
-0.7677321350131256      -0.8641519416949353      0.0019818817677218       
-0.8668597111178666      -0.7146179259905365      0.0021140070041453       
0.5814776371084032       -0.7146179259905365      0.0021140070041453       
0.5814776371084032       -0.8668597111178666      0.0021140070041453       
-0.8668597111178667      0.5814776371084032       0.0021140070041453       
-0.7146179259905364      0.5814776371084032       0.0021140070041453       
-0.7146179259905365      -0.8668597111178666      0.0021140070041453       
-0.8698106735798985      -0.6571055519440632      0.0022220208091925       
0.5269162255239617       -0.6571055519440632      0.0022220208091925       
0.5269162255239616       -0.8698106735798986      0.0022220208091925       
-0.8698106735798986      0.5269162255239617       0.0022220208091925       
-0.6571055519440631      0.5269162255239617       0.0022220208091925       
-0.6571055519440631      -0.8698106735798986      0.0022220208091925       
-0.8730322652172198      -0.5955788089630796      0.0023038850519859       
0.4686110741802993       -0.5955788089630796      0.0023038850519859       
0.4686110741802993       -0.8730322652172198      0.0023038850519859       
-0.8730322652172198      0.4686110741802993       0.0023038850519859       
-0.5955788089630796      0.4686110741802993       0.0023038850519859       
-0.5955788089630796      -0.8730322652172198      0.0023038850519859       
-0.8764478387402401      -0.5304590657751287      0.0023559045772713       
0.4069069045153688       -0.5304590657751287      0.0023559045772713       
0.4069069045153688       -0.8764478387402401      0.0023559045772713       
-0.8764478387402401      0.4069069045153688       0.0023559045772713       
-0.5304590657751287      0.4069069045153688       0.0023559045772713       
-0.5304590657751287      -0.8764478387402401      0.0023559045772713       
-0.8799559833598560      -0.4621962664978949      0.0023843963187400       
0.3421522498577509       -0.4621962664978949      0.0023843963187400       
0.3421522498577510       -0.8799559833598560      0.0023843963187400       
-0.8799559833598561      0.3421522498577510       0.0023843963187400       
-0.4621962664978948      0.3421522498577510       0.0023843963187400       
-0.4621962664978948      -0.8799559833598560      0.0023843963187400       
-0.8836166330749562      -0.3912159219249768      0.0023895497402170       
0.2748325549999330       -0.3912159219249768      0.0023895497402170       
0.2748325549999331       -0.8836166330749563      0.0023895497402170       
-0.8836166330749563      0.2748325549999331       0.0023895497402170       
-0.3912159219249768      0.2748325549999331       0.0023895497402170       
-0.3912159219249768      -0.8836166330749563      0.0023895497402170       
-0.8874301516664929      -0.3179424047998971      0.0023737347456687       
0.2053725564663900       -0.3179424047998971      0.0023737347456687       
0.2053725564663900       -0.8874301516664929      0.0023737347456687       
-0.8874301516664929      0.2053725564663900       0.0023737347456687       
-0.3179424047998971      0.2053725564663900       0.0023737347456687       
-0.3179424047998971      -0.8874301516664929      0.0023737347456687       
-0.8913626381902151      -0.2427880766431700      0.0023360575052325       
0.1341507148333851       -0.2427880766431700      0.0023360575052325       
0.1341507148333851       -0.8913626381902152      0.0023360575052325       
-0.8913626381902152      0.1341507148333852       0.0023360575052325       
-0.2427880766431700      0.1341507148333852       0.0023360575052325       
-0.2427880766431700      -0.8913626381902152      0.0023360575052325       
-0.8953486338676212      -0.1661593676414560      0.0022841914095646       
0.0615080015090772       -0.1661593676414560      0.0022841914095646       
0.0615080015090772       -0.8953486338676213      0.0022841914095646       
-0.8953486338676212      0.0615080015090772       0.0022841914095646       
-0.1661593676414560      0.0615080015090772       0.0022841914095646       
-0.1661593676414560      -0.8953486338676213      0.0022841914095646       
-0.8994260506513818      -0.0884184018727478      0.0022153857638714       
-0.0121555474758704      -0.0884184018727478      0.0022153857638714       
-0.0121555474758704      -0.8994260506513818      0.0022153857638714       
-0.8994260506513818      -0.0121555474758704      0.0022153857638714       
-0.0884184018727478      -0.0121555474758704      0.0022153857638714       
-0.0884184018727478      -0.8994260506513818      0.0022153857638714       
-0.8223887432024231      -0.7715098426150797      0.0022001637296724       
0.5938985858175028       -0.7715098426150797      0.0022001637296724       
0.5938985858175028       -0.8223887432024231      0.0022001637296724       
-0.8223887432024231      0.5938985858175028       0.0022001637296724       
-0.7715098426150797      0.5938985858175028       0.0022001637296724       
-0.7715098426150797      -0.8223887432024231      0.0022001637296724       
-0.8259599368984063      -0.7192179423334528      0.0023461382783918       
0.5451778792318591       -0.7192179423334528      0.0023461382783918       
0.5451778792318591       -0.8259599368984063      0.0023461382783918       
-0.8259599368984063      0.5451778792318591       0.0023461382783918       
-0.7192179423334528      0.5451778792318591       0.0023461382783918       
-0.7192179423334528      -0.8259599368984063      0.0023461382783918       
-0.8298154276702339      -0.6625813627414672      0.0024641320148374       
0.4923967904117010       -0.6625813627414672      0.0024641320148374       
0.4923967904117011       -0.8298154276702339      0.0024641320148374       
-0.8298154276702340      0.4923967904117010       0.0024641320148374       
-0.6625813627414671      0.4923967904117010       0.0024641320148374       
-0.6625813627414672      -0.8298154276702339      0.0024641320148374       
-0.8339832062134831      -0.6019880161029718      0.0025550231246038       
0.4359712223164549       -0.6019880161029718      0.0025550231246038       
0.4359712223164549       -0.8339832062134831      0.0025550231246038       
-0.8339832062134831      0.4359712223164549       0.0025550231246038       
-0.6019880161029718      0.4359712223164549       0.0025550231246038       
-0.6019880161029718      -0.8339832062134831      0.0025550231246038       
-0.8384644780996566      -0.5378519889908691      0.0026126715310484       
0.3763164670905258       -0.5378519889908691      0.0026126715310484       
0.3763164670905257       -0.8384644780996564      0.0026126715310484       
-0.8384644780996565      0.3763164670905257       0.0026126715310484       
-0.5378519889908692      0.3763164670905257       0.0026126715310484       
-0.5378519889908692      -0.8384644780996564      0.0026126715310484       
-0.8430801744674330      -0.4706405431279346      0.0026398652518820       
0.3137207175953676       -0.4706405431279346      0.0026398652518820       
0.3137207175953676       -0.8430801744674330      0.0026398652518820       
-0.8430801744674329      0.3137207175953676       0.0026398652518820       
-0.4706405431279347      0.3137207175953676       0.0026398652518820       
-0.4706405431279347      -0.8430801744674330      0.0026398652518820       
-0.8478792224350158      -0.4007840775427897      0.0026407108838594       
0.2486632999778055       -0.4007840775427897      0.0026407108838594       
0.2486632999778056       -0.8478792224350159      0.0026407108838594       
-0.8478792224350159      0.2486632999778056       0.0026407108838594       
-0.4007840775427896      0.2486632999778056       0.0026407108838594       
-0.4007840775427896      -0.8478792224350159      0.0026407108838594       
-0.8528376789651695      -0.3287124917188295      0.0026201489867328       
0.1815501706839990       -0.3287124917188295      0.0026201489867328       
0.1815501706839990       -0.8528376789651695      0.0026201489867328       
-0.8528376789651696      0.1815501706839990       0.0026201489867328       
-0.3287124917188294      0.1815501706839990       0.0026201489867328       
-0.3287124917188294      -0.8528376789651695      0.0026201489867328       
-0.8579680572596601      -0.2548140305041430      0.0025782611842569       
0.1127820877638030       -0.2548140305041430      0.0025782611842569       
0.1127820877638030       -0.8579680572596601      0.0025782611842569       
-0.8579680572596601      0.1127820877638030       0.0025782611842569       
-0.2548140305041430      0.1127820877638030       0.0025782611842569       
-0.2548140305041430      -0.8579680572596601      0.0025782611842569       
-0.8631610862595084      -0.1794775597321599      0.0025171005116354       
0.0426386459916683       -0.1794775597321599      0.0025171005116354       
0.0426386459916684       -0.8631610862595084      0.0025171005116354       
-0.8631610862595084      0.0426386459916683       0.0025171005116354       
-0.1794775597321600      0.0426386459916683       0.0025171005116354       
-0.1794775597321600      -0.8631610862595084      0.0025171005116354       
-0.8684657795646513      -0.1029971451694095      0.0024426261440758       
-0.0285370752659393      -0.1029971451694095      0.0024426261440758       
-0.0285370752659393      -0.8684657795646514      0.0024426261440758       
-0.8684657795646513      -0.0285370752659392      0.0024426261440758       
-0.1029971451694094      -0.0285370752659392      0.0024426261440758       
-0.1029971451694095      -0.8684657795646514      0.0024426261440758       
-0.7802348969092103      -0.7243648610035469      0.0025459950117240       
0.5045997579127572       -0.7243648610035469      0.0025459950117240       
0.5045997579127572       -0.7802348969092103      0.0025459950117240       
-0.7802348969092103      0.5045997579127572       0.0025459950117240       
-0.7243648610035469      0.5045997579127572       0.0025459950117240       
-0.7243648610035469      -0.7802348969092103      0.0025459950117240       
-0.7851237573645373      -0.6687555253372075      0.0026725277486827       
0.4538792827017448       -0.6687555253372075      0.0026725277486827       
0.4538792827017448       -0.7851237573645373      0.0026725277486827       
-0.7851237573645373      0.4538792827017448       0.0026725277486827       
-0.6687555253372075      0.4538792827017448       0.0026725277486827       
-0.6687555253372075      -0.7851237573645373      0.0026725277486827       
-0.7903383594516795      -0.6092408561051958      0.0027703697436963       
0.3995792155568753       -0.6092408561051958      0.0027703697436963       
0.3995792155568753       -0.7903383594516797      0.0027703697436963       
-0.7903383594516796      0.3995792155568754       0.0027703697436963       
-0.6092408561051957      0.3995792155568754       0.0027703697436963       
-0.6092408561051956      -0.7903383594516797      0.0027703697436963       
-0.7959692525306659      -0.5462158549037603      0.0028350433673560       
0.3421851074344262       -0.5462158549037603      0.0028350433673560       
0.3421851074344262       -0.7959692525306659      0.0028350433673560       
-0.7959692525306659      0.3421851074344262       0.0028350433673560       
-0.5462158549037603      0.3421851074344262       0.0028350433673560       
-0.5462158549037603      -0.7959692525306659      0.0028350433673560       
-0.8018452325931009      -0.4801525499720132      0.0028617290760382       
0.2819977825651141       -0.4801525499720132      0.0028617290760382       
0.2819977825651141       -0.8018452325931009      0.0028617290760382       
-0.8018452325931009      0.2819977825651141       0.0028617290760382       
-0.4801525499720132      0.2819977825651141       0.0028617290760382       
-0.4801525499720132      -0.8018452325931009      0.0028617290760382       
-0.8079460323389192      -0.4115146984704084      0.0028572415977947       
0.2194607308093275       -0.4115146984704084      0.0028572415977947       
0.2194607308093275       -0.8079460323389192      0.0028572415977947       
-0.8079460323389192      0.2194607308093275       0.0028572415977947       
-0.4115146984704084      0.2194607308093275       0.0028572415977947       
-0.4115146984704084      -0.8079460323389192      0.0028572415977947       
-0.8142008003718721      -0.3407612371123807      0.0028279094530818       
0.1549620374842528       -0.3407612371123807      0.0028279094530818       
0.1549620374842529       -0.8142008003718721      0.0028279094530818       
-0.8142008003718721      0.1549620374842528       0.0028279094530818       
-0.3407612371123807      0.1549620374842528       0.0028279094530818       
-0.3407612371123807      -0.8142008003718721      0.0028279094530818       
-0.8206267203596066      -0.2682717313216192      0.0027813055123583       
0.0888984516812257       -0.2682717313216192      0.0027813055123583       
0.0888984516812257       -0.8206267203596065      0.0027813055123583       
-0.8206267203596066      0.0888984516812257       0.0027813055123583       
-0.2682717313216191      0.0888984516812257       0.0027813055123583       
-0.2682717313216191      -0.8206267203596065      0.0027813055123583       
-0.8271971069694394      -0.1943606896120196      0.0027120023154403       
0.0215577965814591       -0.1943606896120196      0.0027120023154403       
0.0215577965814591       -0.8271971069694395      0.0027120023154403       
-0.8271971069694394      0.0215577965814591       0.0027120023154403       
-0.1943606896120197      0.0215577965814591       0.0027120023154403       
-0.1943606896120197      -0.8271971069694395      0.0027120023154403       
-0.8338761714357876      -0.1192824303547604      0.0026303293414775       
-0.0468413982094518      -0.1192824303547604      0.0026303293414775       
-0.0468413982094518      -0.8338761714357876      0.0026303293414775       
-0.8338761714357876      -0.0468413982094518      0.0026303293414775       
-0.1192824303547604      -0.0468413982094518      0.0026303293414775       
-0.1192824303547604      -0.8338761714357876      0.0026303293414775       
-0.7360252154154594      -0.6755434695096971      0.0028446561782865       
0.4115686849251565       -0.6755434695096971      0.0028446561782865       
0.4115686849251565       -0.7360252154154594      0.0028446561782865       
-0.7360252154154594      0.4115686849251565       0.0028446561782865       
-0.6755434695096971      0.4115686849251565       0.0028446561782865       
-0.6755434695096971      -0.7360252154154594      0.0028446561782865       
-0.7424084329874687      -0.6172768666008173      0.0029454005092395       
0.3596852995882860       -0.6172768666008173      0.0029454005092395       
0.3596852995882860       -0.7424084329874687      0.0029454005092395       
-0.7424084329874687      0.3596852995882860       0.0029454005092395       
-0.6172768666008173      0.3596852995882860       0.0029454005092395       
-0.6172768666008173      -0.7424084329874687      0.0029454005092395       
-0.7492489559391740      -0.5555511313874653      0.0030158924667123       
0.3048000873266392       -0.5555511313874653      0.0030158924667123       
0.3048000873266392       -0.7492489559391740      0.0030158924667123       
-0.7492489559391740      0.3048000873266392       0.0030158924667123       
-0.5555511313874653      0.3048000873266392       0.0030158924667123       
-0.5555511313874653      -0.7492489559391740      0.0030158924667123       
-0.7564936959507793      -0.4907870066322034      0.0030461847141484       
0.2472807025829827       -0.4907870066322034      0.0030461847141484       
0.2472807025829826       -0.7564936959507792      0.0030461847141484       
-0.7564936959507792      0.2472807025829826       0.0030461847141484       
-0.4907870066322034      0.2472807025829826       0.0030461847141484       
-0.4907870066322034      -0.7564936959507792      0.0030461847141484       
-0.7640359023215006      -0.4234574727434315      0.0030403423386863       
0.1874933750649321       -0.4234574727434315      0.0030403423386863       
0.1874933750649321       -0.7640359023215006      0.0030403423386863       
-0.7640359023215006      0.1874933750649321       0.0030403423386863       
-0.4234574727434315      0.1874933750649321       0.0030403423386863       
-0.4234574727434315      -0.7640359023215006      0.0030403423386863       
-0.7717671931656668      -0.3540616277512414      0.0030014671974177       
0.1258288209169083       -0.3540616277512414      0.0030014671974177       
0.1258288209169083       -0.7717671931656668      0.0030014671974177       
-0.7717671931656668      0.1258288209169083       0.0030014671974177       
-0.3540616277512415      0.1258288209169083       0.0030014671974177       
-0.3540616277512415      -0.7717671931656668      0.0030014671974177       
-0.7796149638819518      -0.2830536604610321      0.0029428692522014       
0.0626686243429839       -0.2830536604610321      0.0029428692522014       
0.0626686243429839       -0.7796149638819518      0.0029428692522014       
-0.7796149638819518      0.0626686243429839       0.0029428692522014       
-0.2830536604610321      0.0626686243429839       0.0029428692522014       
-0.2830536604610321      -0.7796149638819518      0.0029428692522014       
-0.7876836178941657      -0.2106973060250544      0.0028680197710184       
-0.0016190760807798      -0.2106973060250544      0.0028680197710184       
-0.0016190760807798      -0.7876836178941656      0.0028680197710184       
-0.7876836178941657      -0.0016190760807798      0.0028680197710184       
-0.2106973060250545      -0.0016190760807798      0.0028680197710184       
-0.2106973060250545      -0.7876836178941656      0.0028680197710184       
-0.7959022246002969      -0.1371578132798457      0.0027797190784151       
-0.0669399621198574      -0.1371578132798457      0.0027797190784151       
-0.0669399621198574      -0.7959022246002969      0.0027797190784151       
-0.7959022246002969      -0.0669399621198574      0.0027797190784151       
-0.1371578132798457      -0.0669399621198574      0.0027797190784151       
-0.1371578132798457      -0.7959022246002969      0.0027797190784151       
-0.6905322244322492      -0.6259018570676176      0.0030833308669711       
0.3164340814998668       -0.6259018570676176      0.0030833308669711       
0.3164340814998668       -0.6905322244322489      0.0030833308669711       
-0.6905322244322490      0.3164340814998668       0.0030833308669711       
-0.6259018570676177      0.3164340814998668       0.0030833308669711       
-0.6259018570676177      -0.6905322244322489      0.0030833308669711       
-0.6986737709972262      -0.5655916864927406      0.0031535689662020       
0.2642654574899668       -0.5655916864927406      0.0031535689662020       
0.2642654574899668       -0.6986737709972262      0.0031535689662020       
-0.6986737709972262      0.2642654574899668       0.0031535689662020       
-0.5655916864927406      0.2642654574899668       0.0031535689662020       
-0.5655916864927406      -0.6986737709972262      0.0031535689662020       
-0.7073466883086614      -0.5022852681124124      0.0031868379210374       
0.2096319564210738       -0.5022852681124124      0.0031868379210374       
0.2096319564210738       -0.7073466883086614      0.0031868379210374       
-0.7073466883086614      0.2096319564210738       0.0031868379210374       
-0.5022852681124124      0.2096319564210738       0.0031868379210374       
-0.5022852681124124      -0.7073466883086614      0.0031868379210374       
-0.7164099670862203      -0.4364373877581220      0.0031824670400897       
0.1528473548443423       -0.4364373877581220      0.0031824670400897       
0.1528473548443423       -0.7164099670862203      0.0031824670400897       
-0.7164099670862203      0.1528473548443423       0.0031824670400897       
-0.4364373877581220      0.1528473548443423       0.0031824670400897       
-0.4364373877581220      -0.7164099670862203      0.0031824670400897       
-0.7257585834698654      -0.3685278902949285      0.0031402746784928       
0.0942864737647939       -0.3685278902949285      0.0031402746784928       
0.0942864737647939       -0.7257585834698654      0.0031402746784928       
-0.7257585834698654      0.0942864737647939       0.0031402746784928       
-0.3685278902949285      0.0942864737647939       0.0031402746784928       
-0.3685278902949285      -0.7257585834698654      0.0031402746784928       
-0.7352337231956529      -0.2990547165693420      0.0030658477638985       
0.0342884397649950       -0.2990547165693420      0.0030658477638985       
0.0342884397649950       -0.7352337231956529      0.0030658477638985       
-0.7352337231956529      0.0342884397649950       0.0030658477638985       
-0.2990547165693420      0.0342884397649950       0.0030658477638985       
-0.2990547165693420      -0.7352337231956529      0.0030658477638985       
-0.7448754975082045      -0.2283528051181664      0.0029828566278141       
-0.0267716973736291      -0.2283528051181664      0.0029828566278141       
-0.0267716973736291      -0.7448754975082044      0.0029828566278141       
-0.7448754975082044      -0.0267716973736291      0.0029828566278141       
-0.2283528051181665      -0.0267716973736291      0.0029828566278141       
-0.2283528051181665      -0.7448754975082044      0.0029828566278141       
-0.7547523185668903      -0.1565009419425449      0.0028916497537584       
-0.0887467394905648      -0.1565009419425449      0.0028916497537584       
-0.0887467394905648      -0.7547523185668903      0.0028916497537584       
-0.7547523185668903      -0.0887467394905648      0.0028916497537584       
-0.1565009419425449      -0.0887467394905648      0.0028916497537584       
-0.1565009419425449      -0.7547523185668903      0.0028916497537584       
-0.6446263940914292      -0.5762645871454388      0.0032485430115887       
0.2208909812368680       -0.5762645871454388      0.0032485430115887       
0.2208909812368680       -0.6446263940914292      0.0032485430115887       
-0.6446263940914292      0.2208909812368680       0.0032485430115887       
-0.5762645871454388      0.2208909812368680       0.0032485430115887       
-0.5762645871454388      -0.6446263940914292      0.0032485430115887       
-0.6547780628044160      -0.5145461112954621      0.0032826702586810       
0.1693241740998781       -0.5145461112954621      0.0032826702586810       
0.1693241740998781       -0.6547780628044160      0.0032826702586810       
-0.6547780628044160      0.1693241740998781       0.0032826702586810       
-0.5145461112954621      0.1693241740998781       0.0032826702586810       
-0.5145461112954621      -0.6547780628044160      0.0032826702586810       
-0.6654027079490153      -0.4503154525820806      0.0032790320192860       
0.1157181605310960       -0.4503154525820806      0.0032790320192860       
0.1157181605310960       -0.6654027079490152      0.0032790320192860       
-0.6654027079490153      0.1157181605310960       0.0032790320192860       
-0.4503154525820806      0.1157181605310960       0.0032790320192860       
-0.4503154525820806      -0.6654027079490152      0.0032790320192860       
-0.6764152173041686      -0.3840573083024372      0.0032368916547524       
0.0604725256066059       -0.3840573083024372      0.0032368916547524       
0.0604725256066059       -0.6764152173041686      0.0032368916547524       
-0.6764152173041686      0.0604725256066059       0.0032368916547524       
-0.3840573083024372      0.0604725256066059       0.0032368916547524       
-0.3840573083024372      -0.6764152173041686      0.0032368916547524       
-0.6877178688395990      -0.3162486393892552      0.0031526125260898       
0.0039665082288542       -0.3162486393892552      0.0031526125260898       
0.0039665082288542       -0.6877178688395991      0.0031526125260898       
-0.6877178688395990      0.0039665082288542       0.0031526125260898       
-0.3162486393892553      0.0039665082288542       0.0031526125260898       
-0.3162486393892553      -0.6877178688395991      0.0031526125260898       
-0.6990663180887147      -0.2473082621214312      0.0030558256552869       
-0.0536254197898542      -0.2473082621214312      0.0030558256552869       
-0.0536254197898542      -0.6990663180887147      0.0030558256552869       
-0.6990663180887147      -0.0536254197898542      0.0030558256552869       
-0.2473082621214312      -0.0536254197898542      0.0030558256552869       
-0.2473082621214312      -0.6990663180887147      0.0030558256552869       
-0.7106326300586117      -0.1772549508380311      0.0029657952073283       
-0.1121124191033571      -0.1772549508380311      0.0029657952073283       
-0.1121124191033572      -0.7106326300586115      0.0029657952073283       
-0.7106326300586117      -0.1121124191033572      0.0029657952073283       
-0.1772549508380312      -0.1121124191033572      0.0029657952073283       
-0.1772549508380312      -0.7106326300586115      0.0029657952073283       
-0.5991848223508009      -0.5275357108537850      0.0033292276508109       
0.1267205332045860       -0.5275357108537850      0.0033292276508109       
0.1267205332045860       -0.5991848223508009      0.0033292276508109       
-0.5991848223508009      0.1267205332045860       0.0033292276508109       
-0.5275357108537850      0.1267205332045860       0.0033292276508109       
-0.5275357108537850      -0.5991848223508009      0.0033292276508109       
-0.6114045065999147      -0.4651247613535430      0.0033258822471350       
0.0765292679534577       -0.4651247613535430      0.0033258822471350       
0.0765292679534577       -0.6114045065999147      0.0033258822471350       
-0.6114045065999147      0.0765292679534577       0.0033258822471350       
-0.4651247613535430      0.0765292679534577       0.0033258822471350       
-0.4651247613535430      -0.6114045065999147      0.0033258822471350       
-0.6240836967105268      -0.4006529284049764      0.0032858268223470       
0.0247366251155032       -0.4006529284049764      0.0032858268223470       
0.0247366251155033       -0.6240836967105268      0.0032858268223470       
-0.6240836967105268      0.0247366251155032       0.0032858268223470       
-0.4006529284049764      0.0247366251155032       0.0032858268223470       
-0.4006529284049764      -0.6240836967105268      0.0032858268223470       
-0.6372644451540481      -0.3345849190962652      0.0032043562966083       
-0.0281506357496867      -0.3345849190962652      0.0032043562966083       
-0.0281506357496867      -0.6372644451540481      0.0032043562966083       
-0.6372644451540481      -0.0281506357496867      0.0032043562966083       
-0.3345849190962652      -0.0281506357496867      0.0032043562966083       
-0.3345849190962652      -0.6372644451540481      0.0032043562966083       
-0.6505507977365987      -0.2674416845472386      0.0030913232746702       
-0.0820075177161628      -0.2674416845472386      0.0030913232746702       
-0.0820075177161627      -0.6505507977365989      0.0030913232746702       
-0.6505507977365987      -0.0820075177161627      0.0030913232746702       
-0.2674416845472386      -0.0820075177161627      0.0030913232746702       
-0.2674416845472386      -0.6505507977365989      0.0030913232746702       
-0.6638612949323364      -0.1992900125039849      0.0029961029430772       
-0.1368486925636787      -0.1992900125039849      0.0029961029430772       
-0.1368486925636787      -0.6638612949323364      0.0029961029430772       
-0.6638612949323364      -0.1368486925636787      0.0029961029430772       
-0.1992900125039849      -0.1368486925636787      0.0029961029430772       
-0.1992900125039849      -0.6638612949323364      0.0029961029430772       
-0.5549020553536217      -0.4804867464148845      0.0033259890137550       
0.0353888017685062       -0.4804867464148845      0.0033259890137550       
0.0353888017685063       -0.5549020553536217      0.0033259890137550       
-0.5549020553536217      0.0353888017685062       0.0033259890137550       
-0.4804867464148845      0.0353888017685062       0.0033259890137550       
-0.4804867464148845      -0.5549020553536217      0.0033259890137550       
-0.5693215139785432      -0.4179705504938796      0.0032794924648848       
-0.0127079355275770      -0.4179705504938796      0.0032794924648848       
-0.0127079355275770      -0.5693215139785432      0.0032794924648848       
-0.5693215139785432      -0.0127079355275770      0.0032794924648848       
-0.4179705504938796      -0.0127079355275770      0.0032794924648848       
-0.4179705504938796      -0.5693215139785432      0.0032794924648848       
-0.5842691669548767      -0.3538109845345110      0.0032067458899202       
-0.0619198485106123      -0.3538109845345110      0.0032067458899202       
-0.0619198485106123      -0.5842691669548767      0.0032067458899202       
-0.5842691669548767      -0.0619198485106123      0.0032067458899202       
-0.3538109845345110      -0.0619198485106123      0.0032067458899202       
-0.3538109845345110      -0.5842691669548767      0.0032067458899202       
-0.5996135036330695      -0.2884968784050050      0.0030904043640846       
-0.1118896179619255      -0.2884968784050050      0.0030904043640846       
-0.1118896179619255      -0.5996135036330696      0.0030904043640846       
-0.5996135036330695      -0.1118896179619255      0.0030904043640846       
-0.2884968784050050      -0.1118896179619255      0.0030904043640846       
-0.2884968784050050      -0.5996135036330696      0.0030904043640846       
-0.6148661384517047      -0.2223296948976645      0.0029781585985786       
-0.1628041666506308      -0.2223296948976645      0.0029781585985786       
-0.1628041666506308      -0.6148661384517047      0.0029781585985786       
-0.6148661384517047      -0.1628041666506308      0.0029781585985786       
-0.2223296948976645      -0.1628041666506308      0.0029781585985786       
-0.2223296948976645      -0.6148661384517047      0.0029781585985786       
-0.5126327274234543      -0.4357828627420916      0.0032308602137956       
-0.0515844098344540      -0.4357828627420916      0.0032308602137956       
-0.0515844098344540      -0.5126327274234543      0.0032308602137956       
-0.5126327274234543      -0.0515844098344540      0.0032308602137956       
-0.4357828627420917      -0.0515844098344540      0.0032308602137956       
-0.4357828627420917      -0.5126327274234543      0.0032308602137956       
-0.5293264036068368      -0.3737682782108327      0.0031505628619593       
-0.0969053181823305      -0.3737682782108327      0.0031505628619593       
-0.0969053181823305      -0.5293264036068368      0.0031505628619593       
-0.5293264036068368      -0.0969053181823305      0.0031505628619593       
-0.3737682782108327      -0.0969053181823305      0.0031505628619593       
-0.3737682782108327      -0.5293264036068368      0.0031505628619593       
-0.5466213377931899      -0.3104792524449182      0.0030432991114998       
-0.1428994097618918      -0.3104792524449182      0.0030432991114998       
-0.1428994097618918      -0.5466213377931899      0.0030432991114998       
-0.5466213377931899      -0.1428994097618918      0.0030432991114998       
-0.3104792524449182      -0.1428994097618918      0.0030432991114998       
-0.3104792524449182      -0.5466213377931899      0.0030432991114998       
-0.5639956668027117      -0.2462554570431783      0.0029277902351125       
-0.1897488761541100      -0.2462554570431783      0.0029277902351125       
-0.1897488761541100      -0.5639956668027117      0.0029277902351125       
-0.5639956668027117      -0.1897488761541100      0.0029277902351125       
-0.2462554570431784      -0.1897488761541100      0.0029277902351125       
-0.2462554570431784      -0.5639956668027117      0.0029277902351125       
-0.4728287204570909      -0.3943515695947512      0.0030701126046378       
-0.1328197099481578      -0.3943515695947512      0.0030701126046378       
-0.1328197099481578      -0.4728287204570909      0.0030701126046378       
-0.4728287204570909      -0.1328197099481578      0.0030701126046378       
-0.3943515695947512      -0.1328197099481578      0.0030701126046378       
-0.3943515695947512      -0.4728287204570909      0.0030701126046378       
-0.4920655784884781      -0.3332533341024040      0.0029568086524446       
-0.1746810874091180      -0.3332533341024040      0.0029568086524446       
-0.1746810874091180      -0.4920655784884782      0.0029568086524446       
-0.4920655784884781      -0.1746810874091180      0.0029568086524446       
-0.3332533341024039      -0.1746810874091180      0.0029568086524446       
-0.3332533341024039      -0.4920655784884782      0.0029568086524446       
-0.5114910532741372      -0.2710563455935574      0.0028585561011688       
-0.2174526011323054      -0.2710563455935574      0.0028585561011688       
-0.2174526011323054      -0.5114910532741374      0.0028585561011688       
-0.5114910532741372      -0.2174526011323054      0.0028585561011688       
-0.2710563455935574      -0.2174526011323054      0.0028585561011688       
-0.2710563455935574      -0.5114910532741374      0.0028585561011688       
-0.4362810448310306      -0.3560410346455562      0.0028567975340101       
-0.2076779205234133      -0.3560410346455562      0.0028567975340101       
-0.2076779205234133      -0.4362810448310306      0.0028567975340101       
-0.4362810448310306      -0.2076779205234133      0.0028567975340101       
-0.3560410346455562      -0.2076779205234133      0.0028567975340101       
-0.3560410346455562      -0.4362810448310306      0.0028567975340101       
-0.4576024953338582      -0.2963421970364104      0.0027504876090368       
-0.2460553076297314      -0.2963421970364104      0.0027504876090368       
-0.2460553076297314      -0.4576024953338582      0.0027504876090368       
-0.4576024953338582      -0.2460553076297314      0.0027504876090368       
-0.2963421970364104      -0.2460553076297314      0.0027504876090368       
-0.2963421970364104      -0.4576024953338582      0.0027504876090368       
-0.4025461375062967      -0.3219938871636574      0.0025909727234221       
-0.2754599753300458      -0.3219938871636574      0.0025909727234221       
-0.2754599753300458      -0.4025461375062967      0.0025909727234221       
-0.4025461375062967      -0.2754599753300458      0.0025909727234221       
-0.3219938871636574      -0.2754599753300458      0.0025909727234221       
-0.3219938871636574      -0.4025461375062967      0.0025909727234221       
