centroid    numS21      numS111     
false (1)   20 (3)      190 (6)     

x                        y                        w                        
-0.9982569181646914      0.9965138363293826       0.0000200001047583       
-0.9982569181646914      -0.9982569181646914      0.0000200001047583       
0.9965138363293826       -0.9982569181646914      0.0000200001047583       
-0.9908273878180688      0.9816547756361378       0.0001078439836211       
-0.9908273878180688      -0.9908273878180688      0.0001078439836211       
0.9816547756361378       -0.9908273878180688      0.0001078439836211       
-0.9775179709363786      0.9550359418727572       0.0002635838407368       
-0.9775179709363786      -0.9775179709363786      0.0002635838407368       
0.9550359418727572       -0.9775179709363786      0.0002635838407368       
-0.9585055101639224      0.9170110203278450       0.0004808139942183       
-0.9585055101639224      -0.9585055101639224      0.0004808139942183       
0.9170110203278450       -0.9585055101639224      0.0004808139942183       
-0.9342276606021076      0.8684553212042152       0.0007466997365455       
-0.9342276606021076      -0.9342276606021076      0.0007466997365455       
0.8684553212042152       -0.9342276606021076      0.0007466997365455       
-0.9052364993186974      0.8104729986373949       0.0010471367978924       
-0.9052364993186974      -0.9052364993186974      0.0010471367978924       
0.8104729986373949       -0.9052364993186974      0.0010471367978924       
-0.8719594292776710      0.7439188585553420       0.0013705179137933       
-0.8719594292776710      -0.8719594292776710      0.0013705179137933       
0.7439188585553419       -0.8719594292776710      0.0013705179137933       
-0.8349148932944030      0.6698297865888061       0.0017001879459922       
-0.8349148932944030      -0.8349148932944030      0.0017001879459922       
0.6698297865888061       -0.8349148932944030      0.0017001879459922       
-0.7947763694987029      0.5895527389974058       0.0020204167922869       
-0.7947763694987029      -0.7947763694987029      0.0020204167922869       
0.5895527389974058       -0.7947763694987029      0.0020204167922869       
-0.7522462081612629      0.5044924163225257       0.0023141779763488       
-0.7522462081612629      -0.7522462081612629      0.0023141779763488       
0.5044924163225257       -0.7522462081612629      0.0023141779763488       
-0.7079875511749458      0.4159751023498917       0.0025717233381613       
-0.7079875511749458      -0.7079875511749458      0.0025717233381613       
0.4159751023498916       -0.7079875511749458      0.0025717233381613       
-0.6627697270190887      0.3255394540381773       0.0027790905559220       
-0.6627697270190887      -0.6627697270190887      0.0027790905559220       
0.3255394540381773       -0.6627697270190887      0.0027790905559220       
-0.6173278842446932      0.2346557684893864       0.0029252265284266       
-0.6173278842446932      -0.6173278842446932      0.0029252265284266       
0.2346557684893864       -0.6173278842446932      0.0029252265284266       
-0.5723715523327496      0.1447431046654992       0.0030037189721508       
-0.5723715523327496      -0.5723715523327497      0.0030037189721508       
0.1447431046654992       -0.5723715523327497      0.0030037189721508       
-0.5285997890322212      0.0571995780644423       0.0030174542693590       
-0.5285997890322212      -0.5285997890322212      0.0030174542693590       
0.0571995780644423       -0.5285997890322212      0.0030174542693590       
-0.4866284005403269      -0.0267431989193463      0.0029584160205277       
-0.4866284005403269      -0.4866284005403268      0.0029584160205277       
-0.0267431989193463      -0.4866284005403268      0.0029584160205277       
-0.4471672574530344      -0.1056654850939312      0.0028326259427029       
-0.4471672574530344      -0.4471672574530344      0.0028326259427029       
-0.1056654850939312      -0.4471672574530344      0.0028326259427029       
-0.4104252746427080      -0.1791494507145841      0.0026627502532095       
-0.4104252746427080      -0.4104252746427080      0.0026627502532095       
-0.1791494507145841      -0.4104252746427080      0.0026627502532095       
-0.3770700825383508      -0.2458598349232986      0.0024120242290470       
-0.3770700825383508      -0.3770700825383506      0.0024120242290470       
-0.2458598349232986      -0.3770700825383506      0.0024120242290470       
-0.3477575446365298      -0.3044849107269403      0.0020890853175622       
-0.3477575446365298      -0.3477575446365298      0.0020890853175622       
-0.3044849107269403      -0.3477575446365298      0.0020890853175622       
-0.9982570692556419      -0.9908260099009234      0.0000464481553896       
0.9890830791565653       -0.9908260099009234      0.0000464481553896       
0.9890830791565653       -0.9982570692556419      0.0000464481553896       
-0.9982570692556422      0.9890830791565653       0.0000464481553896       
-0.9908260099009232      0.9890830791565653       0.0000464481553896       
-0.9908260099009234      -0.9982570692556419      0.0000464481553896       
-0.9982577586276806      -0.9774989757075861      0.0000726583482383       
0.9757567343352668       -0.9774989757075861      0.0000726583482383       
0.9757567343352668       -0.9982577586276806      0.0000726583482383       
-0.9982577586276806      0.9757567343352668       0.0000726583482383       
-0.9774989757075864      0.9757567343352668       0.0000726583482383       
-0.9774989757075861      -0.9982577586276806      0.0000726583482383       
-0.9982618200282992      -0.9583447500253472      0.0000982658011795       
0.9566065700536464       -0.9583447500253472      0.0000982658011795       
0.9566065700536464       -0.9982618200282992      0.0000982658011795       
-0.9982618200282992      0.9566065700536464       0.0000982658011795       
-0.9583447500253472      0.9566065700536464       0.0000982658011795       
-0.9583447500253472      -0.9982618200282992      0.0000982658011795       
-0.9982734224038596      -0.9334674778520984      0.0001226791270587       
0.9317409002559580       -0.9334674778520984      0.0001226791270587       
0.9317409002559580       -0.9982734224038596      0.0001226791270587       
-0.9982734224038597      0.9317409002559580       0.0001226791270587       
-0.9334674778520982      0.9317409002559580       0.0001226791270587       
-0.9334674778520984      -0.9982734224038596      0.0001226791270587       
-0.9982930766672174      -0.9030045359858556      0.0001453936730532       
0.9012976126530730       -0.9030045359858556      0.0001453936730532       
0.9012976126530730       -0.9982930766672174      0.0001453936730532       
-0.9982930766672174      0.9012976126530730       0.0001453936730532       
-0.9030045359858556      0.9012976126530730       0.0001453936730532       
-0.9030045359858556      -0.9982930766672174      0.0001453936730532       
-0.9983170255907592      -0.8671264739232041      0.0001663204978511       
0.8654434995139633       -0.8671264739232041      0.0001663204978511       
0.8654434995139633       -0.9983170255907592      0.0001663204978511       
-0.9983170255907592      0.8654434995139633       0.0001663204978511       
-0.8671264739232041      0.8654434995139633       0.0001663204978511       
-0.8671264739232041      -0.9983170255907592      0.0001663204978511       
-0.9983417573463514      -0.8260367368853498      0.0001855683560683       
0.8243784942317012       -0.8260367368853498      0.0001855683560683       
0.8243784942317012       -0.9983417573463514      0.0001855683560683       
-0.9983417573463512      0.8243784942317012       0.0001855683560683       
-0.8260367368853500      0.8243784942317012       0.0001855683560683       
-0.8260367368853498      -0.9983417573463514      0.0001855683560683       
-0.9983672294701436      -0.7799708409260586      0.0002030194284608       
0.7783380703962022       -0.7799708409260586      0.0002030194284608       
0.7783380703962022       -0.9983672294701436      0.0002030194284608       
-0.9983672294701434      0.7783380703962022       0.0002030194284608       
-0.7799708409260587      0.7783380703962022       0.0002030194284608       
-0.7799708409260586      -0.9983672294701436      0.0002030194284608       
-0.9983955096594354      -0.7291950929399693      0.0002182955223307       
0.7275906025994048       -0.7291950929399693      0.0002182955223307       
0.7275906025994048       -0.9983955096594354      0.0002182955223307       
-0.9983955096594354      0.7275906025994048       0.0002182955223307       
-0.7291950929399694      0.7275906025994048       0.0002182955223307       
-0.7291950929399693      -0.9983955096594354      0.0002182955223307       
-0.9984288927883344      -0.6740050203893906      0.0002309161828935       
0.6724339131777251       -0.6740050203893906      0.0002309161828935       
0.6724339131777251       -0.9984288927883344      0.0002309161828935       
-0.9984288927883346      0.6724339131777251       0.0002309161828935       
-0.6740050203893905      0.6724339131777251       0.0002309161828935       
-0.6740050203893906      -0.9984288927883344      0.0002309161828935       
-0.9984654061712788      -0.6147239276307424      0.0002409805035388       
0.6131893338020211       -0.6147239276307424      0.0002409805035388       
0.6131893338020211       -0.9984654061712788      0.0002409805035388       
-0.9984654061712788      0.6131893338020211       0.0002409805035388       
-0.6147239276307424      0.6131893338020211       0.0002409805035388       
-0.6147239276307424      -0.9984654061712788      0.0002409805035388       
-0.9985001853487296      -0.5517012370093686      0.0002492003658166       
0.5502014223580982       -0.5517012370093686      0.0002492003658166       
0.5502014223580982       -0.9985001853487296      0.0002492003658166       
-0.9985001853487298      0.5502014223580982       0.0002492003658166       
-0.5517012370093685      0.5502014223580982       0.0002492003658166       
-0.5517012370093686      -0.9985001853487296      0.0002492003658166       
-0.9985397672662358      -0.4853090177219001      0.0002545219356829       
0.4838487849881358       -0.4853090177219001      0.0002545219356829       
0.4838487849881359       -0.9985397672662358      0.0002545219356829       
-0.9985397672662358      0.4838487849881359       0.0002545219356829       
-0.4853090177219000      0.4838487849881359       0.0002545219356829       
-0.4853090177219000      -0.9985397672662358      0.0002545219356829       
-0.9985800127876264      -0.4159420739516398      0.0002575846565656       
0.4145220867392661       -0.4159420739516398      0.0002575846565656       
0.4145220867392660       -0.9985800127876262      0.0002575846565656       
-0.9985800127876262      0.4145220867392660       0.0002575846565656       
-0.4159420739516398      0.4145220867392660       0.0002575846565656       
-0.4159420739516398      -0.9985800127876262      0.0002575846565656       
-0.9986246215967532      -0.3440137035296422      0.0002577933370730       
0.3426383251263954       -0.3440137035296422      0.0002577933370730       
0.3426383251263954       -0.9986246215967532      0.0002577933370730       
-0.9986246215967532      0.3426383251263954       0.0002577933370730       
-0.3440137035296422      0.3426383251263954       0.0002577933370730       
-0.3440137035296422      -0.9986246215967532      0.0002577933370730       
-0.9986682818973855      -0.2699564163789087      0.0002561216137304       
0.2686246982762942       -0.2699564163789087      0.0002561216137304       
0.2686246982762943       -0.9986682818973855      0.0002561216137304       
-0.9986682818973855      0.2686246982762943       0.0002561216137304       
-0.2699564163789086      0.2686246982762943       0.0002561216137304       
-0.2699564163789086      -0.9986682818973855      0.0002561216137304       
-0.9987087358374240      -0.1942189635597012      0.0002530955762390       
0.1929276993971252       -0.1942189635597012      0.0002530955762390       
0.1929276993971252       -0.9987087358374240      0.0002530955762390       
-0.9987087358374240      0.1929276993971252       0.0002530955762390       
-0.1942189635597012      0.1929276993971252       0.0002530955762390       
-0.1942189635597012      -0.9987087358374240      0.0002530955762390       
-0.9987564910765814      -0.1172612324889544      0.0002468929757587       
0.1160177235655358       -0.1172612324889544      0.0002468929757587       
0.1160177235655358       -0.9987564910765814      0.0002468929757587       
-0.9987564910765812      0.1160177235655358       0.0002468929757587       
-0.1172612324889545      0.1160177235655358       0.0002468929757587       
-0.1172612324889544      -0.9987564910765814      0.0002468929757587       
-0.9988032949682424      -0.0395622154709254      0.0002391314564480       
0.0383655104391678       -0.0395622154709254      0.0002391314564480       
0.0383655104391678       -0.9988032949682424      0.0002391314564480       
-0.9988032949682424      0.0383655104391678       0.0002391314564480       
-0.0395622154709253      0.0383655104391678       0.0002391314564480       
-0.0395622154709253      -0.9988032949682424      0.0002391314564480       
-0.9908316430900054      -0.9775047792966522      0.0001686412362093       
0.9683364223866578       -0.9775047792966522      0.0001686412362093       
0.9683364223866578       -0.9908316430900054      0.0001686412362093       
-0.9908316430900056      0.9683364223866578       0.0001686412362093       
-0.9775047792966522      0.9683364223866578       0.0001686412362093       
-0.9775047792966522      -0.9908316430900054      0.0001686412362093       
-0.9908536641261184      -0.9583613941345794      0.0002279846613512       
0.9492150582606979       -0.9583613941345794      0.0002279846613512       
0.9492150582606979       -0.9908536641261184      0.0002279846613512       
-0.9908536641261184      0.9492150582606979       0.0002279846613512       
-0.9583613941345794      0.9492150582606979       0.0002279846613512       
-0.9583613941345794      -0.9908536641261184      0.0002279846613512       
-0.9909151745238016      -0.9335048606618556      0.0002845162203015       
0.9244200351856572       -0.9335048606618556      0.0002845162203015       
0.9244200351856572       -0.9909151745238016      0.0002845162203015       
-0.9909151745238016      0.9244200351856572       0.0002845162203015       
-0.9335048606618556      0.9244200351856572       0.0002845162203015       
-0.9335048606618556      -0.9909151745238016      0.0002845162203015       
-0.9910184284509240      -0.9030754697265658      0.0003371147676621       
0.8940938981774897       -0.9030754697265658      0.0003371147676621       
0.8940938981774897       -0.9910184284509240      0.0003371147676621       
-0.9910184284509240      0.8940938981774897       0.0003371147676621       
-0.9030754697265658      0.8940938981774897       0.0003371147676621       
-0.9030754697265658      -0.9910184284509240      0.0003371147676621       
-0.9911438846833756      -0.8672457151005739      0.0003855888311412       
0.8583895997839495       -0.8672457151005739      0.0003855888311412       
0.8583895997839495       -0.9911438846833756      0.0003855888311412       
-0.9911438846833756      0.8583895997839495       0.0003855888311412       
-0.8672457151005738      0.8583895997839495       0.0003855888311412       
-0.8672457151005739      -0.9911438846833756      0.0003855888311412       
-0.9912741193020076      -0.8262200542093354      0.0004301104173925       
0.8174941735113430       -0.8262200542093354      0.0004301104173925       
0.8174941735113430       -0.9912741193020076      0.0004301104173925       
-0.9912741193020076      0.8174941735113430       0.0004301104173925       
-0.8262200542093354      0.8174941735113430       0.0004301104173925       
-0.8262200542093354      -0.9912741193020076      0.0004301104173925       
-0.9914090440695648      -0.7802341777137010      0.0004703750106124       
0.7716432217832658       -0.7802341777137010      0.0004703750106124       
0.7716432217832658       -0.9914090440695648      0.0004703750106124       
-0.9914090440695648      0.7716432217832658       0.0004703750106124       
-0.7802341777137010      0.7716432217832658       0.0004703750106124       
-0.7802341777137010      -0.9914090440695648      0.0004703750106124       
-0.9915583907452550      -0.7295539053159188      0.0005056188659157       
0.7211122960611738       -0.7295539053159188      0.0005056188659157       
0.7211122960611739       -0.9915583907452548      0.0005056188659157       
-0.9915583907452548      0.7211122960611738       0.0005056188659157       
-0.7295539053159189      0.7211122960611738       0.0005056188659157       
-0.7295539053159189      -0.9915583907452548      0.0005056188659157       
-0.9917330014641526      -0.6744739096919610      0.0005348906260261       
0.6662069111561135       -0.6744739096919610      0.0005348906260261       
0.6662069111561135       -0.9917330014641526      0.0005348906260261       
-0.9917330014641526      0.6662069111561135       0.0005348906260261       
-0.6744739096919610      0.6662069111561135       0.0005348906260261       
-0.6744739096919610      -0.9917330014641526      0.0005348906260261       
-0.9919252193864526      -0.6153177409480370      0.0005580980643064       
0.6072429603344895       -0.6153177409480370      0.0005580980643064       
0.6072429603344895       -0.9919252193864526      0.0005580980643064       
-0.9919252193864526      0.6072429603344895       0.0005580980643064       
-0.6153177409480370      0.6072429603344895       0.0005580980643064       
-0.6153177409480370      -0.9919252193864526      0.0005580980643064       
-0.9921095435358718      -0.5524380612679951      0.0005768205038691       
0.5445476048038669       -0.5524380612679951      0.0005768205038691       
0.5445476048038669       -0.9921095435358718      0.0005768205038691       
-0.9921095435358718      0.5445476048038669       0.0005768205038691       
-0.5524380612679951      0.5445476048038669       0.0005768205038691       
-0.5524380612679951      -0.9921095435358718      0.0005768205038691       
-0.9923169098188136      -0.4862063257478332      0.0005891114103187       
0.4785232355666468       -0.4862063257478332      0.0005891114103187       
0.4785232355666469       -0.9923169098188138      0.0005891114103187       
-0.9923169098188138      0.4785232355666469       0.0005891114103187       
-0.4862063257478332      0.4785232355666469       0.0005891114103187       
-0.4862063257478332      -0.9923169098188138      0.0005891114103187       
-0.9925297994467002      -0.4170213884740273      0.0005958575274522       
0.4095511879207275       -0.4170213884740273      0.0005958575274522       
0.4095511879207274       -0.9925297994467002      0.0005958575274522       
-0.9925297994466999      0.4095511879207274       0.0005958575274522       
-0.4170213884740274      0.4095511879207274       0.0005958575274522       
-0.4170213884740274      -0.9925297994467002      0.0005958575274522       
-0.9927619826320980      -0.3452972719963784      0.0005965007190030       
0.3380592546284762       -0.3452972719963784      0.0005965007190030       
0.3380592546284762       -0.9927619826320978      0.0005965007190030       
-0.9927619826320978      0.3380592546284762       0.0005965007190030       
-0.3452972719963784      0.3380592546284762       0.0005965007190030       
-0.3452972719963784      -0.9927619826320978      0.0005965007190030       
-0.9929915590634794      -0.2714728431030457      0.0005924226738050       
0.2644644021665252       -0.2714728431030457      0.0005924226738050       
0.2644644021665252       -0.9929915590634794      0.0005924226738050       
-0.9929915590634796      0.2644644021665252       0.0005924226738050       
-0.2714728431030456      0.2644644021665252       0.0005924226738050       
-0.2714728431030456      -0.9929915590634794      0.0005924226738050       
-0.9932095152688680      -0.1960008129283972      0.0005843350157598       
0.1892103281972652       -0.1960008129283972      0.0005843350157598       
0.1892103281972652       -0.9932095152688682      0.0005843350157598       
-0.9932095152688682      0.1892103281972652       0.0005843350157598       
-0.1960008129283971      0.1892103281972652       0.0005843350157598       
-0.1960008129283971      -0.9932095152688682      0.0005843350157598       
-0.9934569708351852      -0.1193254597422262      0.0005704225609307       
0.1127824305774115       -0.1193254597422262      0.0005704225609307       
0.1127824305774114       -0.9934569708351852      0.0005704225609307       
-0.9934569708351852      0.1127824305774114       0.0005704225609307       
-0.1193254597422263      0.1127824305774114       0.0005704225609307       
-0.1193254597422263      -0.9934569708351852      0.0005704225609307       
-0.9937023809738325      -0.0419193888164754      0.0005525399245440       
0.0356217697903078       -0.0419193888164754      0.0005525399245440       
0.0356217697903078       -0.9937023809738325      0.0005525399245440       
-0.9937023809738325      0.0356217697903078       0.0005525399245440       
-0.0419193888164754      0.0356217697903078       0.0005525399245440       
-0.0419193888164754      -0.9937023809738325      0.0005525399245440       
-0.9775748344831270      -0.9583930283725688      0.0003561224120171       
0.9359678628556958       -0.9583930283725688      0.0003561224120171       
0.9359678628556958       -0.9775748344831270      0.0003561224120171       
-0.9775748344831270      0.9359678628556958       0.0003561224120171       
-0.9583930283725686      0.9359678628556958       0.0003561224120171       
-0.9583930283725688      -0.9775748344831270      0.0003561224120171       
-0.9777276609985666      -0.9335698437839510      0.0004441556828903       
0.9112975047825176       -0.9335698437839510      0.0004441556828903       
0.9112975047825176       -0.9777276609985666      0.0004441556828903       
-0.9777276609985666      0.9112975047825176       0.0004441556828903       
-0.9335698437839510      0.9112975047825176       0.0004441556828903       
-0.9335698437839510      -0.9777276609985666      0.0004441556828903       
-0.9779801209275654      -0.9031949181090874      0.0005260334217413       
0.8811750390366528       -0.9031949181090874      0.0005260334217413       
0.8811750390366528       -0.9779801209275654      0.0005260334217413       
-0.9779801209275654      0.8811750390366528       0.0005260334217413       
-0.9031949181090874      0.8811750390366528       0.0005260334217413       
-0.9031949181090874      -0.9779801209275654      0.0005260334217413       
-0.9782853872249923      -0.8674474729823838      0.0006014566463567       
0.8457328602073759       -0.8674474729823838      0.0006014566463567       
0.8457328602073759       -0.9782853872249923      0.0006014566463567       
-0.9782853872249923      0.8457328602073759       0.0006014566463567       
-0.8674474729823838      0.8457328602073759       0.0006014566463567       
-0.8674474729823838      -0.9782853872249923      0.0006014566463567       
-0.9786051306937140      -0.8265385652979094      0.0006704743808798       
0.8051436959916234       -0.8265385652979094      0.0006704743808798       
0.8051436959916234       -0.9786051306937140      0.0006704743808798       
-0.9786051306937140      0.8051436959916234       0.0006704743808798       
-0.8265385652979094      0.8051436959916234       0.0006704743808798       
-0.8265385652979094      -0.9786051306937140      0.0006704743808798       
-0.9789395527796342      -0.7807092200037966      0.0007325568750603       
0.7596487727834309       -0.7807092200037966      0.0007325568750603       
0.7596487727834308       -0.9789395527796344      0.0007325568750603       
-0.9789395527796344      0.7596487727834309       0.0007325568750603       
-0.7807092200037965      0.7596487727834309       0.0007325568750603       
-0.7807092200037965      -0.9789395527796344      0.0007325568750603       
-0.9793077000367578      -0.7302283393587967      0.0007868383703952       
0.7095360393955545       -0.7302283393587967      0.0007868383703952       
0.7095360393955545       -0.9793077000367578      0.0007868383703952       
-0.9793077000367578      0.7095360393955545       0.0007868383703952       
-0.7302283393587968      0.7095360393955545       0.0007868383703952       
-0.7302283393587967      -0.9793077000367578      0.0007868383703952       
-0.9797315975328064      -0.6753906219539803      0.0008322331713437       
0.6551222194867867       -0.6753906219539803      0.0008322331713437       
0.6551222194867867       -0.9797315975328064      0.0008322331713437       
-0.9797315975328064      0.6551222194867867       0.0008322331713437       
-0.6753906219539803      0.6551222194867867       0.0008322331713437       
-0.6753906219539803      -0.9797315975328064      0.0008322331713437       
-0.9802021975373366      -0.6165176478107162      0.0008680098118040       
0.5967198453480527       -0.6165176478107162      0.0008680098118040       
0.5967198453480527       -0.9802021975373366      0.0008680098118040       
-0.9802021975373366      0.5967198453480527       0.0008680098118040       
-0.6165176478107162      0.5967198453480527       0.0008680098118040       
-0.6165176478107162      -0.9802021975373366      0.0008680098118040       
-0.9806590828086011      -0.5539633789919396      0.0008962799207888       
0.5346224618005408       -0.5539633789919396      0.0008962799207888       
0.5346224618005407       -0.9806590828086014      0.0008962799207888       
-0.9806590828086014      0.5346224618005408       0.0008962799207888       
-0.5539633789919395      0.5346224618005408       0.0008962799207888       
-0.5539633789919395      -0.9806590828086014      0.0008962799207888       
-0.9811640513624001      -0.4880910617527177      0.0009152623423146       
0.4692551131151179       -0.4880910617527177      0.0009152623423146       
0.4692551131151179       -0.9811640513624001      0.0009152623423146       
-0.9811640513624001      0.4692551131151179       0.0009152623423146       
-0.4880910617527177      0.4692551131151179       0.0009152623423146       
-0.4880910617527177      -0.9811640513624001      0.0009152623423146       
-0.9816883907300102      -0.4192953157077975      0.0009253117155250       
0.4009837064378078       -0.4192953157077975      0.0009253117155250       
0.4009837064378076       -0.9816883907300102      0.0009253117155250       
-0.9816883907300102      0.4009837064378076       0.0009253117155250       
-0.4192953157077976      0.4009837064378076       0.0009253117155250       
-0.4192953157077976      -0.9816883907300102      0.0009253117155250       
-0.9822491528772364      -0.3479803469159075      0.0009267482755917       
0.3302294997931438       -0.3479803469159075      0.0009267482755917       
0.3302294997931438       -0.9822491528772364      0.0009267482755917       
-0.9822491528772364      0.3302294997931438       0.0009267482755917       
-0.3479803469159075      0.3302294997931438       0.0009267482755917       
-0.3479803469159075      -0.9822491528772364      0.0009267482755917       
-0.9828105056442670      -0.2745777032961065      0.0009205007854673       
0.2573882089403736       -0.2745777032961065      0.0009205007854673       
0.2573882089403736       -0.9828105056442670      0.0009205007854673       
-0.9828105056442672      0.2573882089403736       0.0009205007854673       
-0.2745777032961064      0.2573882089403736       0.0009205007854673       
-0.2745777032961064      -0.9828105056442670      0.0009205007854673       
-0.9833633306545788      -0.1995270633863786      0.0009062890628087       
0.1828903940409574       -0.1995270633863786      0.0009062890628087       
0.1828903940409574       -0.9833633306545788      0.0009062890628087       
-0.9833633306545788      0.1828903940409574       0.0009062890628087       
-0.1995270633863786      0.1828903940409574       0.0009062890628087       
-0.1995270633863786      -0.9833633306545788      0.0009062890628087       
-0.9839576154335188      -0.1232546973758287      0.0008858053430841       
0.1072123128093474       -0.1232546973758287      0.0008858053430841       
0.1072123128093474       -0.9839576154335186      0.0008858053430841       
-0.9839576154335186      0.1072123128093474       0.0008858053430841       
-0.1232546973758287      0.1072123128093474       0.0008858053430841       
-0.1232546973758287      -0.9839576154335186      0.0008858053430841       
-0.9845573985442260      -0.0462254468972871      0.0008583290713136       
0.0307828454415131       -0.0462254468972871      0.0008583290713136       
0.0307828454415131       -0.9845573985442260      0.0008583290713136       
-0.9845573985442260      0.0307828454415131       0.0008583290713136       
-0.0462254468972871      0.0307828454415131       0.0008583290713136       
-0.0462254468972871      -0.9845573985442260      0.0008583290713136       
-0.9587927117666392      -0.9337631114054586      0.0005992961672260       
0.8925558231720978       -0.9337631114054586      0.0005992961672260       
0.8925558231720978       -0.9587927117666392      0.0005992961672260       
-0.9587927117666392      0.8925558231720978       0.0005992961672260       
-0.9337631114054586      0.8925558231720978       0.0005992961672260       
-0.9337631114054586      -0.9587927117666392      0.0005992961672260       
-0.9592572075353900      -0.9034994992990300      0.0007094999074219       
0.8627567068344200       -0.9034994992990300      0.0007094999074219       
0.8627567068344200       -0.9592572075353900      0.0007094999074219       
-0.9592572075353900      0.8627567068344200       0.0007094999074219       
-0.9034994992990300      0.8627567068344200       0.0007094999074219       
-0.9034994992990300      -0.9592572075353900      0.0007094999074219       
-0.9598159594345254      -0.8679016594817934      0.0008109388254321       
0.8277176189163189       -0.8679016594817934      0.0008109388254321       
0.8277176189163189       -0.9598159594345254      0.0008109388254321       
-0.9598159594345254      0.8277176189163189       0.0008109388254321       
-0.8679016594817934      0.8277176189163189       0.0008109388254321       
-0.8679016594817934      -0.9598159594345254      0.0008109388254321       
-0.9604086446868418      -0.8271899740873765      0.0009032713904525       
0.7875986187742183       -0.8271899740873765      0.0009032713904525       
0.7875986187742183       -0.9604086446868418      0.0009032713904525       
-0.9604086446868418      0.7875986187742183       0.0009032713904525       
-0.8271899740873766      0.7875986187742183       0.0009032713904525       
-0.8271899740873765      -0.9604086446868418      0.0009032713904525       
-0.9610358664184750      -0.7816140006544396      0.0009857215680901       
0.7426498670729147       -0.7816140006544396      0.0009857215680901       
0.7426498670729147       -0.9610358664184750      0.0009857215680901       
-0.9610358664184752      0.7426498670729147       0.0009857215680901       
-0.7816140006544395      0.7426498670729147       0.0009857215680901       
-0.7816140006544396      -0.9610358664184750      0.0009857215680901       
-0.9617213284381244      -0.7314489710593952      0.0010576470099969       
0.6931702994975195       -0.7314489710593952      0.0010576470099969       
0.6931702994975196       -0.9617213284381242      0.0010576470099969       
-0.9617213284381242      0.6931702994975195       0.0010576470099969       
-0.7314489710593953      0.6931702994975195       0.0010576470099969       
-0.7314489710593953      -0.9617213284381242      0.0010576470099969       
-0.9624965772923466      -0.6769917784021366      0.0011181367884125       
0.6394883556944833       -0.6769917784021366      0.0011181367884125       
0.6394883556944833       -0.9624965772923466      0.0011181367884125       
-0.9624965772923466      0.6394883556944833       0.0011181367884125       
-0.6769917784021366      0.6394883556944833       0.0011181367884125       
-0.6769917784021366      -0.9624965772923466      0.0011181367884125       
-0.9633629624353648      -0.6185607802953694      0.0011657412476356       
0.5819237427307342       -0.6185607802953694      0.0011657412476356       
0.5819237427307342       -0.9633629624353648      0.0011657412476356       
-0.9633629624353648      0.5819237427307342       0.0011657412476356       
-0.6185607802953694      0.5819237427307342       0.0011657412476356       
-0.6185607802953694      -0.9633629624353648      0.0011657412476356       
-0.9642198215195912      -0.5565079240141126      0.0012023279619540       
0.5207277455337038       -0.5565079240141126      0.0012023279619540       
0.5207277455337038       -0.9642198215195912      0.0012023279619540       
-0.9642198215195912      0.5207277455337038       0.0012023279619540       
-0.5565079240141126      0.5207277455337038       0.0012023279619540       
-0.5565079240141126      -0.9642198215195912      0.0012023279619540       
-0.9651480736026362      -0.4911786640152547      0.0012275577627955       
0.4563267376178908       -0.4911786640152547      0.0012275577627955       
0.4563267376178908       -0.9651480736026362      0.0012275577627955       
-0.9651480736026360      0.4563267376178908       0.0012275577627955       
-0.4911786640152548      0.4563267376178908       0.0012275577627955       
-0.4911786640152548      -0.9651480736026362      0.0012275577627955       
-0.9661188905217264      -0.4229481510943172      0.0012411177845364       
0.3890670416160436       -0.4229481510943172      0.0012411177845364       
0.3890670416160436       -0.9661188905217264      0.0012411177845364       
-0.9661188905217264      0.3890670416160436       0.0012411177845364       
-0.4229481510943172      0.3890670416160436       0.0012411177845364       
-0.4229481510943172      -0.9661188905217264      0.0012411177845364       
-0.9671426782654456      -0.3522004651248247      0.0012437053678204       
0.3193431433902702       -0.3522004651248247      0.0012437053678204       
0.3193431433902702       -0.9671426782654456      0.0012437053678204       
-0.9671426782654456      0.3193431433902702       0.0012437053678204       
-0.3522004651248247      0.3193431433902702       0.0012437053678204       
-0.3522004651248247      -0.9671426782654456      0.0012437053678204       
-0.9681773389850620      -0.2793513926561854      0.0012358263143528       
0.2475287316412475       -0.2793513926561854      0.0012358263143528       
0.2475287316412476       -0.9681773389850620      0.0012358263143528       
-0.9681773389850622      0.2475287316412476       0.0012358263143528       
-0.2793513926561854      0.2475287316412476       0.0012358263143528       
-0.2793513926561854      -0.9681773389850620      0.0012358263143528       
-0.9692329690154132      -0.2048207949938042      0.0012157677819723       
0.1740537640092173       -0.2048207949938042      0.0012157677819723       
0.1740537640092173       -0.9692329690154132      0.0012157677819723       
-0.9692329690154130      0.1740537640092172       0.0012157677819723       
-0.2048207949938042      0.1740537640092172       0.0012157677819723       
-0.2048207949938042      -0.9692329690154132      0.0012157677819723       
-0.9703154892619080      -0.1290416289066660      0.0011889112597661       
0.0993571181685740       -0.1290416289066660      0.0011889112597661       
0.0993571181685739       -0.9703154892619080      0.0011889112597661       
-0.9703154892619080      0.0993571181685740       0.0011889112597661       
-0.1290416289066660      0.0993571181685740       0.0011889112597661       
-0.1290416289066661      -0.9703154892619080      0.0011889112597661       
-0.9714219642157810      -0.0524593893039658      0.0011526225617126       
0.0238813535197468       -0.0524593893039658      0.0011526225617126       
0.0238813535197469       -0.9714219642157810      0.0011526225617126       
-0.9714219642157810      0.0238813535197468       0.0011526225617126       
-0.0524593893039659      0.0238813535197468       0.0011526225617126       
-0.0524593893039659      -0.9714219642157810      0.0011526225617126       
-0.9349611780317714      -0.9041838187728450      0.0008840260243440       
0.8391449968046165       -0.9041838187728450      0.0008840260243440       
0.8391449968046165       -0.9349611780317714      0.0008840260243440       
-0.9349611780317714      0.8391449968046165       0.0008840260243440       
-0.9041838187728451      0.8391449968046165       0.0008840260243440       
-0.9041838187728450      -0.9349611780317714      0.0008840260243440       
-0.9358403038505612      -0.8688498412985639      0.0010104911973952       
0.8046901451491251       -0.8688498412985639      0.0010104911973952       
0.8046901451491251       -0.9358403038505612      0.0010104911973952       
-0.9358403038505612      0.8046901451491251       0.0010104911973952       
-0.8688498412985639      0.8046901451491251       0.0010104911973952       
-0.8688498412985639      -0.9358403038505612      0.0010104911973952       
-0.9367878792018161      -0.8284485472644896      0.0011251250292116       
0.7652364264663056       -0.8284485472644896      0.0011251250292116       
0.7652364264663056       -0.9367878792018161      0.0011251250292116       
-0.9367878792018161      0.7652364264663056       0.0011251250292116       
-0.8284485472644896      0.7652364264663056       0.0011251250292116       
-0.8284485472644896      -0.9367878792018161      0.0011251250292116       
-0.9378036805075546      -0.7832308762015365      0.0012269113204781       
0.7210345567090912       -0.7832308762015365      0.0012269113204781       
0.7210345567090912       -0.9378036805075546      0.0012269113204781       
-0.9378036805075546      0.7210345567090912       0.0012269113204781       
-0.7832308762015365      0.7210345567090912       0.0012269113204781       
-0.7832308762015365      -0.9378036805075546      0.0012269113204781       
-0.9389059175915290      -0.7334731079050310      0.0013155626991731       
0.6723790254965600       -0.7334731079050310      0.0013155626991731       
0.6723790254965600       -0.9389059175915290      0.0013155626991731       
-0.9389059175915292      0.6723790254965600       0.0013155626991731       
-0.7334731079050308      0.6723790254965600       0.0013155626991731       
-0.7334731079050310      -0.9389059175915290      0.0013155626991731       
-0.9401312830606616      -0.6794718795479260      0.0013904171674677       
0.6196031626085876       -0.6794718795479260      0.0013904171674677       
0.6196031626085876       -0.9401312830606616      0.0013904171674677       
-0.9401312830606616      0.6196031626085876       0.0013904171674677       
-0.6794718795479260      0.6196031626085876       0.0013904171674677       
-0.6794718795479260      -0.9401312830606616      0.0013904171674677       
-0.9415026341187180      -0.6215429431629822      0.0014496471342987       
0.5630455772817002       -0.6215429431629822      0.0014496471342987       
0.5630455772817002       -0.9415026341187180      0.0014496471342987       
-0.9415026341187180      0.5630455772817002       0.0014496471342987       
-0.6215429431629822      0.5630455772817002       0.0014496471342987       
-0.6215429431629822      -0.9415026341187180      0.0014496471342987       
-0.9428922098836772      -0.5600417893253937      0.0014935032359202       
0.5029339992090709       -0.5600417893253937      0.0014935032359202       
0.5029339992090709       -0.9428922098836772      0.0014935032359202       
-0.9428922098836772      0.5029339992090709       0.0014935032359202       
-0.5600417893253937      0.5029339992090709       0.0014935032359202       
-0.5600417893253937      -0.9428922098836772      0.0014935032359202       
-0.9443704202166310      -0.4953137592048150      0.0015237835471791       
0.4396841794214460       -0.4953137592048150      0.0015237835471791       
0.4396841794214459       -0.9443704202166310      0.0015237835471791       
-0.9443704202166308      0.4396841794214459       0.0015237835471791       
-0.4953137592048150      0.4396841794214459       0.0015237835471791       
-0.4953137592048150      -0.9443704202166310      0.0015237835471791       
-0.9459158708033694      -0.4277290355912436      0.0015402615307215       
0.3736449063946130       -0.4277290355912436      0.0015402615307215       
0.3736449063946130       -0.9459158708033694      0.0015402615307215       
-0.9459158708033694      0.3736449063946130       0.0015402615307215       
-0.4277290355912436      0.3736449063946130       0.0015402615307215       
-0.4277290355912436      -0.9459158708033694      0.0015402615307215       
-0.9475345697318002      -0.3576623312965878      0.0015432226586451       
0.3051969010283882       -0.3576623312965878      0.0015432226586451       
0.3051969010283882       -0.9475345697318002      0.0015432226586451       
-0.9475345697318002      0.3051969010283882       0.0015432226586451       
-0.3576623312965878      0.3051969010283882       0.0015432226586451       
-0.3576623312965878      -0.9475345697318002      0.0015432226586451       
-0.9491831410577304      -0.2855104749764580      0.0015328207885132       
0.2346936160341884       -0.2855104749764580      0.0015328207885132       
0.2346936160341884       -0.9491831410577304      0.0015328207885132       
-0.9491831410577304      0.2346936160341884       0.0015328207885132       
-0.2855104749764580      0.2346936160341884       0.0015328207885132       
-0.2855104749764580      -0.9491831410577304      0.0015328207885132       
-0.9508957680187228      -0.2116582487690770      0.0015088504199736       
0.1625540167877999       -0.2116582487690770      0.0015088504199736       
0.1625540167877999       -0.9508957680187228      0.0015088504199736       
-0.9508957680187228      0.1625540167877999       0.0015088504199736       
-0.2116582487690770      0.1625540167877999       0.0015088504199736       
-0.2116582487690770      -0.9508957680187228      0.0015088504199736       
-0.9526168260330062      -0.1365329889046081      0.0014748610404076       
0.0891498149376143       -0.1365329889046081      0.0014748610404076       
0.0891498149376142       -0.9526168260330060      0.0014748610404076       
-0.9526168260330060      0.0891498149376142       0.0014748610404076       
-0.1365329889046082      0.0891498149376142       0.0014748610404076       
-0.1365329889046082      -0.9526168260330060      0.0014748610404076       
-0.9543761860140551      -0.0605463183641806      0.0014308194353497       
0.0149225043782357       -0.0605463183641806      0.0014308194353497       
0.0149225043782357       -0.9543761860140552      0.0014308194353497       
-0.9543761860140551      0.0149225043782357       0.0014308194353497       
-0.0605463183641807      0.0149225043782357       0.0014308194353497       
-0.0605463183641807      -0.9543761860140552      0.0014308194353497       
-0.9064956956850790      -0.8702665707312180      0.0011976169986716       
0.7767622664162970       -0.8702665707312180      0.0011976169986716       
0.7767622664162970       -0.9064956956850790      0.0011976169986716       
-0.9064956956850790      0.7767622664162970       0.0011976169986716       
-0.8702665707312180      0.7767622664162970       0.0011976169986716       
-0.8702665707312180      -0.9064956956850790      0.0011976169986716       
-0.9078777467044608      -0.8302692502647155      0.0013336636473738       
0.7381469969691763       -0.8302692502647155      0.0013336636473738       
0.7381469969691764       -0.9078777467044606      0.0013336636473738       
-0.9078777467044606      0.7381469969691763       0.0013336636473738       
-0.8302692502647157      0.7381469969691763       0.0013336636473738       
-0.8302692502647157      -0.9078777467044606      0.0013336636473738       
-0.9093785194879572      -0.7854917187167376      0.0014539819201237       
0.6948702382046947       -0.7854917187167376      0.0014539819201237       
0.6948702382046947       -0.9093785194879572      0.0014539819201237       
-0.9093785194879570      0.6948702382046947       0.0014539819201237       
-0.7854917187167377      0.6948702382046947       0.0014539819201237       
-0.7854917187167376      -0.9093785194879572      0.0014539819201237       
-0.9109989794770614      -0.7362102878703092      0.0015584319680107       
0.6472092673473706       -0.7362102878703092      0.0015584319680107       
0.6472092673473706       -0.9109989794770614      0.0015584319680107       
-0.9109989794770614      0.6472092673473706       0.0015584319680107       
-0.7362102878703092      0.6472092673473706       0.0015584319680107       
-0.7362102878703092      -0.9109989794770614      0.0015584319680107       
-0.9127742428447277      -0.6827241181294694      0.0016465993020426       
0.5954983609741973       -0.6827241181294694      0.0016465993020426       
0.5954983609741972       -0.9127742428447280      0.0016465993020426       
-0.9127742428447280      0.5954983609741973       0.0016465993020426       
-0.6827241181294693      0.5954983609741973       0.0016465993020426       
-0.6827241181294693      -0.9127742428447280      0.0016465993020426       
-0.9147493133057678      -0.6253513329090770      0.0017170045321831       
0.5401006462148448       -0.6253513329090770      0.0017170045321831       
0.5401006462148448       -0.9147493133057678      0.0017170045321831       
-0.9147493133057678      0.5401006462148448       0.0017170045321831       
-0.6253513329090770      0.5401006462148448       0.0017170045321831       
-0.6253513329090770      -0.9147493133057678      0.0017170045321831       
-0.9168038897104231      -0.5644518057985446      0.0017673615150922       
0.4812556955089678       -0.5644518057985446      0.0017673615150922       
0.4812556955089678       -0.9168038897104230      0.0017673615150922       
-0.9168038897104230      0.4812556955089677       0.0017673615150922       
-0.5644518057985447      0.4812556955089677       0.0017673615150922       
-0.5644518057985447      -0.9168038897104230      0.0017673615150922       
-0.9189625581198096      -0.5003825592179174      0.0018012705415591       
0.4193451173377270       -0.5003825592179174      0.0018012705415591       
0.4193451173377270       -0.9189625581198096      0.0018012705415591       
-0.9189625581198094      0.4193451173377270       0.0018012705415591       
-0.5003825592179175      0.4193451173377270       0.0018012705415591       
-0.5003825592179175      -0.9189625581198096      0.0018012705415591       
-0.9212062556729530      -0.4335162911142598      0.0018194810823119       
0.3547225467872128       -0.4335162911142598      0.0018194810823119       
0.3547225467872128       -0.9212062556729530      0.0018194810823119       
-0.9212062556729530      0.3547225467872128       0.0018194810823119       
-0.4335162911142598      0.3547225467872128       0.0018194810823119       
-0.4335162911142598      -0.9212062556729530      0.0018194810823119       
-0.9235472944990863      -0.3642239229590552      0.0018220152220244       
0.2877712174581416       -0.3642239229590552      0.0018220152220244       
0.2877712174581415       -0.9235472944990862      0.0018220152220244       
-0.9235472944990862      0.2877712174581415       0.0018220152220244       
-0.3642239229590552      0.2877712174581415       0.0018220152220244       
-0.3642239229590552      -0.9235472944990862      0.0018220152220244       
-0.9259583534043399      -0.2928876466025514      0.0018072685716418       
0.2188460000068912       -0.2928876466025514      0.0018072685716418       
0.2188460000068912       -0.9259583534043399      0.0018072685716418       
-0.9259583534043399      0.2188460000068912       0.0018072685716418       
-0.2928876466025514      0.2188460000068912       0.0018072685716418       
-0.2928876466025514      -0.9259583534043399      0.0018072685716418       
-0.9284487146549822      -0.2198792485403360      0.0017807650824326       
0.1483279631953182       -0.2198792485403360      0.0017807650824326       
0.1483279631953183       -0.9284487146549822      0.0017807650824326       
-0.9284487146549824      0.1483279631953183       0.0017807650824326       
-0.2198792485403359      0.1483279631953183       0.0017807650824326       
-0.2198792485403359      -0.9284487146549822      0.0017807650824326       
-0.9309680596408826      -0.1455911602655058      0.0017393560979202       
0.0765592199063885       -0.1455911602655058      0.0017393560979202       
0.0765592199063885       -0.9309680596408826      0.0017393560979202       
-0.9309680596408826      0.0765592199063885       0.0017393560979202       
-0.1455911602655058      0.0765592199063885       0.0017393560979202       
-0.1455911602655058      -0.9309680596408826      0.0017393560979202       
-0.9335226343567368      -0.0704028821638985      0.0016878571813867       
0.0039255165206353       -0.0704028821638985      0.0016878571813867       
0.0039255165206353       -0.9335226343567368      0.0016878571813867       
-0.9335226343567368      0.0039255165206353       0.0016878571813867       
-0.0704028821638986      0.0039255165206353       0.0016878571813867       
-0.0704028821638986      -0.9335226343567368      0.0016878571813867       
-0.8738517058347992      -0.8324435221630644      0.0015264794632696       
0.7062952279978636       -0.8324435221630644      0.0015264794632696       
0.7062952279978636       -0.8738517058347992      0.0015264794632696       
-0.8738517058347992      0.7062952279978636       0.0015264794632696       
-0.8324435221630644      0.7062952279978636       0.0015264794632696       
-0.8324435221630644      -0.8738517058347992      0.0015264794632696       
-0.8759302127032076      -0.7881918399865859      0.0016639893910243       
0.6641220526897935       -0.7881918399865859      0.0016639893910243       
0.6641220526897935       -0.8759302127032076      0.0016639893910243       
-0.8759302127032076      0.6641220526897935       0.0016639893910243       
-0.7881918399865859      0.6641220526897935       0.0016639893910243       
-0.7881918399865859      -0.8759302127032076      0.0016639893910243       
-0.8781713682899674      -0.7394811740690672      0.0017826671248993       
0.6176525423590347       -0.7394811740690672      0.0017826671248993       
0.6176525423590347       -0.8781713682899674      0.0017826671248993       
-0.8781713682899676      0.6176525423590347       0.0017826671248993       
-0.7394811740690671      0.6176525423590347       0.0017826671248993       
-0.7394811740690672      -0.8781713682899674      0.0017826671248993       
-0.8805982840839746      -0.6866131642037898      0.0018825466487828       
0.5672114482877644       -0.6866131642037898      0.0018825466487828       
0.5672114482877644       -0.8805982840839746      0.0018825466487828       
-0.8805982840839746      0.5672114482877644       0.0018825466487828       
-0.6866131642037898      0.5672114482877644       0.0018825466487828       
-0.6866131642037898      -0.8805982840839746      0.0018825466487828       
-0.8832664958120369      -0.6299079074325256      0.0019630136844556       
0.5131744032445624       -0.6299079074325256      0.0019630136844556       
0.5131744032445624       -0.8832664958120369      0.0019630136844556       
-0.8832664958120369      0.5131744032445624       0.0019630136844556       
-0.6299079074325256      0.5131744032445624       0.0019630136844556       
-0.6299079074325256      -0.8832664958120369      0.0019630136844556       
-0.8861056491998185      -0.5697218271594815      0.0020196491159158       
0.4558274763593000       -0.5697218271594815      0.0020196491159158       
0.4558274763593000       -0.8861056491998185      0.0020196491159158       
-0.8861056491998185      0.4558274763593000       0.0020196491159158       
-0.5697218271594815      0.4558274763593000       0.0020196491159158       
-0.5697218271594815      -0.8861056491998185      0.0020196491159158       
-0.8890749991928137      -0.5064269216044484      0.0020560756045973       
0.3955019207972621       -0.5064269216044484      0.0020560756045973       
0.3955019207972621       -0.8890749991928137      0.0020560756045973       
-0.8890749991928137      0.3955019207972621       0.0020560756045973       
-0.5064269216044484      0.3955019207972621       0.0020560756045973       
-0.5064269216044484      -0.8890749991928137      0.0020560756045973       
-0.8921419304170608      -0.4404038813005582      0.0020743836073779       
0.3325458117176190       -0.4404038813005582      0.0020743836073779       
0.3325458117176190       -0.8921419304170608      0.0020743836073779       
-0.8921419304170609      0.3325458117176190       0.0020743836073779       
-0.4404038813005581      0.3325458117176190       0.0020743836073779       
-0.4404038813005581      -0.8921419304170608      0.0020743836073779       
-0.8953250755110176      -0.3720197504742247      0.0020756930020978       
0.2673448259852423       -0.3720197504742247      0.0020756930020978       
0.2673448259852422       -0.8953250755110176      0.0020756930020978       
-0.8953250755110175      0.2673448259852422       0.0020756930020978       
-0.3720197504742248      0.2673448259852422       0.0020756930020978       
-0.3720197504742248      -0.8953250755110176      0.0020756930020978       
-0.8986473064657476      -0.3016259372442472      0.0020569754110666       
0.2002732437099948       -0.3016259372442472      0.0020569754110666       
0.2002732437099948       -0.8986473064657476      0.0020569754110666       
-0.8986473064657476      0.2002732437099948       0.0020569754110666       
-0.3016259372442472      0.2002732437099948       0.0020569754110666       
-0.3016259372442472      -0.8986473064657476      0.0020569754110666       
-0.9020206174628393      -0.2295976867778320      0.0020272368235548       
0.1316183042406713       -0.2295976867778320      0.0020272368235548       
0.1316183042406714       -0.9020206174628393      0.0020272368235548       
-0.9020206174628393      0.1316183042406713       0.0020272368235548       
-0.2295976867778320      0.1316183042406713       0.0020272368235548       
-0.2295976867778320      -0.9020206174628393      0.0020272368235548       
-0.9054820023373285      -0.1562679768890149      0.0019809252629586       
0.0617499792263432       -0.1562679768890149      0.0019809252629586       
0.0617499792263432       -0.9054820023373282      0.0019809252629586       
-0.9054820023373285      0.0617499792263432       0.0019809252629586       
-0.1562679768890148      0.0617499792263432       0.0019809252629586       
-0.1562679768890149      -0.9054820023373282      0.0019809252629586       
-0.9089814324386954      -0.0820016073401545      0.0019216644799511       
-0.0090169602211501      -0.0820016073401545      0.0019216644799511       
-0.0090169602211501      -0.9089814324386954      0.0019216644799511       
-0.9089814324386954      -0.0090169602211501      0.0019216644799511       
-0.0820016073401546      -0.0090169602211501      0.0019216644799511       
-0.0820016073401545      -0.9089814324386954      0.0019216644799511       
-0.8376542188983989      -0.7913043533361044      0.0018532630670743       
0.6289585722345032       -0.7913043533361044      0.0018532630670743       
0.6289585722345032       -0.8376542188983989      0.0018532630670743       
-0.8376542188983989      0.6289585722345032       0.0018532630670743       
-0.7913043533361044      0.6289585722345032       0.0018532630670743       
-0.7913043533361044      -0.8376542188983989      0.0018532630670743       
-0.8406170290626502      -0.7432905751082952      0.0019845419992639       
0.5839076041709454       -0.7432905751082952      0.0019845419992639       
0.5839076041709454       -0.8406170290626500      0.0019845419992639       
-0.8406170290626501      0.5839076041709454       0.0019845419992639       
-0.7432905751082953      0.5839076041709454       0.0019845419992639       
-0.7432905751082954      -0.8406170290626500      0.0019845419992639       
-0.8437977361443842      -0.6911711946719550      0.0020948006311469       
0.5349689308163392       -0.6911711946719550      0.0020948006311469       
0.5349689308163392       -0.8437977361443842      0.0020948006311469       
-0.8437977361443842      0.5349689308163392       0.0020948006311469       
-0.6911711946719550      0.5349689308163392       0.0020948006311469       
-0.6911711946719550      -0.8437977361443842      0.0020948006311469       
-0.8472476882576361      -0.6352617509526510      0.0021840378940408       
0.4825094392102871       -0.6352617509526510      0.0021840378940408       
0.4825094392102871       -0.8472476882576361      0.0021840378940408       
-0.8472476882576361      0.4825094392102871       0.0021840378940408       
-0.6352617509526510      0.4825094392102871       0.0021840378940408       
-0.6352617509526510      -0.8472476882576361      0.0021840378940408       
-0.8509698771614311      -0.5759032403988962      0.0022477548413816       
0.4268731175603273       -0.5759032403988962      0.0022477548413816       
0.4268731175603273       -0.8509698771614311      0.0022477548413816       
-0.8509698771614311      0.4268731175603273       0.0022477548413816       
-0.5759032403988962      0.4268731175603273       0.0022477548413816       
-0.5759032403988962      -0.8509698771614311      0.0022477548413816       
-0.8548750985955869      -0.5134723076183583      0.0022870163341619       
0.3683474062139452       -0.5134723076183583      0.0022870163341619       
0.3683474062139452       -0.8548750985955869      0.0022870163341619       
-0.8548750985955869      0.3683474062139452       0.0022870163341619       
-0.5134723076183583      0.3683474062139452       0.0022870163341619       
-0.5134723076183583      -0.8548750985955869      0.0022870163341619       
-0.8588987801262571      -0.4483620360531352      0.0023045372248245       
0.3072608161793922       -0.4483620360531352      0.0023045372248245       
0.3072608161793922       -0.8588987801262570      0.0023045372248245       
-0.8588987801262570      0.3072608161793922       0.0023045372248245       
-0.4483620360531352      0.3072608161793922       0.0023045372248245       
-0.4483620360531352      -0.8588987801262570      0.0023045372248245       
-0.8630525104951396      -0.3809556436821602      0.0023021483070106       
0.2440081541772998       -0.3809556436821602      0.0023021483070106       
0.2440081541772998       -0.8630525104951396      0.0023021483070106       
-0.8630525104951395      0.2440081541772998       0.0023021483070106       
-0.3809556436821603      0.2440081541772998       0.0023021483070106       
-0.3809556436821603      -0.8630525104951396      0.0023021483070106       
-0.8674076464075795      -0.3116010195913600      0.0022804759813689       
0.1790086659989394       -0.3116010195913600      0.0022804759813689       
0.1790086659989394       -0.8674076464075795      0.0022804759813689       
-0.8674076464075794      0.1790086659989394       0.0022804759813689       
-0.3116010195913600      0.1790086659989394       0.0022804759813689       
-0.3116010195913600      -0.8674076464075795      0.0022804759813689       
-0.8717942004940480      -0.2406863307697411      0.0022433029339372       
0.1124805312637891       -0.2406863307697411      0.0022433029339372       
0.1124805312637891       -0.8717942004940480      0.0022433029339372       
-0.8717942004940480      0.1124805312637891       0.0022433029339372       
-0.2406863307697411      0.1124805312637891       0.0022433029339372       
-0.2406863307697412      -0.8717942004940480      0.0022433029339372       
-0.8763004361716638      -0.1684826512023054      0.0021940563731774       
0.0447830873739692       -0.1684826512023054      0.0021940563731774       
0.0447830873739692       -0.8763004361716638      0.0021940563731774       
-0.8763004361716638      0.0447830873739692       0.0021940563731774       
-0.1684826512023054      0.0447830873739692       0.0021940563731774       
-0.1684826512023054      -0.8763004361716638      0.0021940563731774       
-0.8808906920339450      -0.0952792300422569      0.0021293296603182       
-0.0238300779237981      -0.0952792300422569      0.0021293296603182       
-0.0238300779237981      -0.8808906920339450      0.0021293296603182       
-0.8808906920339450      -0.0238300779237981      0.0021293296603182       
-0.0952792300422569      -0.0238300779237981      0.0021293296603182       
-0.0952792300422569      -0.8808906920339450      0.0021293296603182       
-0.7985600471664687      -0.7475535797906097      0.0021629283038128       
0.5461136269570783       -0.7475535797906097      0.0021629283038128       
0.5461136269570783       -0.7985600471664687      0.0021629283038128       
-0.7985600471664688      0.5461136269570783       0.0021629283038128       
-0.7475535797906095      0.5461136269570783       0.0021629283038128       
-0.7475535797906097      -0.7985600471664687      0.0021629283038128       
-0.8025970786155270      -0.6962776273944362      0.0022822978430084       
0.4988747060099633       -0.6962776273944362      0.0022822978430084       
0.4988747060099631       -0.8025970786155270      0.0022822978430084       
-0.8025970786155269      0.4988747060099632       0.0022822978430084       
-0.6962776273944363      0.4988747060099632       0.0022822978430084       
-0.6962776273944362      -0.8025970786155270      0.0022822978430084       
-0.8069289459079365      -0.6412616187434625      0.0023780633236893       
0.4481905646513990       -0.6412616187434625      0.0023780633236893       
0.4481905646513990       -0.8069289459079365      0.0023780633236893       
-0.8069289459079365      0.4481905646513990       0.0023780633236893       
-0.6412616187434625      0.4481905646513990       0.0023780633236893       
-0.6412616187434625      -0.8069289459079365      0.0023780633236893       
-0.8116114874420777      -0.5828403521984105      0.0024481284760036       
0.3944518396404882       -0.5828403521984105      0.0024481284760036       
0.3944518396404882       -0.8116114874420776      0.0024481284760036       
-0.8116114874420776      0.3944518396404882       0.0024481284760036       
-0.5828403521984106      0.3944518396404882       0.0024481284760036       
-0.5828403521984106      -0.8116114874420776      0.0024481284760036       
-0.8165602206426572      -0.5213923871202832      0.0024899000155161       
0.3379526077629404       -0.5213923871202832      0.0024899000155161       
0.3379526077629404       -0.8165602206426572      0.0024899000155161       
-0.8165602206426572      0.3379526077629404       0.0024899000155161       
-0.5213923871202832      0.3379526077629404       0.0024899000155161       
-0.5213923871202832      -0.8165602206426572      0.0024899000155161       
-0.8216679323130067      -0.4573210678163580      0.0025062439136359       
0.2789890001293646       -0.4573210678163580      0.0025062439136359       
0.2789890001293646       -0.8216679323130067      0.0025062439136359       
-0.8216679323130067      0.2789890001293646       0.0025062439136359       
-0.4573210678163580      0.2789890001293646       0.0025062439136359       
-0.4573210678163580      -0.8216679323130067      0.0025062439136359       
-0.8269400037700916      -0.3910078395800709      0.0024984280686678       
0.2179478433501625       -0.3910078395800709      0.0024984280686678       
0.2179478433501625       -0.8269400037700916      0.0024984280686678       
-0.8269400037700916      0.2179478433501625       0.0024984280686678       
-0.3910078395800709      0.2179478433501625       0.0024984280686678       
-0.3910078395800709      -0.8269400037700916      0.0024984280686678       
-0.8324099650886744      -0.3228056025015390      0.0024753224996454       
0.1552155675902134       -0.3228056025015390      0.0024753224996454       
0.1552155675902134       -0.8324099650886745      0.0024753224996454       
-0.8324099650886744      0.1552155675902134       0.0024753224996454       
-0.3228056025015390      0.1552155675902134       0.0024753224996454       
-0.3228056025015390      -0.8324099650886745      0.0024753224996454       
-0.8379687028987766      -0.2530806975741804      0.0024300107601722       
0.0910494004729570       -0.2530806975741804      0.0024300107601722       
0.0910494004729570       -0.8379687028987766      0.0024300107601722       
-0.8379687028987766      0.0910494004729570       0.0024300107601722       
-0.2530806975741804      0.0910494004729570       0.0024300107601722       
-0.2530806975741804      -0.8379687028987766      0.0024300107601722       
-0.8436207597935335      -0.1821218518013614      0.0023743194243108       
0.0257426115948949       -0.1821218518013614      0.0023743194243108       
0.0257426115948949       -0.8436207597935335      0.0023743194243108       
-0.8436207597935335      0.0257426115948949       0.0023743194243108       
-0.1821218518013614      0.0257426115948949       0.0023743194243108       
-0.1821218518013614      -0.8436207597935335      0.0023743194243108       
-0.8494154486914812      -0.1101358607087995      0.0023062204053155       
-0.0404486905997192      -0.1101358607087995      0.0023062204053155       
-0.0404486905997192      -0.8494154486914813      0.0023062204053155       
-0.8494154486914812      -0.0404486905997192      0.0023062204053155       
-0.1101358607087996      -0.0404486905997192      0.0023062204053155       
-0.1101358607087996      -0.8494154486914813      0.0023062204053155       
-0.7572327984144338      -0.7019574777041797      0.0024407151350062       
0.4591902761186135       -0.7019574777041797      0.0024407151350062       
0.4591902761186135       -0.7572327984144338      0.0024407151350062       
-0.7572327984144338      0.4591902761186135       0.0024407151350062       
-0.7019574777041797      0.4591902761186135       0.0024407151350062       
-0.7019574777041797      -0.7572327984144338      0.0024407151350062       
-0.7625542118741149      -0.6479839896899591      0.0025415907415786       
0.4105382015640740       -0.6479839896899591      0.0025415907415786       
0.4105382015640740       -0.7625542118741149      0.0025415907415786       
-0.7625542118741149      0.4105382015640740       0.0025415907415786       
-0.6479839896899591      0.4105382015640740       0.0025415907415786       
-0.6479839896899591      -0.7625542118741149      0.0025415907415786       
-0.7682646544620841      -0.5906351462947423      0.0026179445110364       
0.3588998007568265       -0.5906351462947423      0.0026179445110364       
0.3588998007568265       -0.7682646544620841      0.0026179445110364       
-0.7682646544620841      0.3588998007568265       0.0026179445110364       
-0.5906351462947423      0.3588998007568265       0.0026179445110364       
-0.5906351462947423      -0.7682646544620841      0.0026179445110364       
-0.7743427633367430      -0.5302619033015272      0.0026644626549401       
0.3046046666382702       -0.5302619033015272      0.0026644626549401       
0.3046046666382702       -0.7743427633367430      0.0026644626549401       
-0.7743427633367430      0.3046046666382702       0.0026644626549401       
-0.5302619033015272      0.3046046666382702       0.0026644626549401       
-0.5302619033015272      -0.7743427633367430      0.0026644626549401       
-0.7806506196388789      -0.4672793502889212      0.0026808284815696       
0.2479299699278002       -0.4672793502889212      0.0026808284815696       
0.2479299699278001       -0.7806506196388789      0.0026808284815696       
-0.7806506196388789      0.2479299699278002       0.0026808284815696       
-0.4672793502889212      0.2479299699278002       0.0026808284815696       
-0.4672793502889212      -0.7806506196388789      0.0026808284815696       
-0.7872011858242453      -0.4020977846073790      0.0026668384996937       
0.1892989704316244       -0.4020977846073790      0.0026668384996937       
0.1892989704316244       -0.7872011858242454      0.0026668384996937       
-0.7872011858242453      0.1892989704316244       0.0026668384996937       
-0.4020977846073791      0.1892989704316244       0.0026668384996937       
-0.4020977846073791      -0.7872011858242454      0.0026668384996937       
-0.7938760560349776      -0.3351472191621030      0.0026364884404456       
0.1290232751970806       -0.3351472191621030      0.0026364884404456       
0.1290232751970806       -0.7938760560349776      0.0026364884404456       
-0.7938760560349776      0.1290232751970806       0.0026364884404456       
-0.3351472191621030      0.1290232751970806       0.0026364884404456       
-0.3351472191621030      -0.7938760560349776      0.0026364884404456       
-0.8007297200413002      -0.2667420241676186      0.0025856331010217       
0.0674717442089188       -0.2667420241676186      0.0025856331010217       
0.0674717442089188       -0.8007297200413002      0.0025856331010217       
-0.8007297200413002      0.0674717442089188       0.0025856331010217       
-0.2667420241676186      0.0674717442089188       0.0025856331010217       
-0.2667420241676186      -0.8007297200413002      0.0025856331010217       
-0.8076696035177492      -0.1971494987133821      0.0025212190530394       
0.0048191022311312       -0.1971494987133821      0.0025212190530394       
0.0048191022311312       -0.8076696035177493      0.0025212190530394       
-0.8076696035177492      0.0048191022311312       0.0025212190530394       
-0.1971494987133820      0.0048191022311312       0.0025212190530394       
-0.1971494987133820      -0.8076696035177493      0.0025212190530394       
-0.8147594750797935      -0.1265022381212512      0.0024504416294499       
-0.0587382867989553      -0.1265022381212512      0.0024504416294499       
-0.0587382867989553      -0.8147594750797934      0.0024504416294499       
-0.8147594750797935      -0.0587382867989553      0.0024504416294499       
-0.1265022381212512      -0.0587382867989553      0.0024504416294499       
-0.1265022381212512      -0.8147594750797934      0.0024504416294499       
-0.7144112098201074      -0.6551466159868562      0.0026745224176378       
0.3695578258069636       -0.6551466159868562      0.0026745224176378       
0.3695578258069636       -0.7144112098201074      0.0026745224176378       
-0.7144112098201074      0.3695578258069636       0.0026745224176378       
-0.6551466159868562      0.3695578258069636       0.0026745224176378       
-0.6551466159868562      -0.7144112098201074      0.0026745224176378       
-0.7212307908057018      -0.5990186048063415      0.0027518214312826       
0.3202493956120433       -0.5990186048063415      0.0027518214312826       
0.3202493956120434       -0.7212307908057021      0.0027518214312826       
-0.7212307908057020      0.3202493956120434       0.0027518214312826       
-0.5990186048063414      0.3202493956120434       0.0027518214312826       
-0.5990186048063414      -0.7212307908057021      0.0027518214312826       
-0.7284899360115926      -0.5399197545561378      0.0028018839656444       
0.2684096905677304       -0.5399197545561378      0.0028018839656444       
0.2684096905677304       -0.7284899360115926      0.0028018839656444       
-0.7284899360115926      0.2684096905677304       0.0028018839656444       
-0.5399197545561378      0.2684096905677304       0.0028018839656444       
-0.5399197545561378      -0.7284899360115926      0.0028018839656444       
-0.7360778236378196      -0.4782166409674369      0.0028205802356220       
0.2142944646052565       -0.4782166409674369      0.0028205802356220       
0.2142944646052564       -0.7360778236378196      0.0028205802356220       
-0.7360778236378196      0.2142944646052565       0.0028205802356220       
-0.4782166409674369      0.2142944646052565       0.0028205802356220       
-0.4782166409674369      -0.7360778236378196      0.0028205802356220       
-0.7440157785452008      -0.4142821256933622      0.0028081347403196       
0.1582979042385630       -0.4142821256933622      0.0028081347403196       
0.1582979042385631       -0.7440157785452008      0.0028081347403196       
-0.7440157785452008      0.1582979042385630       0.0028081347403196       
-0.4142821256933622      0.1582979042385630       0.0028081347403196       
-0.4142821256933622      -0.7440157785452008      0.0028081347403196       
-0.7520559576047441      -0.3485987860455786      0.0027681604069228       
0.1006547436503227       -0.3485987860455786      0.0027681604069228       
0.1006547436503227       -0.7520559576047441      0.0027681604069228       
-0.7520559576047441      0.1006547436503227       0.0027681604069228       
-0.3485987860455786      0.1006547436503227       0.0027681604069228       
-0.3485987860455786      -0.7520559576047441      0.0027681604069228       
-0.7602897586938846      -0.2815418722856968      0.0027100145378303       
0.0418316309795814       -0.2815418722856968      0.0027100145378303       
0.0418316309795814       -0.7602897586938846      0.0027100145378303       
-0.7602897586938846      0.0418316309795814       0.0027100145378303       
-0.2815418722856968      0.0418316309795814       0.0027100145378303       
-0.2815418722856968      -0.7602897586938846      0.0027100145378303       
-0.7686629678606172      -0.2133971241750601      0.0026363489526708       
-0.0179399079643228      -0.2133971241750601      0.0026363489526708       
-0.0179399079643228      -0.7686629678606172      0.0026363489526708       
-0.7686629678606172      -0.0179399079643228      0.0026363489526708       
-0.2133971241750601      -0.0179399079643228      0.0026363489526708       
-0.2133971241750601      -0.7686629678606172      0.0026363489526708       
-0.7771583873097390      -0.1442418184310819      0.0025598721247777       
-0.0785997942591790      -0.1442418184310819      0.0025598721247777       
-0.0785997942591790      -0.7771583873097391      0.0025598721247777       
-0.7771583873097390      -0.0785997942591790      0.0025598721247777       
-0.1442418184310819      -0.0785997942591790      0.0025598721247777       
-0.1442418184310819      -0.7771583873097391      0.0025598721247777       
-0.6708206137887429      -0.6079160263901102      0.0028549325583466       
0.2787366401788532       -0.6079160263901102      0.0028549325583466       
0.2787366401788532       -0.6708206137887429      0.0028549325583466       
-0.6708206137887429      0.2787366401788532       0.0028549325583466       
-0.6079160263901102      0.2787366401788532       0.0028549325583466       
-0.6079160263901102      -0.6708206137887429      0.0028549325583466       
-0.6793244758129195      -0.5501550201795429      0.0029053631884105       
0.2294794959924624       -0.5501550201795429      0.0029053631884105       
0.2294794959924624       -0.6793244758129195      0.0029053631884105       
-0.6793244758129195      0.2294794959924624       0.0029053631884105       
-0.5501550201795429      0.2294794959924624       0.0029053631884105       
-0.5501550201795429      -0.6793244758129195      0.0029053631884105       
-0.6882628180509862      -0.4898341473991430      0.0029232916824231       
0.1780969654501292       -0.4898341473991430      0.0029232916824231       
0.1780969654501292       -0.6882628180509862      0.0029232916824231       
-0.6882628180509862      0.1780969654501292       0.0029232916824231       
-0.4898341473991430      0.1780969654501292       0.0029232916824231       
-0.4898341473991430      -0.6882628180509862      0.0029232916824231       
-0.6976128573253928      -0.4273285938719913      0.0029130373608441       
0.1249414511973841       -0.4273285938719913      0.0029130373608441       
0.1249414511973841       -0.6976128573253928      0.0029130373608441       
-0.6976128573253928      0.1249414511973841       0.0029130373608441       
-0.4273285938719913      0.1249414511973841       0.0029130373608441       
-0.4273285938719913      -0.6976128573253928      0.0029130373608441       
-0.7071765619019260      -0.3630757336594360      0.0028675877283372       
0.0702522955613620       -0.3630757336594360      0.0028675877283372       
0.0702522955613620       -0.7071765619019259      0.0028675877283372       
-0.7071765619019260      0.0702522955613620       0.0028675877283372       
-0.3630757336594360      0.0702522955613620       0.0028675877283372       
-0.3630757336594360      -0.7071765619019259      0.0028675877283372       
-0.7169024414114349      -0.2974745115190382      0.0028004903975640       
0.0143769529304731       -0.2974745115190382      0.0028004903975640       
0.0143769529304731       -0.7169024414114349      0.0028004903975640       
-0.7169024414114349      0.0143769529304731       0.0028004903975640       
-0.2974745115190382      0.0143769529304731       0.0028004903975640       
-0.2974745115190382      -0.7169024414114349      0.0028004903975640       
-0.7267889350439236      -0.2308334388809538      0.0027215474438012       
-0.0423776260751225      -0.2308334388809538      0.0027215474438012       
-0.0423776260751226      -0.7267889350439236      0.0027215474438012       
-0.7267889350439236      -0.0423776260751226      0.0027215474438012       
-0.2308334388809538      -0.0423776260751226      0.0027215474438012       
-0.2308334388809538      -0.7267889350439236      0.0027215474438012       
-0.7368210919526725      -0.1632490492399270      0.0026378854899100       
-0.0999298588074005      -0.1632490492399270      0.0026378854899100       
-0.0999298588074004      -0.7368210919526725      0.0026378854899100       
-0.7368210919526725      -0.0999298588074005      0.0026378854899100       
-0.1632490492399270      -0.0999298588074005      0.0026378854899100       
-0.1632490492399270      -0.7368210919526725      0.0026378854899100       
-0.6271652340228877      -0.5610403620331081      0.0029713118196781       
0.1882055960559959       -0.5610403620331081      0.0029713118196781       
0.1882055960559958       -0.6271652340228877      0.0029713118196781       
-0.6271652340228877      0.1882055960559958       0.0029713118196781       
-0.5610403620331081      0.1882055960559958       0.0029713118196781       
-0.5610403620331081      -0.6271652340228877      0.0029713118196781       
-0.6375104746498997      -0.5022217384874028      0.0029904343441362       
0.1397322131373024       -0.5022217384874028      0.0029904343441362       
0.1397322131373024       -0.6375104746498996      0.0029904343441362       
-0.6375104746498997      0.1397322131373024       0.0029904343441362       
-0.5022217384874027      0.1397322131373024       0.0029904343441362       
-0.5022217384874027      -0.6375104746498996      0.0029904343441362       
-0.6482842800148878      -0.4412294239432762      0.0029813188531237       
0.0895137039581639       -0.4412294239432762      0.0029813188531237       
0.0895137039581639       -0.6482842800148878      0.0029813188531237       
-0.6482842800148878      0.0895137039581639       0.0029813188531237       
-0.4412294239432762      0.0895137039581639       0.0029813188531237       
-0.4412294239432762      -0.6482842800148878      0.0029813188531237       
-0.6594387297688447      -0.3784922164702970      0.0029352718640958       
0.0379309462391417       -0.3784922164702970      0.0029352718640958       
0.0379309462391417       -0.6594387297688447      0.0029352718640958       
-0.6594387297688447      0.0379309462391417       0.0029352718640958       
-0.3784922164702970      0.0379309462391417       0.0029352718640958       
-0.3784922164702970      -0.6594387297688447      0.0029352718640958       
-0.6708194837223678      -0.3144663605379496      0.0028570024815835       
-0.0147141557396826      -0.3144663605379496      0.0028570024815835       
-0.0147141557396826      -0.6708194837223678      0.0028570024815835       
-0.6708194837223678      -0.0147141557396826      0.0028570024815835       
-0.3144663605379496      -0.0147141557396826      0.0028570024815835       
-0.3144663605379496      -0.6708194837223678      0.0028570024815835       
-0.6822851772280747      -0.2494735845298643      0.0027708823410876       
-0.0682412382420611      -0.2494735845298643      0.0027708823410876       
-0.0682412382420611      -0.6822851772280747      0.0027708823410876       
-0.6822851772280747      -0.0682412382420611      0.0027708823410876       
-0.2494735845298643      -0.0682412382420611      0.0027708823410876       
-0.2494735845298643      -0.6822851772280747      0.0027708823410876       
-0.6939224101828991      -0.1835087682171169      0.0026889164572457       
-0.1225688215999839      -0.1835087682171169      0.0026889164572457       
-0.1225688215999839      -0.6939224101828990      0.0026889164572457       
-0.6939224101828991      -0.1225688215999839      0.0026889164572457       
-0.1835087682171170      -0.1225688215999839      0.0026889164572457       
-0.1835087682171170      -0.6939224101828990      0.0026889164572457       
-0.5841683478194299      -0.5152220016050919      0.0030163203720188       
0.0993903494245219       -0.5152220016050919      0.0030163203720188       
0.0993903494245218       -0.5841683478194299      0.0030163203720188       
-0.5841683478194299      0.0993903494245218       0.0030163203720188       
-0.5152220016050919      0.0993903494245218       0.0030163203720188       
-0.5152220016050919      -0.5841683478194299      0.0030163203720188       
-0.5964039821861111      -0.4559620626181760      0.0030053218325719       
0.0523660448042871       -0.4559620626181760      0.0030053218325719       
0.0523660448042871       -0.5964039821861111      0.0030053218325719       
-0.5964039821861111      0.0523660448042871       0.0030053218325719       
-0.4559620626181760      0.0523660448042871       0.0030053218325719       
-0.4559620626181760      -0.5964039821861111      0.0030053218325719       
-0.6091163435495972      -0.3948773438805202      0.0029662541521466       
0.0039936874301174       -0.3948773438805202      0.0029662541521466       
0.0039936874301174       -0.6091163435495972      0.0029662541521466       
-0.6091163435495972      0.0039936874301174       0.0029662541521466       
-0.3948773438805202      0.0039936874301174       0.0029662541521466       
-0.3948773438805202      -0.6091163435495972      0.0029662541521466       
-0.6222395217481160      -0.3324140457789164      0.0028893945780365       
-0.0453464324729675      -0.3324140457789164      0.0028893945780365       
-0.0453464324729676      -0.6222395217481160      0.0028893945780365       
-0.6222395217481160      -0.0453464324729675      0.0028893945780365       
-0.3324140457789164      -0.0453464324729675      0.0028893945780365       
-0.3324140457789164      -0.6222395217481160      0.0028893945780365       
-0.6354714415724492      -0.2690658249688652      0.0027862822634785       
-0.0954627334586857      -0.2690658249688652      0.0027862822634785       
-0.0954627334586857      -0.6354714415724492      0.0027862822634785       
-0.6354714415724492      -0.0954627334586857      0.0027862822634785       
-0.2690658249688652      -0.0954627334586857      0.0027862822634785       
-0.2690658249688652      -0.6354714415724492      0.0027862822634785       
-0.6487284204888074      -0.2048628097511520      0.0027033641003409       
-0.1464087697600406      -0.2048628097511520      0.0027033641003409       
-0.1464087697600406      -0.6487284204888074      0.0027033641003409       
-0.6487284204888074      -0.1464087697600406      0.0027033641003409       
-0.2048628097511520      -0.1464087697600406      0.0027033641003409       
-0.2048628097511520      -0.6487284204888074      0.0027033641003409       
-0.5424275496245632      -0.4710706714957416      0.0029939184913221       
0.0134982211203047       -0.4710706714957416      0.0029939184913221       
0.0134982211203048       -0.5424275496245632      0.0029939184913221       
-0.5424275496245632      0.0134982211203047       0.0029939184913221       
-0.4710706714957416      0.0134982211203047       0.0029939184913221       
-0.4710706714957416      -0.5424275496245632      0.0029939184913221       
-0.5567298524469944      -0.4118130346756199      0.0029478272962560       
-0.0314571128773857      -0.4118130346756199      0.0029478272962560       
-0.0314571128773858      -0.5567298524469944      0.0029478272962560       
-0.5567298524469944      -0.0314571128773857      0.0029478272962560       
-0.4118130346756199      -0.0314571128773857      0.0029478272962560       
-0.4118130346756199      -0.5567298524469944      0.0029478272962560       
-0.5714798639608167      -0.3511199372549124      0.0028820267682517       
-0.0774001987842708      -0.3511199372549124      0.0028820267682517       
-0.0774001987842708      -0.5714798639608167      0.0028820267682517       
-0.5714798639608167      -0.0774001987842708      0.0028820267682517       
-0.3511199372549124      -0.0774001987842708      0.0028820267682517       
-0.3511199372549124      -0.5714798639608167      0.0028820267682517       
-0.5866159967420271      -0.2894138760578552      0.0027754286269132       
-0.1239701272001177      -0.2894138760578552      0.0027754286269132       
-0.1239701272001177      -0.5866159967420272      0.0027754286269132       
-0.5866159967420271      -0.1239701272001177      0.0027754286269132       
-0.2894138760578552      -0.1239701272001177      0.0027754286269132       
-0.2894138760578552      -0.5866159967420272      0.0027754286269132       
-0.6016159428630262      -0.2270522566931810      0.0026759265076521       
-0.1713318004437928      -0.2270522566931810      0.0026759265076521       
-0.1713318004437928      -0.6016159428630261      0.0026759265076521       
-0.6016159428630262      -0.1713318004437929      0.0026759265076521       
-0.2270522566931810      -0.1713318004437929      0.0026759265076521       
-0.2270522566931810      -0.6016159428630261      0.0026759265076521       
-0.5026976309718698      -0.4292138588013102      0.0028972374740682       
-0.0680885102268199      -0.4292138588013102      0.0028972374740682       
-0.0680885102268199      -0.5026976309718698      0.0028972374740682       
-0.5026976309718698      -0.0680885102268199      0.0028972374740682       
-0.4292138588013102      -0.0680885102268199      0.0028972374740682       
-0.4292138588013102      -0.5026976309718698      0.0028972374740682       
-0.5190299690058222      -0.3705287093855446      0.0028229236134141       
-0.1104413216086332      -0.3705287093855446      0.0028229236134141       
-0.1104413216086332      -0.5190299690058222      0.0028229236134141       
-0.5190299690058222      -0.1104413216086332      0.0028229236134141       
-0.3705287093855446      -0.1104413216086332      0.0028229236134141       
-0.3705287093855446      -0.5190299690058222      0.0028229236134141       
-0.5359461348337557      -0.3107012686225332      0.0027302504369968       
-0.1533525965437110      -0.3107012686225332      0.0027302504369968       
-0.1533525965437110      -0.5359461348337557      0.0027302504369968       
-0.5359461348337557      -0.1533525965437110      0.0027302504369968       
-0.3107012686225332      -0.1533525965437110      0.0027302504369968       
-0.3107012686225332      -0.5359461348337557      0.0027302504369968       
-0.5528800096592672      -0.2500661619061844      0.0026275388588042       
-0.1970538284345484      -0.2500661619061844      0.0026275388588042       
-0.1970538284345484      -0.5528800096592672      0.0026275388588042       
-0.5528800096592672      -0.1970538284345484      0.0026275388588042       
-0.2500661619061844      -0.1970538284345484      0.0026275388588042       
-0.2500661619061844      -0.5528800096592672      0.0026275388588042       
-0.4652786691652685      -0.3903908546367564      0.0027485741877932       
-0.1443304761979751      -0.3903908546367564      0.0027485741877932       
-0.1443304761979751      -0.4652786691652686      0.0027485741877932       
-0.4652786691652685      -0.1443304761979751      0.0027485741877932       
-0.3903908546367564      -0.1443304761979751      0.0027485741877932       
-0.3903908546367564      -0.4652786691652686      0.0027485741877932       
-0.4839155639660223      -0.3326027124202936      0.0026487325864196       
-0.1834817236136841      -0.3326027124202936      0.0026487325864196       
-0.1834817236136841      -0.4839155639660224      0.0026487325864196       
-0.4839155639660223      -0.1834817236136841      0.0026487325864196       
-0.3326027124202936      -0.1834817236136841      0.0026487325864196       
-0.3326027124202936      -0.4839155639660224      0.0026487325864196       
-0.5027365802816285      -0.2738328628091666      0.0025632573602120       
-0.2234305569092049      -0.2738328628091666      0.0025632573602120       
-0.2234305569092049      -0.5027365802816285      0.0025632573602120       
-0.5027365802816285      -0.2234305569092049      0.0025632573602120       
-0.2738328628091666      -0.2234305569092049      0.0025632573602120       
-0.2738328628091666      -0.5027365802816285      0.0025632573602120       
-0.4308457685795060      -0.3544776093503278      0.0025583473174671       
-0.2146766220701661      -0.3544776093503278      0.0025583473174671       
-0.2146766220701661      -0.4308457685795060      0.0025583473174671       
-0.4308457685795060      -0.2146766220701661      0.0025583473174671       
-0.3544776093503278      -0.2146766220701661      0.0025583473174671       
-0.3544776093503278      -0.4308457685795060      0.0025583473174671       
-0.4514080065982419      -0.2979744726820272      0.0024643266813439       
-0.2506175207197309      -0.2979744726820272      0.0024643266813439       
-0.2506175207197309      -0.4514080065982419      0.0024643266813439       
-0.4514080065982419      -0.2506175207197309      0.0024643266813439       
-0.2979744726820272      -0.2506175207197309      0.0024643266813439       
-0.2979744726820272      -0.4514080065982419      0.0024643266813439       
-0.3990771261717646      -0.3224335997392118      0.0023238191678929       
-0.2784892740890234      -0.3224335997392118      0.0023238191678929       
-0.2784892740890234      -0.3990771261717646      0.0023238191678929       
-0.3990771261717646      -0.2784892740890234      0.0023238191678929       
-0.3224335997392120      -0.2784892740890234      0.0023238191678929       
-0.3224335997392120      -0.3990771261717646      0.0023238191678929       
