centroid    numS21      numS111     
false (1)   16 (3)      120 (6)     

x                        y                        w                        
-0.9973026033641674      0.9946052067283346       0.0000478824586145       
-0.9973026033641674      -0.9973026033641674      0.0000478824586145       
0.9946052067283346       -0.9973026033641674      0.0000478824586145       
-0.9857984803111126      0.9715969606222250       0.0002580929907519       
-0.9857984803111126      -0.9857984803111126      0.0002580929907519       
0.9715969606222252       -0.9857984803111126      0.0002580929907519       
-0.9652755291703562      0.9305510583407124       0.0006259191919810       
-0.9652755291703562      -0.9652755291703562      0.0006259191919810       
0.9305510583407126       -0.9652755291703562      0.0006259191919810       
-0.9363003806219860      0.8726007612439721       0.0011233752430202       
-0.9363003806219860      -0.9363003806219860      0.0011233752430202       
0.8726007612439721       -0.9363003806219860      0.0011233752430202       
-0.8998077188196382      0.7996154376392763       0.0017085483124012       
-0.8998077188196382      -0.8998077188196382      0.0017085483124012       
0.7996154376392762       -0.8998077188196382      0.0017085483124012       
-0.8568986318022269      0.7137972636044538       0.0023403113694904       
-0.8568986318022269      -0.8568986318022269      0.0023403113694904       
0.7137972636044538       -0.8568986318022269      0.0023403113694904       
-0.8086289074860349      0.6172578149720698       0.0029729132076858       
-0.8086289074860349      -0.8086289074860349      0.0029729132076858       
0.6172578149720698       -0.8086289074860349      0.0029729132076858       
-0.7562236122064345      0.5124472244128691       0.0035579464015742       
-0.7562236122064345      -0.7562236122064345      0.0035579464015742       
0.5124472244128691       -0.7562236122064345      0.0035579464015742       
-0.7010745657840864      0.4021491315681729       0.0040491852548274       
-0.7010745657840864      -0.7010745657840864      0.0040491852548274       
0.4021491315681729       -0.7010745657840864      0.0040491852548274       
-0.6446538514531492      0.2893077029062985       0.0044198800403916       
-0.6446538514531492      -0.6446538514531492      0.0044198800403916       
0.2893077029062985       -0.6446538514531492      0.0044198800403916       
-0.5882942593603212      0.1765885187206424       0.0046368540647749       
-0.5882942593603212      -0.5882942593603211      0.0046368540647749       
0.1765885187206424       -0.5882942593603211      0.0046368540647749       
-0.5333569016377204      0.0667138032754408       0.0046879639776064       
-0.5333569016377204      -0.5333569016377204      0.0046879639776064       
0.0667138032754408       -0.5333569016377204      0.0046879639776064       
-0.4812344688193791      -0.0375310623612417      0.0045614431900396       
-0.4812344688193791      -0.4812344688193791      0.0045614431900396       
-0.0375310623612417      -0.4812344688193791      0.0045614431900396       
-0.4327676187189144      -0.1344647625621713      0.0043019905432763       
-0.4327676187189144      -0.4327676187189144      0.0043019905432763       
-0.1344647625621713      -0.4327676187189144      0.0043019905432763       
-0.3892575643577720      -0.2214848712844559      0.0038764596827223       
-0.3892575643577720      -0.3892575643577720      0.0038764596827223       
-0.2214848712844559      -0.3892575643577720      0.0038764596827223       
-0.3514711718037046      -0.2970576563925908      0.0032984900572323       
-0.3514711718037046      -0.3514711718037046      0.0032984900572323       
-0.2970576563925908      -0.3514711718037046      0.0032984900572323       
-0.9972997394173984      -0.9858110687532567      0.0001112054763491       
0.9831108081706552       -0.9858110687532567      0.0001112054763491       
0.9831108081706552       -0.9972997394173984      0.0001112054763491       
-0.9972997394173984      0.9831108081706552       0.0001112054763491       
-0.9858110687532567      0.9831108081706552       0.0001112054763491       
-0.9858110687532567      -0.9972997394173984      0.0001112054763491       
-0.9973032975479063      -0.9652332745904328      0.0001734442272311       
0.9625365721383390       -0.9652332745904328      0.0001734442272311       
0.9625365721383390       -0.9973032975479063      0.0001734442272311       
-0.9973032975479063      0.9625365721383390       0.0001734442272311       
-0.9652332745904328      0.9625365721383390       0.0001734442272311       
-0.9652332745904328      -0.9973032975479063      0.0001734442272311       
-0.9973207823745956      -0.9357314908813216      0.0002328993104445       
0.9330522732559172       -0.9357314908813216      0.0002328993104445       
0.9330522732559172       -0.9973207823745956      0.0002328993104445       
-0.9973207823745956      0.9330522732559172       0.0002328993104445       
-0.9357314908813216      0.9330522732559172       0.0002328993104445       
-0.9357314908813216      -0.9973207823745956      0.0002328993104445       
-0.9973525009003192      -0.8975490839956317      0.0002880806070797       
0.8949015848959510       -0.8975490839956317      0.0002880806070797       
0.8949015848959510       -0.9973525009003192      0.0002880806070797       
-0.9973525009003192      0.8949015848959510       0.0002880806070797       
-0.8975490839956317      0.8949015848959510       0.0002880806070797       
-0.8975490839956317      -0.9973525009003192      0.0002880806070797       
-0.9973992119518326      -0.8510085358992847      0.0003375038743238       
0.8484077478511174       -0.8510085358992847      0.0003375038743238       
0.8484077478511174       -0.9973992119518326      0.0003375038743238       
-0.9973992119518326      0.8484077478511174       0.0003375038743238       
-0.8510085358992847      0.8484077478511174       0.0003375038743238       
-0.8510085358992847      -0.9973992119518326      0.0003375038743238       
-0.9974543324236320      -0.7965118117531682      0.0003808263895952       
0.7939661441768002       -0.7965118117531682      0.0003808263895952       
0.7939661441768002       -0.9974543324236320      0.0003808263895952       
-0.9974543324236320      0.7939661441768002       0.0003808263895952       
-0.7965118117531682      0.7939661441768002       0.0003808263895952       
-0.7965118117531682      -0.9974543324236320      0.0003808263895952       
-0.9975055963694138      -0.7345400071791186      0.0004192470302486       
0.7320456035485323       -0.7345400071791186      0.0004192470302486       
0.7320456035485323       -0.9975055963694138      0.0004192470302486       
-0.9975055963694138      0.7320456035485323       0.0004192470302486       
-0.7345400071791186      0.7320456035485323       0.0004192470302486       
-0.7345400071791186      -0.9975055963694138      0.0004192470302486       
-0.9975659378912169      -0.6656497390462448      0.0004503927740049       
0.6632156769374618       -0.6656497390462448      0.0004503927740049       
0.6632156769374618       -0.9975659378912169      0.0004503927740049       
-0.9975659378912168      0.6632156769374618       0.0004503927740049       
-0.6656497390462449      0.6632156769374618       0.0004503927740049       
-0.6656497390462448      -0.9975659378912169      0.0004503927740049       
-0.9976399305057450      -0.5904679798761436      0.0004727795077770       
0.5881079103818887       -0.5904679798761436      0.0004727795077770       
0.5881079103818888       -0.9976399305057450      0.0004727795077770       
-0.9976399305057450      0.5881079103818887       0.0004727795077770       
-0.5904679798761437      0.5881079103818887       0.0004727795077770       
-0.5904679798761437      -0.9976399305057450      0.0004727795077770       
-0.9977127784755536      -0.5096870950956816      0.0004888422785959       
0.5073998735712351       -0.5096870950956816      0.0004888422785959       
0.5073998735712351       -0.9977127784755536      0.0004888422785959       
-0.9977127784755536      0.5073998735712351       0.0004888422785959       
-0.5096870950956816      0.5073998735712351       0.0004888422785959       
-0.5096870950956816      -0.9977127784755536      0.0004888422785959       
-0.9977859450709679      -0.4240541558164968      0.0004985070745814       
0.4218401008874646       -0.4240541558164968      0.0004985070745814       
0.4218401008874646       -0.9977859450709679      0.0004985070745814       
-0.9977859450709679      0.4218401008874646       0.0004985070745814       
-0.4240541558164968      0.4218401008874646       0.0004985070745814       
-0.4240541558164968      -0.9977859450709679      0.0004985070745814       
-0.9978686940387727      -0.3343621768145518      0.0004997864359202       
0.3322308708533244       -0.3343621768145518      0.0004997864359202       
0.3322308708533244       -0.9978686940387727      0.0004997864359202       
-0.9978686940387727      0.3322308708533244       0.0004997864359202       
-0.3343621768145518      0.3322308708533244       0.0004997864359202       
-0.3343621768145518      -0.9978686940387727      0.0004997864359202       
-0.9979556167974764      -0.2414486921605604      0.0004940135499515       
0.2394043089580367       -0.2414486921605604      0.0004940135499515       
0.2394043089580367       -0.9979556167974764      0.0004940135499515       
-0.9979556167974762      0.2394043089580366       0.0004940135499515       
-0.2414486921605604      0.2394043089580366       0.0004940135499515       
-0.2414486921605604      -0.9979556167974764      0.0004940135499515       
-0.9980491287133144      -0.1461888672842073      0.0004809701432333       
0.1442379959975218       -0.1461888672842073      0.0004809701432333       
0.1442379959975218       -0.9980491287133144      0.0004809701432333       
-0.9980491287133144      0.1442379959975218       0.0004809701432333       
-0.1461888672842073      0.1442379959975218       0.0004809701432333       
-0.1461888672842073      -0.9980491287133144      0.0004809701432333       
-0.9981383875906522      -0.0494981325629384      0.0004635397798146       
0.0476365201535907       -0.0494981325629384      0.0004635397798146       
0.0476365201535906       -0.9981383875906522      0.0004635397798146       
-0.9981383875906522      0.0476365201535907       0.0004635397798146       
-0.0494981325629384      0.0476365201535907       0.0004635397798146       
-0.0494981325629385      -0.9981383875906522      0.0004635397798146       
-0.9858197802014236      -0.9652128418013775      0.0004021636375470       
0.9510326220028013       -0.9652128418013775      0.0004021636375470       
0.9510326220028013       -0.9858197802014236      0.0004021636375470       
-0.9858197802014238      0.9510326220028013       0.0004021636375470       
-0.9652128418013775      0.9510326220028013       0.0004021636375470       
-0.9652128418013775      -0.9858197802014236      0.0004021636375470       
-0.9859129106769736      -0.9357193747061764      0.0005395300265706       
0.9216322853831500       -0.9357193747061764      0.0005395300265706       
0.9216322853831500       -0.9859129106769736      0.0005395300265706       
-0.9859129106769736      0.9216322853831500       0.0005395300265706       
-0.9357193747061764      0.9216322853831500       0.0005395300265706       
-0.9357193747061764      -0.9859129106769736      0.0005395300265706       
-0.9860808398150204      -0.8975775299441648      0.0006667004457328       
0.8836583697591853       -0.8975775299441648      0.0006667004457328       
0.8836583697591853       -0.9860808398150204      0.0006667004457328       
-0.9860808398150204      0.8836583697591853       0.0006667004457328       
-0.8975775299441648      0.8836583697591853       0.0006667004457328       
-0.8975775299441648      -0.9860808398150204      0.0006667004457328       
-0.9863257487141610      -0.8511239330772664      0.0007805098719943       
0.8374496817914274       -0.8511239330772664      0.0007805098719943       
0.8374496817914274       -0.9863257487141610      0.0007805098719943       
-0.9863257487141610      0.8374496817914274       0.0007805098719943       
-0.8511239330772664      0.8374496817914274       0.0007805098719943       
-0.8511239330772664      -0.9863257487141610      0.0007805098719943       
-0.9866136015772202      -0.7967702704629518      0.0008802630089657       
0.7833838720401720       -0.7967702704629518      0.0008802630089657       
0.7833838720401720       -0.9866136015772202      0.0008802630089657       
-0.9866136015772204      0.7833838720401720       0.0008802630089657       
-0.7967702704629517      0.7833838720401720       0.0008802630089657       
-0.7967702704629518      -0.9866136015772202      0.0008802630089657       
-0.9868869714045398      -0.7350026904843143      0.0009678838958110       
0.7218896618888542       -0.7350026904843143      0.0009678838958110       
0.7218896618888542       -0.9868869714045398      0.0009678838958110       
-0.9868869714045398      0.7218896618888542       0.0009678838958110       
-0.7350026904843143      0.7218896618888542       0.0009678838958110       
-0.7350026904843143      -0.9868869714045398      0.0009678838958110       
-0.9872047073153034      -0.6663728776850006      0.0010391847655192       
0.6535775850003041       -0.6663728776850006      0.0010391847655192       
0.6535775850003041       -0.9872047073153034      0.0010391847655192       
-0.9872047073153032      0.6535775850003041       0.0010391847655192       
-0.6663728776850008      0.6535775850003041       0.0010391847655192       
-0.6663728776850006      -0.9872047073153034      0.0010391847655192       
-0.9875890267333040      -0.5914962211124031      0.0010912223199361       
0.5790852478457071       -0.5914962211124031      0.0010912223199361       
0.5790852478457071       -0.9875890267333040      0.0010912223199361       
-0.9875890267333040      0.5790852478457071       0.0010912223199361       
-0.5914962211124031      0.5790852478457071       0.0010912223199361       
-0.5914962211124031      -0.9875890267333040      0.0010912223199361       
-0.9879755323664252      -0.5110600781863195      0.0011273618755821       
0.4990356105527447       -0.5110600781863195      0.0011273618755821       
0.4990356105527447       -0.9879755323664252      0.0011273618755821       
-0.9879755323664252      0.4990356105527447       0.0011273618755821       
-0.5110600781863195      0.4990356105527447       0.0011273618755821       
-0.5110600781863195      -0.9879755323664252      0.0011273618755821       
-0.9883621309896246      -0.4258101217309760      0.0011488187463278       
0.4141722527206007       -0.4258101217309760      0.0011488187463278       
0.4141722527206006       -0.9883621309896246      0.0011488187463278       
-0.9883621309896246      0.4141722527206006       0.0011488187463278       
-0.4258101217309761      0.4141722527206006       0.0011488187463278       
-0.4258101217309761      -0.9883621309896246      0.0011488187463278       
-0.9887965144956116      -0.3365347353667123      0.0011513606993359       
0.3253312498623240       -0.3365347353667123      0.0011513606993359       
0.3253312498623240       -0.9887965144956116      0.0011513606993359       
-0.9887965144956116      0.3253312498623240       0.0011513606993359       
-0.3365347353667123      0.3253312498623240       0.0011513606993359       
-0.3365347353667123      -0.9887965144956116      0.0011513606993359       
-0.9892518912134362      -0.2440783958546966      0.0011377690038691       
0.2333302870681328       -0.2440783958546966      0.0011377690038691       
0.2333302870681328       -0.9892518912134362      0.0011377690038691       
-0.9892518912134364      0.2333302870681328       0.0011377690038691       
-0.2440783958546965      0.2333302870681328       0.0011377690038691       
-0.2440783958546965      -0.9892518912134362      0.0011377690038691       
-0.9897346102383382      -0.1493077198469002      0.0011089743329954       
0.1390423300852384       -0.1493077198469002      0.0011089743329954       
0.1390423300852384       -0.9897346102383380      0.0011089743329954       
-0.9897346102383380      0.1390423300852384       0.0011089743329954       
-0.1493077198469003      0.1390423300852384       0.0011089743329954       
-0.1493077198469002      -0.9897346102383380      0.0011089743329954       
-0.9902043859117454      -0.0531238848851430      0.0010685677251003       
0.0433282707968883       -0.0531238848851430      0.0010685677251003       
0.0433282707968882       -0.9902043859117454      0.0010685677251003       
-0.9902043859117454      0.0433282707968883       0.0010685677251003       
-0.0531238848851430      0.0433282707968883       0.0010685677251003       
-0.0531238848851430      -0.9902043859117454      0.0010685677251003       
-0.9655080733842060      -0.9358604932909914      0.0008388502418564       
0.9013685666751974       -0.9358604932909914      0.0008388502418564       
0.9013685666751974       -0.9655080733842060      0.0008388502418564       
-0.9655080733842060      0.9013685666751974       0.0008388502418564       
-0.9358604932909914      0.9013685666751974       0.0008388502418564       
-0.9358604932909914      -0.9655080733842060      0.0008388502418564       
-0.9659230737173310      -0.8978497084646671      0.0010354295498635       
0.8637727821819980       -0.8978497084646671      0.0010354295498635       
0.8637727821819980       -0.9659230737173310      0.0010354295498635       
-0.9659230737173310      0.8637727821819980       0.0010354295498635       
-0.8978497084646671      0.8637727821819980       0.0010354295498635       
-0.8978497084646671      -0.9659230737173310      0.0010354295498635       
-0.9665185661556416      -0.8515951125461265      0.0012113121060638       
0.8181136787017682       -0.8515951125461265      0.0012113121060638       
0.8181136787017682       -0.9665185661556416      0.0012113121060638       
-0.9665185661556416      0.8181136787017682       0.0012113121060638       
-0.8515951125461265      0.8181136787017682       0.0012113121060638       
-0.8515951125461265      -0.9665185661556416      0.0012113121060638       
-0.9672160789010442      -0.7975235396500846      0.0013652298071128       
0.7647396185511288       -0.7975235396500846      0.0013652298071128       
0.7647396185511288       -0.9672160789010442      0.0013652298071128       
-0.9672160789010442      0.7647396185511288       0.0013652298071128       
-0.7975235396500846      0.7647396185511288       0.0013652298071128       
-0.7975235396500846      -0.9672160789010442      0.0013652298071128       
-0.9679005740808798      -0.7361369945725909      0.0014982067463125       
0.7040375686534706       -0.7361369945725909      0.0014982067463125       
0.7040375686534706       -0.9679005740808798      0.0014982067463125       
-0.9679005740808798      0.7040375686534706       0.0014982067463125       
-0.7361369945725909      0.7040375686534706       0.0014982067463125       
-0.7361369945725909      -0.9679005740808798      0.0014982067463125       
-0.9686798715995398      -0.6679923777972432      0.0016067015954539       
0.6366722493967829       -0.6679923777972432      0.0016067015954539       
0.6366722493967829       -0.9686798715995398      0.0016067015954539       
-0.9686798715995398      0.6366722493967829       0.0016067015954539       
-0.6679923777972432      0.6366722493967829       0.0016067015954539       
-0.6679923777972432      -0.9686798715995398      0.0016067015954539       
-0.9696031062995076      -0.5937019830279524      0.0016871426112667       
0.5633050893274600       -0.5937019830279524      0.0016871426112667       
0.5633050893274600       -0.9696031062995076      0.0016871426112667       
-0.9696031062995076      0.5633050893274600       0.0016871426112667       
-0.5937019830279524      0.5633050893274600       0.0016871426112667       
-0.5937019830279524      -0.9696031062995076      0.0016871426112667       
-0.9705591566476426      -0.5139491508056282      0.0017408198459056       
0.4845083074532708       -0.5139491508056282      0.0017408198459056       
0.4845083074532708       -0.9705591566476426      0.0017408198459056       
-0.9705591566476426      0.4845083074532708       0.0017408198459056       
-0.5139491508056282      0.4845083074532708       0.0017408198459056       
-0.5139491508056282      -0.9705591566476426      0.0017408198459056       
-0.9715150036616697      -0.4294630366302612      0.0017716333281500       
0.4009780402919308       -0.4294630366302612      0.0017716333281500       
0.4009780402919308       -0.9715150036616697      0.0017716333281500       
-0.9715150036616697      0.4009780402919308       0.0017716333281500       
-0.4294630366302612      0.4009780402919308       0.0017716333281500       
-0.4294630366302612      -0.9715150036616697      0.0017716333281500       
-0.9725740647382494      -0.3409809312879704      0.0017757861000428       
0.3135549960262198       -0.3409809312879704      0.0017757861000428       
0.3135549960262198       -0.9725740647382494      0.0017757861000428       
-0.9725740647382494      0.3135549960262198       0.0017757861000428       
-0.3409809312879704      0.3135549960262198       0.0017757861000428       
-0.3409809312879704      -0.9725740647382494      0.0017757861000428       
-0.9736816435908658      -0.2493066065423228      0.0017560828533142       
0.2229882501331885       -0.2493066065423228      0.0017560828533142       
0.2229882501331886       -0.9736816435908658      0.0017560828533142       
-0.9736816435908658      0.2229882501331886       0.0017560828533142       
-0.2493066065423228      0.2229882501331886       0.0017560828533142       
-0.2493066065423228      -0.9736816435908658      0.0017560828533142       
-0.9748365782809254      -0.1552697433309092      0.0017149192085185       
0.1301063216118346       -0.1552697433309092      0.0017149192085185       
0.1301063216118346       -0.9748365782809254      0.0017149192085185       
-0.9748365782809254      0.1301063216118346       0.0017149192085185       
-0.1552697433309092      0.1301063216118346       0.0017149192085185       
-0.1552697433309092      -0.9748365782809254      0.0017149192085185       
-0.9759888944707574      -0.0597536590631143      0.0016531180599979       
0.0357425535338716       -0.0597536590631143      0.0016531180599979       
0.0357425535338716       -0.9759888944707572      0.0016531180599979       
-0.9759888944707572      0.0357425535338716       0.0016531180599979       
-0.0597536590631144      0.0357425535338716       0.0016531180599979       
-0.0597536590631143      -0.9759888944707572      0.0016531180599979       
-0.9370731335277080      -0.8985709664638606      0.0013856179733816       
0.8356440999915686       -0.8985709664638606      0.0013856179733816       
0.8356440999915686       -0.9370731335277080      0.0013856179733816       
-0.9370731335277080      0.8356440999915686       0.0013856179733816       
-0.8985709664638606      0.8356440999915686       0.0013856179733816       
-0.8985709664638606      -0.9370731335277080      0.0013856179733816       
-0.9381591255045482      -0.8526817697935418      0.0016204493456864       
0.7908408952980901       -0.8526817697935418      0.0016204493456864       
0.7908408952980901       -0.9381591255045482      0.0016204493456864       
-0.9381591255045482      0.7908408952980901       0.0016204493456864       
-0.8526817697935418      0.7908408952980901       0.0016204493456864       
-0.8526817697935418      -0.9381591255045482      0.0016204493456864       
-0.9394314783523267      -0.7990757295339690      0.0018252844845165       
0.7385072078862955       -0.7990757295339690      0.0018252844845165       
0.7385072078862955       -0.9394314783523267      0.0018252844845165       
-0.9394314783523267      0.7385072078862955       0.0018252844845165       
-0.7990757295339690      0.7385072078862955       0.0018252844845165       
-0.7990757295339690      -0.9394314783523267      0.0018252844845165       
-0.9407286215536794      -0.7382738850580004      0.0019990225099283       
0.6790025066116798       -0.7382738850580004      0.0019990225099283       
0.6790025066116798       -0.9407286215536794      0.0019990225099283       
-0.9407286215536796      0.6790025066116798       0.0019990225099283       
-0.7382738850580003      0.6790025066116798       0.0019990225099283       
-0.7382738850580004      -0.9407286215536794      0.0019990225099283       
-0.9421710555403684      -0.6708385331047226      0.0021410550732369       
0.6130095886450910       -0.6708385331047226      0.0021410550732369       
0.6130095886450910       -0.9421710555403684      0.0021410550732369       
-0.9421710555403684      0.6130095886450910       0.0021410550732369       
-0.6708385331047226      0.6130095886450910       0.0021410550732369       
-0.6708385331047226      -0.9421710555403684      0.0021410550732369       
-0.9438410849390366      -0.5973711667739174      0.0022479994260899       
0.5412122517129541       -0.5973711667739174      0.0022479994260899       
0.5412122517129541       -0.9438410849390366      0.0022479994260899       
-0.9438410849390366      0.5412122517129541       0.0022479994260899       
-0.5973711667739174      0.5412122517129541       0.0022479994260899       
-0.5973711667739174      -0.9438410849390366      0.0022479994260899       
-0.9456174018011860      -0.5185369024921020      0.0023180424450897       
0.4641543042932881       -0.5185369024921020      0.0023180424450897       
0.4641543042932881       -0.9456174018011860      0.0023180424450897       
-0.9456174018011860      0.4641543042932881       0.0023180424450897       
-0.5185369024921020      0.4641543042932881       0.0023180424450897       
-0.5185369024921020      -0.9456174018011860      0.0023180424450897       
-0.9474126563071066      -0.4350459843783278      0.0023550633895325       
0.3824586406854344       -0.4350459843783278      0.0023550633895325       
0.3824586406854344       -0.9474126563071068      0.0023550633895325       
-0.9474126563071066      0.3824586406854344       0.0023550633895325       
-0.4350459843783278      0.3824586406854344       0.0023550633895325       
-0.4350459843783278      -0.9474126563071068      0.0023550633895325       
-0.9493594338266640      -0.3475963382713418      0.0023603887423970       
0.2969557720980058       -0.3475963382713418      0.0023603887423970       
0.2969557720980058       -0.9493594338266640      0.0023603887423970       
-0.9493594338266640      0.2969557720980058       0.0023603887423970       
-0.3475963382713418      0.2969557720980058       0.0023603887423970       
-0.3475963382713418      -0.9493594338266640      0.0023603887423970       
-0.9513859832983536      -0.2569569734898622      0.0023359357677889       
0.2083429567882158       -0.2569569734898622      0.0023359357677889       
0.2083429567882158       -0.9513859832983536      0.0023359357677889       
-0.9513859832983536      0.2083429567882158       0.0023359357677889       
-0.2569569734898622      0.2083429567882158       0.0023359357677889       
-0.2569569734898622      -0.9513859832983536      0.0023359357677889       
-0.9534808669690306      -0.1639139168139774      0.0022831811162037       
0.1173947837830081       -0.1639139168139774      0.0022831811162037       
0.1173947837830081       -0.9534808669690306      0.0022831811162037       
-0.9534808669690306      0.1173947837830080       0.0022831811162037       
-0.1639139168139775      0.1173947837830080       0.0022831811162037       
-0.1639139168139774      -0.9534808669690306      0.0022831811162037       
-0.9556082495539197      -0.0692946282097224      0.0022028340367809       
0.0249028777636420       -0.0692946282097224      0.0022028340367809       
0.0249028777636420       -0.9556082495539197      0.0022028340367809       
-0.9556082495539197      0.0249028777636420       0.0022028340367809       
-0.0692946282097223      0.0249028777636420       0.0022028340367809       
-0.0692946282097223      -0.9556082495539197      0.0022028340367809       
-0.9015060852925670      -0.8544824606179295      0.0019987806246196       
0.7559885459104965       -0.8544824606179295      0.0019987806246196       
0.7559885459104965       -0.9015060852925671      0.0019987806246196       
-0.9015060852925670      0.7559885459104965       0.0019987806246196       
-0.8544824606179294      0.7559885459104965       0.0019987806246196       
-0.8544824606179293      -0.9015060852925671      0.0019987806246196       
-0.9035059029474138      -0.8015352497736905      0.0022516441716979       
0.7050411527211042       -0.8015352497736905      0.0022516441716979       
0.7050411527211042       -0.9035059029474138      0.0022516441716979       
-0.9035059029474138      0.7050411527211042       0.0022516441716979       
-0.8015352497736904      0.7050411527211042       0.0022516441716979       
-0.8015352497736905      -0.9035059029474138      0.0022516441716979       
-0.9056228139804956      -0.7414861454337673      0.0024632522477444       
0.6471089594142629       -0.7414861454337673      0.0024632522477444       
0.6471089594142629       -0.9056228139804956      0.0024632522477444       
-0.9056228139804954      0.6471089594142629       0.0024632522477444       
-0.7414861454337675      0.6471089594142629       0.0024632522477444       
-0.7414861454337673      -0.9056228139804956      0.0024632522477444       
-0.9079318118262512      -0.6749034864254382      0.0026355214035813       
0.5828352982516893       -0.6749034864254382      0.0026355214035813       
0.5828352982516893       -0.9079318118262512      0.0026355214035813       
-0.9079318118262512      0.5828352982516893       0.0026355214035813       
-0.6749034864254382      0.5828352982516893       0.0026355214035813       
-0.6749034864254382      -0.9079318118262512      0.0026355214035813       
-0.9105478285122984      -0.6023939693801417      0.0027655882714750       
0.5129417978924400       -0.6023939693801417      0.0027655882714750       
0.5129417978924401       -0.9105478285122982      0.0027655882714750       
-0.9105478285122982      0.5129417978924400       0.0027655882714750       
-0.6023939693801418      0.5129417978924400       0.0027655882714750       
-0.6023939693801418      -0.9105478285122982      0.0027655882714750       
-0.9133722502841568      -0.5246249288603644      0.0028507109787818       
0.4379971791445212       -0.5246249288603644      0.0028507109787818       
0.4379971791445212       -0.9133722502841568      0.0028507109787818       
-0.9133722502841568      0.4379971791445212       0.0028507109787818       
-0.5246249288603644      0.4379971791445212       0.0028507109787818       
-0.5246249288603644      -0.9133722502841568      0.0028507109787818       
-0.9162907471713782      -0.4423015534637733      0.0028902181812609       
0.3585923006351514       -0.4423015534637733      0.0028902181812609       
0.3585923006351514       -0.9162907471713782      0.0028902181812609       
-0.9162907471713782      0.3585923006351514       0.0028902181812609       
-0.4423015534637733      0.3585923006351514       0.0028902181812609       
-0.4423015534637733      -0.9162907471713782      0.0028902181812609       
-0.9193840011709318      -0.3561064841843191      0.0028938310549564       
0.2754904853552509       -0.3561064841843191      0.0028938310549564       
0.2754904853552509       -0.9193840011709318      0.0028938310549564       
-0.9193840011709318      0.2754904853552509       0.0028938310549564       
-0.3561064841843191      0.2754904853552509       0.0028938310549564       
-0.3561064841843191      -0.9193840011709318      0.0028938310549564       
-0.9225744569882938      -0.2667697624328868      0.0028645951398067       
0.1893442194211807       -0.2667697624328868      0.0028645951398067       
0.1893442194211807       -0.9225744569882938      0.0028645951398067       
-0.9225744569882938      0.1893442194211807       0.0028645951398067       
-0.2667697624328868      0.1893442194211807       0.0028645951398067       
-0.2667697624328868      -0.9225744569882938      0.0028645951398067       
-0.9258831335907401      -0.1750131205906500      0.0027985637709889       
0.1008962541813902       -0.1750131205906500      0.0027985637709889       
0.1008962541813902       -0.9258831335907401      0.0027985637709889       
-0.9258831335907401      0.1008962541813902       0.0027985637709889       
-0.1750131205906500      0.1008962541813902       0.0027985637709889       
-0.1750131205906500      -0.9258831335907401      0.0027985637709889       
-0.9292629683695978      -0.0815995378567491      0.0027016844754617       
0.0108625062263468       -0.0815995378567491      0.0027016844754617       
0.0108625062263468       -0.9292629683695978      0.0027016844754617       
-0.9292629683695978      0.0108625062263468       0.0027016844754617       
-0.0815995378567490      0.0108625062263468       0.0027016844754617       
-0.0815995378567490      -0.9292629683695978      0.0027016844754617       
-0.8597680239719641      -0.8047608044311267      0.0026375971594788       
0.6645288284030908       -0.8047608044311267      0.0026375971594788       
0.6645288284030908       -0.8597680239719641      0.0026375971594788       
-0.8597680239719641      0.6645288284030908       0.0026375971594788       
-0.8047608044311267      0.6645288284030908       0.0026375971594788       
-0.8047608044311267      -0.8597680239719641      0.0026375971594788       
-0.8629033562337136      -0.7456037632863926      0.0028845071039142       
0.6085071195201062       -0.7456037632863926      0.0028845071039142       
0.6085071195201062       -0.8629033562337136      0.0028845071039142       
-0.8629033562337136      0.6085071195201062       0.0028845071039142       
-0.7456037632863926      0.6085071195201062       0.0028845071039142       
-0.7456037632863926      -0.8629033562337136      0.0028845071039142       
-0.8662886268990821      -0.6800035632304189      0.0030831463727025       
0.5462921901295010       -0.6800035632304189      0.0030831463727025       
0.5462921901295010       -0.8662886268990821      0.0030831463727025       
-0.8662886268990821      0.5462921901295010       0.0030831463727025       
-0.6800035632304189      0.5462921901295010       0.0030831463727025       
-0.6800035632304189      -0.8662886268990821      0.0030831463727025       
-0.8700553119770056      -0.6085762142065545      0.0032319214338701       
0.4786315261835601       -0.6085762142065545      0.0032319214338701       
0.4786315261835601       -0.8700553119770055      0.0032319214338701       
-0.8700553119770055      0.4786315261835601       0.0032319214338701       
-0.6085762142065546      0.4786315261835601       0.0032319214338701       
-0.6085762142065546      -0.8700553119770055      0.0032319214338701       
-0.8741251311758405      -0.5320063966346003      0.0033297865198899       
0.4061315278104406       -0.5320063966346003      0.0033297865198899       
0.4061315278104407       -0.8741251311758407      0.0033297865198899       
-0.8741251311758406      0.4061315278104407       0.0033297865198899       
-0.5320063966346001      0.4061315278104407       0.0033297865198899       
-0.5320063966346001      -0.8741251311758407      0.0033297865198899       
-0.8784375923361547      -0.4510067828696449      0.0033697563210275       
0.3294443752057996       -0.4510067828696449      0.0033697563210275       
0.3294443752057996       -0.8784375923361547      0.0033697563210275       
-0.8784375923361547      0.3294443752057996       0.0033697563210275       
-0.4510067828696449      0.3294443752057996       0.0033697563210275       
-0.4510067828696449      -0.8784375923361547      0.0033697563210275       
-0.8829413129388799      -0.3662896203045526      0.0033661333983268       
0.2492309332434324       -0.3662896203045526      0.0033661333983268       
0.2492309332434324       -0.8829413129388799      0.0033661333983268       
-0.8829413129388798      0.2492309332434324       0.0033661333983268       
-0.3662896203045526      0.2492309332434324       0.0033661333983268       
-0.3662896203045526      -0.8829413129388799      0.0033661333983268       
-0.8875280536788006      -0.2785608234940256      0.0033282709406546       
0.1660888771728262       -0.2785608234940256      0.0033282709406546       
0.1660888771728262       -0.8875280536788006      0.0033282709406546       
-0.8875280536788005      0.1660888771728262       0.0033282709406546       
-0.2785608234940256      0.1660888771728262       0.0033282709406546       
-0.2785608234940256      -0.8875280536788006      0.0033282709406546       
-0.8923250421301113      -0.1884196520912039      0.0032496034869396       
0.0807446942213152       -0.1884196520912039      0.0032496034869396       
0.0807446942213152       -0.8923250421301114      0.0032496034869396       
-0.8923250421301113      0.0807446942213152       0.0032496034869396       
-0.1884196520912039      0.0807446942213152       0.0032496034869396       
-0.1884196520912039      -0.8923250421301114      0.0032496034869396       
-0.8972277393032031      -0.0965323671803173      0.0031380670469460       
-0.0062398935164797      -0.0965323671803173      0.0031380670469460       
-0.0062398935164798      -0.8972277393032030      0.0031380670469460       
-0.8972277393032031      -0.0062398935164797      0.0031380670469460       
-0.0965323671803173      -0.0062398935164797      0.0031380670469460       
-0.0965323671803173      -0.8972277393032030      0.0031380670469460       
-0.8129502012694783      -0.7505886697424067      0.0032510096113770       
0.5635388710118849       -0.7505886697424067      0.0032510096113770       
0.5635388710118849       -0.8129502012694783      0.0032510096113770       
-0.8129502012694783      0.5635388710118849       0.0032510096113770       
-0.7505886697424067      0.5635388710118849       0.0032510096113770       
-0.7505886697424067      -0.8129502012694783      0.0032510096113770       
-0.8176186706342485      -0.6862230400975431      0.0034709352325645       
0.5038417107317916       -0.6862230400975431      0.0034709352325645       
0.5038417107317916       -0.8176186706342485      0.0034709352325645       
-0.8176186706342484      0.5038417107317916       0.0034709352325645       
-0.6862230400975432      0.5038417107317916       0.0034709352325645       
-0.6862230400975431      -0.8176186706342485      0.0034709352325645       
-0.8227425485441118      -0.6161437795004729      0.0036341565684548       
0.4388863280445847       -0.6161437795004729      0.0036341565684548       
0.4388863280445847       -0.8227425485441118      0.0036341565684548       
-0.8227425485441118      0.4388863280445847       0.0036341565684548       
-0.6161437795004729      0.4388863280445847       0.0036341565684548       
-0.6161437795004729      -0.8227425485441118      0.0036341565684548       
-0.8282334315909532      -0.5410289536100499      0.0037425199003352       
0.3692623852010030       -0.5410289536100499      0.0037425199003352       
0.3692623852010030       -0.8282334315909532      0.0037425199003352       
-0.8282334315909532      0.3692623852010030       0.0037425199003352       
-0.5410289536100499      0.3692623852010030       0.0037425199003352       
-0.5410289536100499      -0.8282334315909532      0.0037425199003352       
-0.8341534354716951      -0.4615571980949773      0.0037876402763671       
0.2957106335666724       -0.4615571980949773      0.0037876402763671       
0.2957106335666724       -0.8341534354716951      0.0037876402763671       
-0.8341534354716951      0.2957106335666724       0.0037876402763671       
-0.4615571980949773      0.2957106335666724       0.0037876402763671       
-0.4615571980949773      -0.8341534354716951      0.0037876402763671       
-0.8403329971143816      -0.3784588473322563      0.0037772816033503       
0.2187918444466379       -0.3784588473322563      0.0037772816033503       
0.2187918444466379       -0.8403329971143816      0.0037772816033503       
-0.8403329971143816      0.2187918444466379       0.0037772816033503       
-0.3784588473322563      0.2187918444466379       0.0037772816033503       
-0.3784588473322563      -0.8403329971143816      0.0037772816033503       
-0.8465798085091096      -0.2924659572935208      0.0037244016358359       
0.1390457658026305       -0.2924659572935208      0.0037244016358359       
0.1390457658026305       -0.8465798085091096      0.0037244016358359       
-0.8465798085091096      0.1390457658026305       0.0037244016358359       
-0.2924659572935208      0.1390457658026305       0.0037244016358359       
-0.2924659572935208      -0.8465798085091096      0.0037244016358359       
-0.8531153538872426      -0.2041162015100632      0.0036339413575732       
0.0572315553973057       -0.2041162015100632      0.0036339413575732       
0.0572315553973057       -0.8531153538872425      0.0036339413575732       
-0.8531153538872426      0.0572315553973057       0.0036339413575732       
-0.2041162015100632      0.0572315553973057       0.0036339413575732       
-0.2041162015100632      -0.8531153538872425      0.0036339413575732       
-0.8598108550092938      -0.1139756560343619      0.0035089146936048       
-0.0262134889563443      -0.1139756560343619      0.0035089146936048       
-0.0262134889563444      -0.8598108550092938      0.0035089146936048       
-0.8598108550092938      -0.0262134889563443      0.0035089146936048       
-0.1139756560343619      -0.0262134889563443      0.0035089146936048       
-0.1139756560343619      -0.8598108550092938      0.0035089146936048       
-0.7623797457301260      -0.6932611750603987      0.0037973504442969       
0.4556409207905248       -0.6932611750603987      0.0037973504442969       
0.4556409207905248       -0.7623797457301260      0.0037973504442969       
-0.7623797457301260      0.4556409207905248       0.0037973504442969       
-0.6932611750603987      0.4556409207905248       0.0037973504442969       
-0.6932611750603987      -0.7623797457301260      0.0037973504442969       
-0.7690765724055053      -0.6246652604705756      0.0039727464004178       
0.3937418328760810       -0.6246652604705756      0.0039727464004178       
0.3937418328760808       -0.7690765724055053      0.0039727464004178       
-0.7690765724055052      0.3937418328760809       0.0039727464004178       
-0.6246652604705757      0.3937418328760809       0.0039727464004178       
-0.6246652604705756      -0.7690765724055053      0.0039727464004178       
-0.7761883088839308      -0.5511331704148843      0.0040850096010637       
0.3273214792988150       -0.5511331704148843      0.0040850096010637       
0.3273214792988150       -0.7761883088839308      0.0040850096010637       
-0.7761883088839308      0.3273214792988150       0.0040850096010637       
-0.5511331704148843      0.3273214792988150       0.0040850096010637       
-0.5511331704148843      -0.7761883088839308      0.0040850096010637       
-0.7838655962895065      -0.4733602845282905      0.0041330840583640       
0.2572258808177970       -0.4733602845282905      0.0041330840583640       
0.2572258808177970       -0.7838655962895064      0.0041330840583640       
-0.7838655962895064      0.2572258808177970       0.0041330840583640       
-0.4733602845282906      0.2572258808177970       0.0041330840583640       
-0.4733602845282906      -0.7838655962895064      0.0041330840583640       
-0.7919352426282407      -0.3921000106425792      0.0041160732909995       
0.1840352532708198       -0.3921000106425792      0.0041160732909995       
0.1840352532708198       -0.7919352426282407      0.0041160732909995       
-0.7919352426282407      0.1840352532708198       0.0041160732909995       
-0.3921000106425792      0.1840352532708198       0.0041160732909995       
-0.3921000106425792      -0.7919352426282407      0.0041160732909995       
-0.8001366200858553      -0.3080919382111284      0.0040426392326020       
0.1082285582969838       -0.3080919382111284      0.0040426392326020       
0.1082285582969837       -0.8001366200858553      0.0040426392326020       
-0.8001366200858553      0.1082285582969838       0.0040426392326020       
-0.3080919382111284      0.1082285582969838       0.0040426392326020       
-0.3080919382111284      -0.8001366200858553      0.0040426392326020       
-0.8086108704769890      -0.2218419118694395      0.0039407500141518       
0.0304527823464284       -0.2218419118694395      0.0039407500141518       
0.0304527823464284       -0.8086108704769890      0.0039407500141518       
-0.8086108704769890      0.0304527823464284       0.0039407500141518       
-0.2218419118694395      0.0304527823464284       0.0039407500141518       
-0.2218419118694395      -0.8086108704769890      0.0039407500141518       
-0.8173215846755268      -0.1337533210439514      0.0038090445813912       
-0.0489250942805217      -0.1337533210439514      0.0038090445813912       
-0.0489250942805217      -0.8173215846755268      0.0038090445813912       
-0.8173215846755268      -0.0489250942805217      0.0038090445813912       
-0.1337533210439514      -0.0489250942805217      0.0038090445813912       
-0.1337533210439514      -0.8173215846755268      0.0038090445813912       
-0.7095278932294544      -0.6342736443072328      0.0042329782357785       
0.3438015375366872       -0.6342736443072328      0.0042329782357785       
0.3438015375366872       -0.7095278932294544      0.0042329782357785       
-0.7095278932294544      0.3438015375366872       0.0042329782357785       
-0.6342736443072328      0.3438015375366872       0.0042329782357785       
-0.6342736443072328      -0.7095278932294544      0.0042329782357785       
-0.7184726312353238      -0.5626230646554111      0.0043472271579615       
0.2810956958907349       -0.5626230646554111      0.0043472271579615       
0.2810956958907349       -0.7184726312353238      0.0043472271579615       
-0.7184726312353238      0.2810956958907349       0.0043472271579615       
-0.5626230646554111      0.2810956958907349       0.0043472271579615       
-0.5626230646554111      -0.7184726312353238      0.0043472271579615       
-0.7280299096106233      -0.4867901494362461      0.0043985619018663       
0.2148200590468694       -0.4867901494362461      0.0043985619018663       
0.2148200590468694       -0.7280299096106233      0.0043985619018663       
-0.7280299096106233      0.2148200590468694       0.0043985619018663       
-0.4867901494362461      0.2148200590468694       0.0043985619018663       
-0.4867901494362461      -0.7280299096106233      0.0043985619018663       
-0.7381299752826795      -0.4075218329821702      0.0043806983435284       
0.1456518082648497       -0.4075218329821702      0.0043806983435284       
0.1456518082648497       -0.7381299752826795      0.0043806983435284       
-0.7381299752826795      0.1456518082648497       0.0043806983435284       
-0.4075218329821702      0.1456518082648497       0.0043806983435284       
-0.4075218329821702      -0.7381299752826795      0.0043806983435284       
-0.7485718107984896      -0.3255794776964474      0.0042908148145354       
0.0741512884949369       -0.3255794776964474      0.0042908148145354       
0.0741512884949369       -0.7485718107984896      0.0042908148145354       
-0.7485718107984896      0.0741512884949369       0.0042908148145354       
-0.3255794776964474      0.0741512884949369       0.0042908148145354       
-0.3255794776964474      -0.7485718107984896      0.0042908148145354       
-0.7592050679051572      -0.2415629011838458      0.0041701458150890       
0.0007679690890030       -0.2415629011838458      0.0041701458150890       
0.0007679690890030       -0.7592050679051572      0.0041701458150890       
-0.7592050679051572      0.0007679690890030       0.0041701458150890       
-0.2415629011838458      0.0007679690890030       0.0041701458150890       
-0.2415629011838458      -0.7592050679051572      0.0041701458150890       
-0.7700926431326445      -0.1557402069558160      0.0040341345631842       
-0.0741671499115395      -0.1557402069558160      0.0040341345631842       
-0.0741671499115395      -0.7700926431326445      0.0040341345631842       
-0.7700926431326445      -0.0741671499115395      0.0040341345631842       
-0.1557402069558160      -0.0741671499115395      0.0040341345631842       
-0.1557402069558160      -0.7700926431326445      0.0040341345631842       
-0.6556542142778188      -0.5750616241216211      0.0045309269066723       
0.2307158383994398       -0.5750616241216211      0.0045309269066723       
0.2307158383994399       -0.6556542142778188      0.0045309269066723       
-0.6556542142778188      0.2307158383994399       0.0045309269066723       
-0.5750616241216211      0.2307158383994399       0.0045309269066723       
-0.5750616241216211      -0.6556542142778188      0.0045309269066723       
-0.6672589829792481      -0.5014019766159179      0.0045763440731319       
0.1686609595951660       -0.5014019766159179      0.0045763440731319       
0.1686609595951660       -0.6672589829792481      0.0045763440731319       
-0.6672589829792481      0.1686609595951660       0.0045763440731319       
-0.5014019766159179      0.1686609595951660       0.0045763440731319       
-0.5014019766159179      -0.6672589829792481      0.0045763440731319       
-0.6794863200769469      -0.4243719774320782      0.0045548558059919       
0.1038582975090250       -0.4243719774320782      0.0045548558059919       
0.1038582975090250       -0.6794863200769470      0.0045548558059919       
-0.6794863200769469      0.1038582975090250       0.0045548558059919       
-0.4243719774320781      0.1038582975090250       0.0045548558059919       
-0.4243719774320781      -0.6794863200769470      0.0045548558059919       
-0.6923124349097035      -0.3446921991807747      0.0044605094270612       
0.0370046340904782       -0.3446921991807747      0.0044605094270612       
0.0370046340904782       -0.6923124349097036      0.0044605094270612       
-0.6923124349097035      0.0370046340904782       0.0044605094270612       
-0.3446921991807746      0.0370046340904782       0.0044605094270612       
-0.3446921991807746      -0.6923124349097036      0.0044605094270612       
-0.7053542833854793      -0.2630667762551290      0.0043184286913801       
-0.0315789403593918      -0.2630667762551290      0.0043184286913801       
-0.0315789403593918      -0.7053542833854793      0.0043184286913801       
-0.7053542833854793      -0.0315789403593917      0.0043184286913801       
-0.2630667762551290      -0.0315789403593917      0.0043184286913801       
-0.2630667762551290      -0.7053542833854793      0.0043184286913801       
-0.7185715788339436      -0.1797276646171093      0.0041733646264594       
-0.1017007565489471      -0.1797276646171093      0.0041733646264594       
-0.1017007565489471      -0.7185715788339436      0.0041733646264594       
-0.7185715788339435      -0.1017007565489471      0.0041733646264594       
-0.1797276646171094      -0.1017007565489471      0.0041733646264594       
-0.1797276646171094      -0.7185715788339436      0.0041733646264594       
-0.6021675509541879      -0.5169980894331687      0.0046710104534816       
0.1191656403873567       -0.5169980894331687      0.0046710104534816       
0.1191656403873567       -0.6021675509541879      0.0046710104534816       
-0.6021675509541879      0.1191656403873567       0.0046710104534816       
-0.5169980894331687      0.1191656403873567       0.0046710104534816       
-0.5169980894331687      -0.6021675509541879      0.0046710104534816       
-0.6166949884186677      -0.4424115856908921      0.0046364119147054       
0.0591065741095598       -0.4424115856908921      0.0046364119147054       
0.0591065741095598       -0.6166949884186677      0.0046364119147054       
-0.6166949884186677      0.0591065741095598       0.0046364119147054       
-0.4424115856908921      0.0591065741095598       0.0046364119147054       
-0.4424115856908921      -0.6166949884186677      0.0046364119147054       
-0.6319249066409982      -0.3652098121030708      0.0045414177048611       
-0.0028652812559309      -0.3652098121030708      0.0045414177048611       
-0.0028652812559309      -0.6319249066409981      0.0045414177048611       
-0.6319249066409982      -0.0028652812559309      0.0045414177048611       
-0.3652098121030708      -0.0028652812559309      0.0045414177048611       
-0.3652098121030708      -0.6319249066409981      0.0045414177048611       
-0.6475728192695123      -0.2861011764784986      0.0043841465465656       
-0.0663260042519891      -0.2861011764784986      0.0043841465465656       
-0.0663260042519891      -0.6475728192695123      0.0043841465465656       
-0.6475728192695123      -0.0663260042519891      0.0043841465465656       
-0.2861011764784986      -0.0663260042519891      0.0043841465465656       
-0.2861011764784986      -0.6475728192695123      0.0043841465465656       
-0.6633417141585625      -0.2054141852969641      0.0042214919761060       
-0.1312441005444733      -0.2054141852969641      0.0042214919761060       
-0.1312441005444734      -0.6633417141585625      0.0042214919761060       
-0.6633417141585625      -0.1312441005444734      0.0042214919761060       
-0.2054141852969641      -0.1312441005444734      0.0042214919761060       
-0.2054141852969641      -0.6633417141585625      0.0042214919761060       
-0.5504295701326736      -0.4614047264645531      0.0046333107104759       
0.0118342965972267       -0.4614047264645531      0.0046333107104759       
0.0118342965972267       -0.5504295701326736      0.0046333107104759       
-0.5504295701326736      0.0118342965972267       0.0046333107104759       
-0.4614047264645531      0.0118342965972267       0.0046333107104759       
-0.4614047264645531      -0.5504295701326736      0.0046333107104759       
-0.5681046822432443      -0.3869733854086531      0.0045280102183209       
-0.0449219323481027      -0.3869733854086531      0.0045280102183209       
-0.0449219323481027      -0.5681046822432444      0.0045280102183209       
-0.5681046822432443      -0.0449219323481027      0.0045280102183209       
-0.3869733854086531      -0.0449219323481027      0.0045280102183209       
-0.3869733854086531      -0.5681046822432444      0.0045280102183209       
-0.5864486644001516      -0.3105828348139880      0.0043657286988246       
-0.1029685007858603      -0.3105828348139880      0.0043657286988246       
-0.1029685007858603      -0.5864486644001516      0.0043657286988246       
-0.5864486644001516      -0.1029685007858603      0.0043657286988246       
-0.3105828348139880      -0.1029685007858603      0.0043657286988246       
-0.3105828348139880      -0.5864486644001516      0.0043657286988246       
-0.6049847112716464      -0.2325824857134936      0.0041967010059825       
-0.1624328030148599      -0.2325824857134936      0.0041967010059825       
-0.1624328030148599      -0.6049847112716464      0.0041967010059825       
-0.6049847112716464      -0.1624328030148599      0.0041967010059825       
-0.2325824857134936      -0.1624328030148599      0.0041967010059825       
-0.2325824857134936      -0.6049847112716464      0.0041967010059825       
-0.5014774468596619      -0.4097151361428692      0.0044440036747795       
-0.0888074169974690      -0.4097151361428692      0.0044440036747795       
-0.0888074169974690      -0.5014774468596620      0.0044440036747795       
-0.5014774468596619      -0.0888074169974690      0.0044440036747795       
-0.4097151361428692      -0.0888074169974690      0.0044440036747795       
-0.4097151361428692      -0.5014774468596620      0.0044440036747795       
-0.5226046323264162      -0.3362651015042272      0.0042740914638672       
-0.1411302661693567      -0.3362651015042272      0.0042740914638672       
-0.1411302661693567      -0.5226046323264162      0.0042740914638672       
-0.5226046323264162      -0.1411302661693567      0.0042740914638672       
-0.3362651015042272      -0.1411302661693567      0.0042740914638672       
-0.3362651015042272      -0.5226046323264162      0.0042740914638672       
-0.5439617998448836      -0.2610867875345950      0.0041206254562508       
-0.1949514126205214      -0.2610867875345950      0.0041206254562508       
-0.1949514126205214      -0.5439617998448836      0.0041206254562508       
-0.5439617998448836      -0.1949514126205214      0.0041206254562508       
-0.2610867875345950      -0.1949514126205214      0.0041206254562508       
-0.2610867875345950      -0.5439617998448836      0.0041206254562508       
-0.4566422895656492      -0.3622361066195811      0.0041246651757287       
-0.1811216038147698      -0.3622361066195811      0.0041246651757287       
-0.1811216038147698      -0.4566422895656492      0.0041246651757287       
-0.4566422895656492      -0.1811216038147698      0.0041246651757287       
-0.3622361066195811      -0.1811216038147698      0.0041246651757287       
-0.3622361066195811      -0.4566422895656492      0.0041246651757287       
-0.4806688798720409      -0.2904453586771054      0.0039694426217756       
-0.2288857614508537      -0.2904453586771054      0.0039694426217756       
-0.2288857614508537      -0.4806688798720409      0.0039694426217756       
-0.4806688798720409      -0.2288857614508537      0.0039694426217756       
-0.2904453586771054      -0.2288857614508537      0.0039694426217756       
-0.2904453586771054      -0.4806688798720409      0.0039694426217756       
-0.4155911776648594      -0.3204969606024992      0.0037265235699706       
-0.2639118617326412      -0.3204969606024992      0.0037265235699706       
-0.2639118617326412      -0.4155911776648594      0.0037265235699706       
-0.4155911776648594      -0.2639118617326412      0.0037265235699706       
-0.3204969606024994      -0.2639118617326412      0.0037265235699706       
-0.3204969606024994      -0.4155911776648594      0.0037265235699706       
