centroid    numS21      numS111     
false (1)   30 (3)      141 (6)     

x                        y                        w                        
-0.9979178275251828      0.9958356550503658       0.0000285572169785       
-0.9979178275251828      -0.9979178275251828      0.0000285572169785       
0.9958356550503658       -0.9979178275251828      0.0000285572169785       
-0.9901559429912140      0.9803118859824280       0.0001254169202473       
-0.9901559429912140      -0.9901559429912140      0.0001254169202473       
0.9803118859824282       -0.9901559429912140      0.0001254169202473       
-0.9756047415740881      0.9512094831481762       0.0003191992831526       
-0.9756047415740881      -0.9756047415740881      0.0003191992831526       
0.9512094831481762       -0.9756047415740881      0.0003191992831526       
-0.9543359314282636      0.9086718628565273       0.0005590041183768       
-0.9543359314282636      -0.9543359314282636      0.0005590041183768       
0.9086718628565273       -0.9543359314282636      0.0005590041183768       
-0.9339275378774310      0.8678550757548620       0.0006451201277829       
-0.9339275378774310      -0.9339275378774310      0.0006451201277829       
0.8678550757548620       -0.9339275378774310      0.0006451201277829       
-0.8984314471949505      0.7968628943899010       0.0013346474839389       
-0.8984314471949506      -0.8984314471949504      0.0013346474839389       
0.7968628943899010       -0.8984314471949504      0.0013346474839389       
-0.8639562183455126      0.7279124366910252       0.0010220268026378       
-0.8639562183455125      -0.8639562183455127      0.0010220268026378       
0.7279124366910252       -0.8639562183455127      0.0010220268026378       
-0.8175463540534139      0.6350927081068278       0.0020315690032128       
-0.8175463540534140      -0.8175463540534138      0.0020315690032128       
0.6350927081068278       -0.8175463540534138      0.0020315690032128       
-0.7557351147377923      0.5114702294755846       0.0030708923661102       
-0.7557351147377923      -0.7557351147377923      0.0030708923661102       
0.5114702294755847       -0.7557351147377923      0.0030708923661102       
-0.7218017983156950      0.4436035966313900       0.0018484541154098       
-0.7218017983156950      -0.7218017983156950      0.0018484541154098       
0.4436035966313900       -0.7218017983156950      0.0018484541154098       
-0.6515890110913723      0.3031780221827447       0.0040847024780274       
-0.6515890110913723      -0.6515890110913722      0.0040847024780274       
0.3031780221827447       -0.6515890110913722      0.0040847024780274       
-0.6074723329035450      0.2149446658070900       0.0044265156736250       
-0.6074723329035450      -0.6074723329035450      0.0044265156736250       
0.2149446658070900       -0.6074723329035450      0.0044265156736250       
-0.5628548657374037      0.1257097314748074       0.0048671569596873       
-0.5628548657374037      -0.5628548657374037      0.0048671569596873       
0.1257097314748074       -0.5628548657374037      0.0048671569596873       
-0.5167919168931396      0.0335838337862792       0.0052084072221220       
-0.5167919168931396      -0.5167919168931396      0.0052084072221220       
0.0335838337862792       -0.5167919168931396      0.0052084072221220       
-0.4704270923287753      -0.0591458153424493      0.0054741757643589       
-0.4704270923287753      -0.4704270923287753      0.0054741757643589       
-0.0591458153424493      -0.4704270923287753      0.0054741757643589       
-0.4241755946267163      -0.1516488107465674      0.0056556377205601       
-0.4241755946267163      -0.4241755946267163      0.0056556377205601       
-0.1516488107465674      -0.4241755946267163      0.0056556377205601       
-0.3786142366546261      -0.2427715266907478      0.0057214518243412       
-0.3786142366546261      -0.3786142366546261      0.0057214518243412       
-0.2427715266907478      -0.3786142366546261      0.0057214518243412       
-0.0003676761858786      -0.9992646476282429      0.0001462143359188       
-0.0003676761858786      -0.0003676761858786      0.0001462143359188       
-0.9992646476282429      -0.0003676761858786      0.0001462143359188       
-0.3235387032979710      -0.3529225934040580      0.0022933064649121       
-0.3235387032979710      -0.3235387032979710      0.0022933064649121       
-0.3529225934040580      -0.3235387032979710      0.0022933064649121       
-0.0119411016432936      -0.9761177967134126      0.0013534606685565       
-0.0119411016432936      -0.0119411016432936      0.0013534606685565       
-0.9761177967134126      -0.0119411016432936      0.0013534606685565       
-0.0218930825547119      -0.9562138348905762      0.0019459629562282       
-0.0218930825547119      -0.0218930825547119      0.0019459629562282       
-0.9562138348905762      -0.0218930825547119      0.0019459629562282       
-0.0364090960531800      -0.9271818078936400      0.0023743048391592       
-0.0364090960531800      -0.0364090960531800      0.0023743048391592       
-0.9271818078936400      -0.0364090960531800      0.0023743048391592       
-0.0527423847960192      -0.8945152304079615      0.0026533357364877       
-0.0527423847960192      -0.0527423847960193      0.0026533357364877       
-0.8945152304079615      -0.0527423847960193      0.0026533357364877       
-0.0828460522110835      -0.8343078955778329      0.0034263198898750       
-0.0828460522110835      -0.0828460522110835      0.0034263198898750       
-0.8343078955778329      -0.0828460522110835      0.0034263198898750       
-0.1080210447359521      -0.7839579105280958      0.0043176455400794       
-0.1080210447359521      -0.1080210447359521      0.0043176455400794       
-0.7839579105280958      -0.1080210447359521      0.0043176455400794       
-0.1380863490728398      -0.7238273018543204      0.0046990340583685       
-0.1380863490728398      -0.1380863490728398      0.0046990340583685       
-0.7238273018543204      -0.1380863490728398      0.0046990340583685       
-0.2087659298360346      -0.5824681403279308      0.0054572626926985       
-0.2087659298360346      -0.2087659298360345      0.0054572626926985       
-0.5824681403279308      -0.2087659298360345      0.0054572626926985       
-0.1719090782000380      -0.6561818435999240      0.0052101327872733       
-0.1719090782000380      -0.1719090782000379      0.0052101327872733       
-0.6561818435999240      -0.1719090782000379      0.0052101327872733       
-0.2480035766050776      -0.5039928467898449      0.0056400401933704       
-0.2480035766050776      -0.2480035766050776      0.0056400401933704       
-0.5039928467898449      -0.2480035766050776      0.0056400401933704       
-0.2889890250136590      -0.4220219499726820      0.0056375369781322       
-0.2889890250136590      -0.2889890250136590      0.0056375369781322       
-0.4220219499726820      -0.2889890250136590      0.0056375369781322       
-0.9981488207222080      -0.9890105674148714      0.0000591881228207       
0.9871593881370794       -0.9890105674148714      0.0000591881228207       
0.9871593881370794       -0.9981488207222080      0.0000591881228207       
-0.9981488207222080      0.9871593881370794       0.0000591881228207       
-0.9890105674148714      0.9871593881370794       0.0000591881228207       
-0.9890105674148714      -0.9981488207222080      0.0000591881228207       
-0.9981180339111426      -0.9731480946153368      0.0000927907977811       
0.9712661285264794       -0.9731480946153368      0.0000927907977811       
0.9712661285264794       -0.9981180339111426      0.0000927907977811       
-0.9981180339111426      0.9712661285264794       0.0000927907977811       
-0.9731480946153370      0.9712661285264794       0.0000927907977811       
-0.9731480946153368      -0.9981180339111426      0.0000927907977811       
-0.9980344011071161      -0.9506996316844508      0.0001293424919331       
0.9487340327915668       -0.9506996316844508      0.0001293424919331       
0.9487340327915668       -0.9980344011071161      0.0001293424919331       
-0.9980344011071162      0.9487340327915668       0.0001293424919331       
-0.9506996316844506      0.9487340327915668       0.0001293424919331       
-0.9506996316844508      -0.9980344011071161      0.0001293424919331       
-0.9981978182601282      -0.9218042260617704      0.0001481143040351       
0.9200020443218986       -0.9218042260617704      0.0001481143040351       
0.9200020443218986       -0.9981978182601282      0.0001481143040351       
-0.9981978182601282      0.9200020443218986       0.0001481143040351       
-0.9218042260617704      0.9200020443218986       0.0001481143040351       
-0.9218042260617704      -0.9981978182601282      0.0001481143040351       
-0.9983229839034570      -0.8870042443830775      0.0001606070780819       
0.8853272282865345       -0.8870042443830775      0.0001606070780819       
0.8853272282865345       -0.9983229839034570      0.0001606070780819       
-0.9983229839034570      0.8853272282865345       0.0001606070780819       
-0.8870042443830776      0.8853272282865345       0.0001606070780819       
-0.8870042443830775      -0.9983229839034570      0.0001606070780819       
-0.9981116168388120      -0.8477716164096620      0.0002006775806332       
0.8458832332484740       -0.8477716164096620      0.0002006775806332       
0.8458832332484741       -0.9981116168388118      0.0002006775806332       
-0.9981116168388118      0.8458832332484740       0.0002006775806332       
-0.8477716164096621      0.8458832332484740       0.0002006775806332       
-0.8477716164096621      -0.9981116168388118      0.0002006775806332       
-0.9978931365144402      -0.8041001214621422      0.0002487667233166       
0.8019932579765823       -0.8041001214621422      0.0002487667233166       
0.8019932579765823       -0.9978931365144402      0.0002487667233166       
-0.9978931365144402      0.8019932579765823       0.0002487667233166       
-0.8041001214621420      0.8019932579765823       0.0002487667233166       
-0.8041001214621422      -0.9978931365144402      0.0002487667233166       
-0.9983453415904014      -0.7553781313535237      0.0002206229547655       
0.7537234729439251       -0.7553781313535237      0.0002206229547655       
0.7537234729439251       -0.9983453415904014      0.0002206229547655       
-0.9983453415904012      0.7537234729439251       0.0002206229547655       
-0.7553781313535238      0.7537234729439251       0.0002206229547655       
-0.7553781313535237      -0.9983453415904014      0.0002206229547655       
-0.9977975854850401      -0.7017681168301029      0.0003170301311490       
0.6995657023151429       -0.7017681168301029      0.0003170301311490       
0.6995657023151430       -0.9977975854850401      0.0003170301311490       
-0.9977975854850401      0.6995657023151429       0.0003170301311490       
-0.7017681168301030      0.6995657023151429       0.0003170301311490       
-0.7017681168301030      -0.9977975854850401      0.0003170301311490       
-0.9987858107074878      -0.6427833689978009      0.0002080123731156       
0.6415691797052887       -0.6427833689978009      0.0002080123731156       
0.6415691797052887       -0.9987858107074878      0.0002080123731156       
-0.9987858107074878      0.6415691797052887       0.0002080123731156       
-0.6427833689978009      0.6415691797052887       0.0002080123731156       
-0.6427833689978009      -0.9987858107074878      0.0002080123731156       
-0.9976874238774184      -0.5781965021423392      0.0004008129630131       
0.5758839260197577       -0.5781965021423392      0.0004008129630131       
0.5758839260197577       -0.9976874238774184      0.0004008129630131       
-0.9976874238774186      0.5758839260197577       0.0004008129630131       
-0.5781965021423391      0.5758839260197577       0.0004008129630131       
-0.5781965021423392      -0.9976874238774184      0.0004008129630131       
-0.9991030331789706      -0.5061634192669695      0.0002154100781487       
0.5052664524459400       -0.5061634192669695      0.0002154100781487       
0.5052664524459400       -0.9991030331789706      0.0002154100781487       
-0.9991030331789706      0.5052664524459400       0.0002154100781487       
-0.5061634192669695      0.5052664524459400       0.0002154100781487       
-0.5061634192669695      -0.9991030331789706      0.0002154100781487       
-0.9984443484773122      -0.4247361414047432      0.0002948159459859       
0.4231804898820554       -0.4247361414047432      0.0002948159459859       
0.4231804898820555       -0.9984443484773124      0.0002948159459859       
-0.9984443484773124      0.4231804898820555       0.0002948159459859       
-0.4247361414047432      0.4231804898820555       0.0002948159459859       
-0.4247361414047432      -0.9984443484773124      0.0002948159459859       
-0.9982077045104852      -0.3477181578573183      0.0003694414815636       
0.3459258623678034       -0.3477181578573183      0.0003694414815636       
0.3459258623678034       -0.9982077045104852      0.0003694414815636       
-0.9982077045104852      0.3459258623678034       0.0003694414815636       
-0.3477181578573183      0.3459258623678034       0.0003694414815636       
-0.3477181578573183      -0.9982077045104852      0.0003694414815636       
-0.9983828835826178      -0.2644628994121417      0.0003468396519936       
0.2628457829947595       -0.2644628994121417      0.0003468396519936       
0.2628457829947594       -0.9983828835826178      0.0003468396519936       
-0.9983828835826178      0.2628457829947594       0.0003468396519936       
-0.2644628994121418      0.2628457829947594       0.0003468396519936       
-0.2644628994121418      -0.9983828835826178      0.0003468396519936       
-0.9980625095853723      -0.1831146795794761      0.0003999116255000       
0.1811771891648484       -0.1831146795794761      0.0003999116255000       
0.1811771891648484       -0.9980625095853722      0.0003999116255000       
-0.9980625095853722      0.1811771891648484       0.0003999116255000       
-0.1831146795794761      0.1811771891648484       0.0003999116255000       
-0.1831146795794761      -0.9980625095853722      0.0003999116255000       
-0.9985062490254670      -0.1021632811349520      0.0003100448094604       
0.1006695301604191       -0.1021632811349520      0.0003100448094604       
0.1006695301604190       -0.9985062490254670      0.0003100448094604       
-0.9985062490254670      0.1006695301604190       0.0003100448094604       
-0.1021632811349521      0.1006695301604190       0.0003100448094604       
-0.1021632811349521      -0.9985062490254670      0.0003100448094604       
-0.9970116327446026      -0.0422354465821282      0.0003167302777120       
0.0392470793267308       -0.0422354465821282      0.0003167302777120       
0.0392470793267308       -0.9970116327446026      0.0003167302777120       
-0.9970116327446024      0.0392470793267308       0.0003167302777120       
-0.0422354465821283      0.0392470793267308       0.0003167302777120       
-0.0422354465821283      -0.9970116327446026      0.0003167302777120       
-0.9901390853053031      -0.9757673681650592      0.0001972519622733       
0.9659064534703624       -0.9757673681650592      0.0001972519622733       
0.9659064534703624       -0.9901390853053031      0.0001972519622733       
-0.9901390853053031      0.9659064534703624       0.0001972519622733       
-0.9757673681650590      0.9659064534703624       0.0001972519622733       
-0.9757673681650592      -0.9901390853053031      0.0001972519622733       
-0.9897036760753096      -0.9549350056332946      0.0002801484302959       
0.9446386817086040       -0.9549350056332946      0.0002801484302959       
0.9446386817086040       -0.9897036760753096      0.0002801484302959       
-0.9897036760753094      0.9446386817086040       0.0002801484302959       
-0.9549350056332946      0.9446386817086040       0.0002801484302959       
-0.9549350056332946      -0.9897036760753096      0.0002801484302959       
-0.9903425509329428      -0.9273536074456910      0.0003353925685295       
0.9176961583786338       -0.9273536074456910      0.0003353925685295       
0.9176961583786338       -0.9903425509329428      0.0003353925685295       
-0.9903425509329428      0.9176961583786338       0.0003353925685295       
-0.9273536074456910      0.9176961583786338       0.0003353925685295       
-0.9273536074456910      -0.9903425509329428      0.0003353925685295       
-0.9910917673083202      -0.8934774520037072      0.0003757902018469       
0.8845692193120274       -0.8934774520037072      0.0003757902018469       
0.8845692193120274       -0.9910917673083202      0.0003757902018469       
-0.9910917673083202      0.8845692193120274       0.0003757902018469       
-0.8934774520037071      0.8845692193120274       0.0003757902018469       
-0.8934774520037072      -0.9910917673083202      0.0003757902018469       
-0.9901838732385237      -0.8538987178738211      0.0004775106548731       
0.8440825911123448       -0.8538987178738211      0.0004775106548731       
0.8440825911123448       -0.9901838732385237      0.0004775106548731       
-0.9901838732385237      0.8440825911123448       0.0004775106548731       
-0.8538987178738210      0.8440825911123448       0.0004775106548731       
-0.8538987178738211      -0.9901838732385237      0.0004775106548731       
-0.9890467479697218      -0.8084047602990549      0.0005949725884041       
0.7974515082687768       -0.8084047602990549      0.0005949725884041       
0.7974515082687768       -0.9890467479697218      0.0005949725884041       
-0.9890467479697218      0.7974515082687768       0.0005949725884041       
-0.8084047602990549      0.7974515082687768       0.0005949725884041       
-0.8084047602990549      -0.9890467479697218      0.0005949725884041       
-0.9907844077545906      -0.7570767159941314      0.0005782618348893       
0.7478611237487220       -0.7570767159941314      0.0005782618348893       
0.7478611237487220       -0.9907844077545906      0.0005782618348893       
-0.9907844077545906      0.7478611237487220       0.0005782618348893       
-0.7570767159941314      0.7478611237487220       0.0005782618348893       
-0.7570767159941314      -0.9907844077545906      0.0005782618348893       
-0.9886218324217778      -0.7019046912164337      0.0007282973393282       
0.6905265236382114       -0.7019046912164337      0.0007282973393282       
0.6905265236382115       -0.9886218324217776      0.0007282973393282       
-0.9886218324217776      0.6905265236382114       0.0007282973393282       
-0.7019046912164338      0.6905265236382114       0.0007282973393282       
-0.7019046912164338      -0.9886218324217776      0.0007282973393282       
-0.9922147648024938      -0.6424402329787788      0.0006172253744056       
0.6346549977812725       -0.6424402329787788      0.0006172253744056       
0.6346549977812725       -0.9922147648024938      0.0006172253744056       
-0.9922147648024938      0.6346549977812725       0.0006172253744056       
-0.6424402329787788      0.6346549977812725       0.0006172253744056       
-0.6424402329787788      -0.9922147648024938      0.0006172253744056       
-0.9872388098551989      -0.5842657382844414      0.0008877919560999       
0.5715045481396401       -0.5842657382844414      0.0008877919560999       
0.5715045481396401       -0.9872388098551989      0.0008877919560999       
-0.9872388098551989      0.5715045481396401       0.0008877919560999       
-0.5842657382844414      0.5715045481396401       0.0008877919560999       
-0.5842657382844414      -0.9872388098551989      0.0008877919560999       
-0.9922547454101446      -0.5200705778097550      0.0006793527872497       
0.5123253232198997       -0.5200705778097550      0.0006793527872497       
0.5123253232198997       -0.9922547454101446      0.0006793527872497       
-0.9922547454101446      0.5123253232198997       0.0006793527872497       
-0.5200705778097550      0.5123253232198997       0.0006793527872497       
-0.5200705778097550      -0.9922547454101446      0.0006793527872497       
-0.9941811173319862      -0.4575583632258175      0.0004517964425584       
0.4517394805578036       -0.4575583632258175      0.0004517964425584       
0.4517394805578037       -0.9941811173319862      0.0004517964425584       
-0.9941811173319862      0.4517394805578037       0.0004517964425584       
-0.4575583632258174      0.4517394805578037       0.0004517964425584       
-0.4575583632258174      -0.9941811173319862      0.0004517964425584       
-0.9904287993802082      -0.3835031188628014      0.0008946963865794       
0.3739319182430096       -0.3835031188628014      0.0008946963865794       
0.3739319182430096       -0.9904287993802082      0.0008946963865794       
-0.9904287993802082      0.3739319182430096       0.0008946963865794       
-0.3835031188628014      0.3739319182430096       0.0008946963865794       
-0.3835031188628014      -0.9904287993802082      0.0008946963865794       
-0.9916015121638566      -0.2993744134809555      0.0007600890411174       
0.2909759256448121       -0.2993744134809555      0.0007600890411174       
0.2909759256448121       -0.9916015121638566      0.0007600890411174       
-0.9916015121638566      0.2909759256448121       0.0007600890411174       
-0.2993744134809555      0.2909759256448121       0.0007600890411174       
-0.2993744134809555      -0.9916015121638566      0.0007600890411174       
-0.9902953426341118      -0.2199861161687022      0.0009183392895491       
0.2102814588028141       -0.2199861161687022      0.0009183392895491       
0.2102814588028141       -0.9902953426341118      0.0009183392895491       
-0.9902953426341120      0.2102814588028141       0.0009183392895491       
-0.2199861161687021      0.2102814588028141       0.0009183392895491       
-0.2199861161687021      -0.9902953426341118      0.0009183392895491       
-0.9909127335681658      -0.1312681613977052      0.0009189416633677       
0.1221808949658710       -0.1312681613977052      0.0009189416633677       
0.1221808949658710       -0.9909127335681656      0.0009189416633677       
-0.9909127335681656      0.1221808949658709       0.0009189416633677       
-0.1312681613977052      0.1221808949658709       0.0009189416633677       
-0.1312681613977052      -0.9909127335681656      0.0009189416633677       
-0.9898178820717976      -0.0462668588069219      0.0008595403666287       
0.0360847408787194       -0.0462668588069219      0.0008595403666287       
0.0360847408787195       -0.9898178820717976      0.0008595403666287       
-0.9898178820717976      0.0360847408787195       0.0008595403666287       
-0.0462668588069218      0.0360847408787195       0.0008595403666287       
-0.0462668588069218      -0.9898178820717976      0.0008595403666287       
-0.9749874691902302      -0.9544302079339594      0.0004323586824605       
0.9294176771241898       -0.9544302079339594      0.0004323586824605       
0.9294176771241898       -0.9749874691902302      0.0004323586824605       
-0.9749874691902302      0.9294176771241898       0.0004323586824605       
-0.9544302079339594      0.9294176771241898       0.0004323586824605       
-0.9544302079339594      -0.9749874691902302      0.0004323586824605       
-0.9766156860950888      -0.9271246025878190      0.0005016903856061       
0.9037402886829078       -0.9271246025878190      0.0005016903856061       
0.9037402886829078       -0.9766156860950888      0.0005016903856061       
-0.9766156860950886      0.9037402886829078       0.0005016903856061       
-0.9271246025878191      0.9037402886829078       0.0005016903856061       
-0.9271246025878190      -0.9766156860950888      0.0005016903856061       
-0.9777049409591574      -0.8934955494342300      0.0006118753205786       
0.8712004903933874       -0.8934955494342300      0.0006118753205786       
0.8712004903933874       -0.9777049409591574      0.0006118753205786       
-0.9777049409591572      0.8712004903933874       0.0006118753205786       
-0.8934955494342302      0.8712004903933874       0.0006118753205786       
-0.8934955494342300      -0.9777049409591574      0.0006118753205786       
-0.9756432494907979      -0.8537223487412815      0.0007584836302407       
0.8293655982320796       -0.8537223487412815      0.0007584836302407       
0.8293655982320796       -0.9756432494907979      0.0007584836302407       
-0.9756432494907979      0.8293655982320796       0.0007584836302407       
-0.8537223487412815      0.8293655982320796       0.0007584836302407       
-0.8537223487412815      -0.9756432494907979      0.0007584836302407       
-0.9735015111428730      -0.8088084124438921      0.0008808061937295       
0.7823099235867652       -0.8088084124438921      0.0008808061937295       
0.7823099235867652       -0.9735015111428730      0.0008808061937295       
-0.9735015111428732      0.7823099235867652       0.0008808061937295       
-0.8088084124438920      0.7823099235867652       0.0008808061937295       
-0.8088084124438921      -0.9735015111428730      0.0008808061937295       
-0.9766085253596666      -0.7591029502098439      0.0009130699625816       
0.7357114755695104       -0.7591029502098439      0.0009130699625816       
0.7357114755695104       -0.9766085253596666      0.0009130699625816       
-0.9766085253596666      0.7357114755695104       0.0009130699625816       
-0.7591029502098439      0.7357114755695104       0.0009130699625816       
-0.7591029502098439      -0.9766085253596666      0.0009130699625816       
-0.9724736721598912      -0.7070348091258014      0.0010597104231844       
0.6795084812856926       -0.7070348091258014      0.0010597104231844       
0.6795084812856926       -0.9724736721598912      0.0010597104231844       
-0.9724736721598912      0.6795084812856926       0.0010597104231844       
-0.7070348091258015      0.6795084812856926       0.0010597104231844       
-0.7070348091258014      -0.9724736721598912      0.0010597104231844       
-0.9778296151994083      -0.6480622723444831      0.0010804654223369       
0.6258918875438912       -0.6480622723444831      0.0010804654223369       
0.6258918875438912       -0.9778296151994083      0.0010804654223369       
-0.9778296151994083      0.6258918875438912       0.0010804654223369       
-0.6480622723444831      0.6258918875438912       0.0010804654223369       
-0.6480622723444831      -0.9778296151994083      0.0010804654223369       
-0.9690349370821576      -0.5901948874476146      0.0013669504722748       
0.5592298245297722       -0.5901948874476146      0.0013669504722748       
0.5592298245297722       -0.9690349370821576      0.0013669504722748       
-0.9690349370821576      0.5592298245297722       0.0013669504722748       
-0.5901948874476146      0.5592298245297722       0.0013669504722748       
-0.5901948874476146      -0.9690349370821576      0.0013669504722748       
-0.9774247263413977      -0.5235801974879695      0.0012446568031922       
0.5010049238293670       -0.5235801974879695      0.0012446568031922       
0.5010049238293670       -0.9774247263413977      0.0012446568031922       
-0.9774247263413977      0.5010049238293670       0.0012446568031922       
-0.5235801974879695      0.5010049238293670       0.0012446568031922       
-0.5235801974879695      -0.9774247263413977      0.0012446568031922       
-0.9834062165011384      -0.4544280839536696      0.0010387862002034       
0.4378343004548079       -0.4544280839536696      0.0010387862002034       
0.4378343004548080       -0.9834062165011384      0.0010387862002034       
-0.9834062165011384      0.4378343004548080       0.0010387862002034       
-0.4544280839536695      0.4378343004548080       0.0010387862002034       
-0.4544280839536695      -0.9834062165011384      0.0010387862002034       
-0.9733014000064062      -0.3938011737640190      0.0014005589895923       
0.3671025737704252       -0.3938011737640190      0.0014005589895923       
0.3671025737704252       -0.9733014000064064      0.0014005589895923       
-0.9733014000064064      0.3671025737704252       0.0014005589895923       
-0.3938011737640189      0.3671025737704252       0.0014005589895923       
-0.3938011737640189      -0.9733014000064064      0.0014005589895923       
-0.9798839745378222      -0.3259272734032766      0.0010703926309893       
0.3058112479410988       -0.3259272734032766      0.0010703926309893       
0.3058112479410988       -0.9798839745378222      0.0010703926309893       
-0.9798839745378222      0.3058112479410988       0.0010703926309893       
-0.3259272734032766      0.3058112479410988       0.0010703926309893       
-0.3259272734032766      -0.9798839745378222      0.0010703926309893       
-0.9769454402052939      -0.2568845724981839      0.0011910716885505       
0.2338300127034778       -0.2568845724981839      0.0011910716885505       
0.2338300127034778       -0.9769454402052938      0.0011910716885505       
-0.9769454402052938      0.2338300127034778       0.0011910716885505       
-0.2568845724981840      0.2338300127034778       0.0011910716885505       
-0.2568845724981840      -0.9769454402052938      0.0011910716885505       
-0.9773636328914423      -0.1742748983007398      0.0013735209652734       
0.1516385311921822       -0.1742748983007398      0.0013735209652734       
0.1516385311921822       -0.9773636328914423      0.0013735209652734       
-0.9773636328914423      0.1516385311921822       0.0013735209652734       
-0.1742748983007398      0.1516385311921822       0.0013735209652734       
-0.1742748983007398      -0.9773636328914423      0.0013735209652734       
-0.9772952064323960      -0.0928122088593349      0.0012678179246004       
0.0701074152917310       -0.0928122088593349      0.0012678179246004       
0.0701074152917310       -0.9772952064323960      0.0012678179246004       
-0.9772952064323960      0.0701074152917309       0.0012678179246004       
-0.0928122088593349      0.0701074152917309       0.0012678179246004       
-0.0928122088593349      -0.9772952064323960      0.0012678179246004       
-0.9575830341405598      -0.9269476147092937      0.0006544985215440       
0.8845306488498534       -0.9269476147092937      0.0006544985215440       
0.8845306488498534       -0.9575830341405598      0.0006544985215440       
-0.9575830341405598      0.8845306488498534       0.0006544985215440       
-0.9269476147092937      0.8845306488498534       0.0006544985215440       
-0.9269476147092937      -0.9575830341405598      0.0006544985215440       
-0.9577602933988150      -0.8938461825146529      0.0008317200826539       
0.8516064759134678       -0.8938461825146529      0.0008317200826539       
0.8516064759134678       -0.9577602933988150      0.0008317200826539       
-0.9577602933988149      0.8516064759134678       0.0008317200826539       
-0.8938461825146530      0.8516064759134678       0.0008317200826539       
-0.8938461825146529      -0.9577602933988150      0.0008317200826539       
-0.9548277789345762      -0.8561039166736097      0.0009552004241517       
0.8109316956081860       -0.8561039166736097      0.0009552004241517       
0.8109316956081860       -0.9548277789345762      0.0009552004241517       
-0.9548277789345762      0.8109316956081860       0.0009552004241517       
-0.8561039166736099      0.8109316956081860       0.0009552004241517       
-0.8561039166736097      -0.9548277789345762      0.0009552004241517       
-0.9520836939699306      -0.8140969522223234      0.0010931939488982       
0.7661806461922540       -0.8140969522223234      0.0010931939488982       
0.7661806461922540       -0.9520836939699306      0.0010931939488982       
-0.9520836939699306      0.7661806461922540       0.0010931939488982       
-0.8140969522223235      0.7661806461922540       0.0010931939488982       
-0.8140969522223234      -0.9520836939699306      0.0010931939488982       
-0.9550906773203138      -0.7646113324901305      0.0012774116658360       
0.7197020098104443       -0.7646113324901305      0.0012774116658360       
0.7197020098104443       -0.9550906773203138      0.0012774116658360       
-0.9550906773203141      0.7197020098104443       0.0012774116658360       
-0.7646113324901304      0.7197020098104443       0.0012774116658360       
-0.7646113324901305      -0.9550906773203138      0.0012774116658360       
-0.9507479361096381      -0.7129178181155180      0.0013143059007587       
0.6636657542251563       -0.7129178181155180      0.0013143059007587       
0.6636657542251563       -0.9507479361096381      0.0013143059007587       
-0.9507479361096381      0.6636657542251563       0.0013143059007587       
-0.7129178181155180      0.6636657542251563       0.0013143059007587       
-0.7129178181155180      -0.9507479361096381      0.0013143059007587       
-0.9558072893716150      -0.6549650640774207      0.0015030285003107       
0.6107723534490357       -0.6549650640774207      0.0015030285003107       
0.6107723534490357       -0.9558072893716150      0.0015030285003107       
-0.9558072893716150      0.6107723534490357       0.0015030285003107       
-0.6549650640774207      0.6107723534490357       0.0015030285003107       
-0.6549650640774207      -0.9558072893716150      0.0015030285003107       
-0.9434869134180672      -0.6003109233373698      0.0017277028220252       
0.5437978367554370       -0.6003109233373698      0.0017277028220252       
0.5437978367554371       -0.9434869134180672      0.0017277028220252       
-0.9434869134180672      0.5437978367554370       0.0017277028220252       
-0.6003109233373699      0.5437978367554370       0.0017277028220252       
-0.6003109233373699      -0.9434869134180672      0.0017277028220252       
-0.9540317164493298      -0.5340178830626123      0.0017251229885900       
0.4880495995119420       -0.5340178830626123      0.0017251229885900       
0.4880495995119420       -0.9540317164493298      0.0017251229885900       
-0.9540317164493298      0.4880495995119420       0.0017251229885900       
-0.5340178830626123      0.4880495995119420       0.0017251229885900       
-0.5340178830626123      -0.9540317164493298      0.0017251229885900       
-0.9633673457376010      -0.4655171922267839      0.0016032250464365       
0.4288845379643850       -0.4655171922267839      0.0016032250464365       
0.4288845379643851       -0.9633673457376010      0.0016032250464365       
-0.9633673457376012      0.4288845379643851       0.0016032250464365       
-0.4655171922267839      0.4288845379643851       0.0016032250464365       
-0.4655171922267839      -0.9633673457376010      0.0016032250464365       
-0.9486384993471956      -0.4039347526433188      0.0019957210373494       
0.3525732519905145       -0.4039347526433188      0.0019957210373494       
0.3525732519905145       -0.9486384993471956      0.0019957210373494       
-0.9486384993471956      0.3525732519905145       0.0019957210373494       
-0.4039347526433188      0.3525732519905145       0.0019957210373494       
-0.4039347526433188      -0.9486384993471956      0.0019957210373494       
-0.9591281836581266      -0.3281437060790572      0.0018446300449268       
0.2872718897371838       -0.3281437060790572      0.0018446300449268       
0.2872718897371838       -0.9591281836581266      0.0018446300449268       
-0.9591281836581266      0.2872718897371838       0.0018446300449268       
-0.3281437060790572      0.2872718897371838       0.0018446300449268       
-0.3281437060790572      -0.9591281836581266      0.0018446300449268       
-0.9613328682049748      -0.2495858055654972      0.0012314631977781       
0.2109186737704720       -0.2495858055654972      0.0012314631977781       
0.2109186737704720       -0.9613328682049748      0.0012314631977781       
-0.9613328682049748      0.2109186737704720       0.0012314631977781       
-0.2495858055654972      0.2109186737704720       0.0012314631977781       
-0.2495858055654972      -0.9613328682049748      0.0012314631977781       
-0.9597546323449490      -0.1025692913422156      0.0015635953254464       
0.0623239236871647       -0.1025692913422156      0.0015635953254464       
0.0623239236871647       -0.9597546323449490      0.0015635953254464       
-0.9597546323449490      0.0623239236871647       0.0015635953254464       
-0.1025692913422156      0.0623239236871647       0.0015635953254464       
-0.1025692913422156      -0.9597546323449490      0.0015635953254464       
-0.9319385323852462      -0.9054904909973464      0.0009256327187638       
0.8374290233825927       -0.9054904909973464      0.0009256327187638       
0.8374290233825927       -0.9319385323852462      0.0009256327187638       
-0.9319385323852462      0.8374290233825927       0.0009256327187638       
-0.9054904909973466      0.8374290233825927       0.0009256327187638       
-0.9054904909973464      -0.9319385323852462      0.0009256327187638       
-0.9292130302331596      -0.8708535506303430      0.0011365213369121       
0.8000665808635026       -0.8708535506303430      0.0011365213369121       
0.8000665808635026       -0.9292130302331596      0.0011365213369121       
-0.9292130302331598      0.8000665808635026       0.0011365213369121       
-0.8708535506303429      0.8000665808635026       0.0011365213369121       
-0.8708535506303430      -0.9292130302331596      0.0011365213369121       
-0.9258771335419408      -0.8292549648375223      0.0013175888737454       
0.7551320983794632       -0.8292549648375223      0.0013175888737454       
0.7551320983794632       -0.9258771335419408      0.0013175888737454       
-0.9258771335419408      0.7551320983794632       0.0013175888737454       
-0.8292549648375223      0.7551320983794632       0.0013175888737454       
-0.8292549648375223      -0.9258771335419408      0.0013175888737454       
-0.9270364966003166      -0.7794507068444765      0.0015736548351712       
0.7064872034447931       -0.7794507068444765      0.0015736548351712       
0.7064872034447931       -0.9270364966003166      0.0015736548351712       
-0.9270364966003166      0.7064872034447931       0.0015736548351712       
-0.7794507068444766      0.7064872034447931       0.0015736548351712       
-0.7794507068444765      -0.9270364966003166      0.0015736548351712       
-0.9245874332260502      -0.7274279610953620      0.0016432738888713       
0.6520153943214122       -0.7274279610953620      0.0016432738888713       
0.6520153943214123       -0.9245874332260500      0.0016432738888713       
-0.9245874332260500      0.6520153943214122       0.0016432738888713       
-0.7274279610953621      0.6520153943214122       0.0016432738888713       
-0.7274279610953621      -0.9245874332260500      0.0016432738888713       
-0.9142111090935032      -0.6110613662800477      0.0017961383431814       
0.5252724753735509       -0.6110613662800477      0.0017961383431814       
0.5252724753735509       -0.9142111090935032      0.0017961383431814       
-0.9142111090935032      0.5252724753735509       0.0017961383431814       
-0.6110613662800477      0.5252724753735509       0.0017961383431814       
-0.6110613662800477      -0.9142111090935032      0.0017961383431814       
-0.9235166937559152      -0.5451478219069221      0.0021229995011814       
0.4686645156628372       -0.5451478219069221      0.0021229995011814       
0.4686645156628373       -0.9235166937559152      0.0021229995011814       
-0.9235166937559152      0.4686645156628373       0.0021229995011814       
-0.5451478219069220      0.4686645156628373       0.0021229995011814       
-0.5451478219069221      -0.9235166937559152      0.0021229995011814       
-0.9349154398210100      -0.4765850416381658      0.0021402685156251       
0.4115004814591758       -0.4765850416381658      0.0021402685156251       
0.4115004814591758       -0.9349154398210100      0.0021402685156251       
-0.9349154398210102      0.4115004814591758       0.0021402685156251       
-0.4765850416381657      0.4115004814591758       0.0021402685156251       
-0.4765850416381657      -0.9349154398210100      0.0021402685156251       
-0.9404963826778936      -0.2643105136228070      0.0019915419665184       
0.2048068963007006       -0.2643105136228070      0.0019915419665184       
0.2048068963007006       -0.9404963826778934      0.0019915419665184       
-0.9404963826778934      0.2048068963007006       0.0019915419665184       
-0.2643105136228071      0.2048068963007006       0.0019915419665184       
-0.2643105136228071      -0.9404963826778934      0.0019915419665184       
-0.9566625124367448      -0.1799566386081034      0.0018031637267380       
0.1366191510448482       -0.1799566386081034      0.0018031637267380       
0.1366191510448482       -0.9566625124367448      0.0018031637267380       
-0.9566625124367448      0.1366191510448482       0.0018031637267380       
-0.1799566386081034      0.1366191510448482       0.0018031637267380       
-0.1799566386081034      -0.9566625124367448      0.0018031637267380       
-0.9372639018584600      -0.1046436712906988      0.0020328232861229       
0.0419075731491587       -0.1046436712906988      0.0020328232861229       
0.0419075731491587       -0.9372639018584600      0.0020328232861229       
-0.9372639018584600      0.0419075731491587       0.0020328232861229       
-0.1046436712906987      0.0419075731491587       0.0020328232861229       
-0.1046436712906988      -0.9372639018584600      0.0020328232861229       
-0.8963169072498511      -0.8579668013601849      0.0014734719377225       
0.7542837086100360       -0.8579668013601849      0.0014734719377225       
0.7542837086100360       -0.8963169072498511      0.0014734719377225       
-0.8963169072498510      0.7542837086100360       0.0014734719377225       
-0.8579668013601850      0.7542837086100360       0.0014734719377225       
-0.8579668013601849      -0.8963169072498511      0.0014734719377225       
-0.8949260412095577      -0.8090863630479339      0.0017252056250476       
0.7040124042574916       -0.8090863630479339      0.0017252056250476       
0.7040124042574916       -0.8949260412095577      0.0017252056250476       
-0.8949260412095578      0.7040124042574916       0.0017252056250476       
-0.8090863630479338      0.7040124042574916       0.0017252056250476       
-0.8090863630479339      -0.8949260412095577      0.0017252056250476       
-0.8921069708976079      -0.7573629192848799      0.0019985951532832       
0.6494698901824878       -0.7573629192848799      0.0019985951532832       
0.6494698901824878       -0.8921069708976079      0.0019985951532832       
-0.8921069708976079      0.6494698901824878       0.0019985951532832       
-0.7573629192848799      0.6494698901824878       0.0019985951532832       
-0.7573629192848799      -0.8921069708976079      0.0019985951532832       
-0.8919940701875451      -0.6989138648353894      0.0022405407383784       
0.5909079350229345       -0.6989138648353894      0.0022405407383784       
0.5909079350229345       -0.8919940701875451      0.0022405407383784       
-0.8919940701875450      0.5909079350229345       0.0022405407383784       
-0.6989138648353895      0.5909079350229345       0.0022405407383784       
-0.6989138648353894      -0.8919940701875451      0.0022405407383784       
-0.9262097829002248      -0.6673227713315129      0.0019653007907674       
0.5935325542317376       -0.6673227713315129      0.0019653007907674       
0.5935325542317376       -0.9262097829002248      0.0019653007907674       
-0.9262097829002248      0.5935325542317376       0.0019653007907674       
-0.6673227713315129      0.5935325542317376       0.0019653007907674       
-0.6673227713315129      -0.9262097829002248      0.0019653007907674       
-0.8872536385962226      -0.6408242083912692      0.0020828752714554       
0.5280778469874918       -0.6408242083912692      0.0020828752714554       
0.5280778469874919       -0.8872536385962225      0.0020828752714554       
-0.8872536385962225      0.5280778469874918       0.0020828752714554       
-0.6408242083912693      0.5280778469874918       0.0020828752714554       
-0.6408242083912693      -0.8872536385962225      0.0020828752714554       
-0.8880218008925802      -0.5648711387005918      0.0025037787145860       
0.4528929395931721       -0.5648711387005918      0.0025037787145860       
0.4528929395931721       -0.8880218008925801      0.0025037787145860       
-0.8880218008925801      0.4528929395931720       0.0025037787145860       
-0.5648711387005919      0.4528929395931720       0.0025037787145860       
-0.5648711387005919      -0.8880218008925801      0.0025037787145860       
-0.8980864560139050      -0.4905217493045750      0.0027873088745467       
0.3886082053184800       -0.4905217493045750      0.0027873088745467       
0.3886082053184800       -0.8980864560139050      0.0027873088745467       
-0.8980864560139050      0.3886082053184800       0.0027873088745467       
-0.4905217493045750      0.3886082053184800       0.0027873088745467       
-0.4905217493045750      -0.8980864560139050      0.0027873088745467       
-0.9159226910485270      -0.4166258908575654      0.0024742634854327       
0.3325485819060924       -0.4166258908575654      0.0024742634854327       
0.3325485819060925       -0.9159226910485270      0.0024742634854327       
-0.9159226910485270      0.3325485819060925       0.0024742634854327       
-0.4166258908575654      0.3325485819060925       0.0024742634854327       
-0.4166258908575654      -0.9159226910485270      0.0024742634854327       
-0.9297445144819660      -0.3415036145016728      0.0023897549720496       
0.2712481289836388       -0.3415036145016728      0.0023897549720496       
0.2712481289836388       -0.9297445144819660      0.0023897549720496       
-0.9297445144819660      0.2712481289836388       0.0023897549720496       
-0.3415036145016729      0.2712481289836388       0.0023897549720496       
-0.3415036145016729      -0.9297445144819660      0.0023897549720496       
-0.9108464792685760      -0.2661100976453404      0.0025024407523676       
0.1769565769139163       -0.2661100976453404      0.0025024407523676       
0.1769565769139163       -0.9108464792685760      0.0025024407523676       
-0.9108464792685760      0.1769565769139163       0.0025024407523676       
-0.2661100976453404      0.1769565769139163       0.0025024407523676       
-0.2661100976453404      -0.9108464792685760      0.0025024407523676       
-0.9294388654720792      -0.1867410228936590      0.0024804243570335       
0.1161798883657380       -0.1867410228936590      0.0024804243570335       
0.1161798883657381       -0.9294388654720792      0.0024804243570335       
-0.9294388654720792      0.1161798883657381       0.0024804243570335       
-0.1867410228936589      0.1161798883657381       0.0024804243570335       
-0.1867410228936589      -0.9294388654720792      0.0024804243570335       
-0.9054821209785456      -0.1269983805712334      0.0028224766530654       
0.0324805015497791       -0.1269983805712334      0.0028224766530654       
0.0324805015497791       -0.9054821209785456      0.0028224766530654       
-0.9054821209785456      0.0324805015497791       0.0028224766530654       
-0.1269983805712335      0.0324805015497791       0.0028224766530654       
-0.1269983805712335      -0.9054821209785456      0.0028224766530654       
-0.8605796978717877      -0.8284130138505690      0.0015315049790303       
0.6889927117223567       -0.8284130138505690      0.0015315049790303       
0.6889927117223567       -0.8605796978717877      0.0015315049790303       
-0.8605796978717878      0.6889927117223567       0.0015315049790303       
-0.8284130138505689      0.6889927117223567       0.0015315049790303       
-0.8284130138505690      -0.8605796978717877      0.0015315049790303       
-0.8546092585873812      -0.7838527926288616      0.0019993078316256       
0.6384620512162429       -0.7838527926288616      0.0019993078316256       
0.6384620512162429       -0.8546092585873812      0.0019993078316256       
-0.8546092585873811      0.6384620512162429       0.0019993078316256       
-0.7838527926288618      0.6384620512162429       0.0019993078316256       
-0.7838527926288616      -0.8546092585873812      0.0019993078316256       
-0.8522452373589020      -0.7313063380610525      0.0023977401347715       
0.5835515754199545       -0.7313063380610525      0.0023977401347715       
0.5835515754199545       -0.8522452373589022      0.0023977401347715       
-0.8522452373589021      0.5835515754199545       0.0023977401347715       
-0.7313063380610524      0.5835515754199545       0.0023977401347715       
-0.7313063380610523      -0.8522452373589022      0.0023977401347715       
-0.8553476676112479      -0.6087107073735383      0.0025257304943143       
0.4640583749847862       -0.6087107073735383      0.0025257304943143       
0.4640583749847862       -0.8553476676112478      0.0025257304943143       
-0.8553476676112478      0.4640583749847862       0.0025257304943143       
-0.6087107073735384      0.4640583749847862       0.0025257304943143       
-0.6087107073735384      -0.8553476676112478      0.0025257304943143       
-0.8625076689505660      -0.4619031189287484      0.0025466870170665       
0.3244107878793143       -0.4619031189287484      0.0025466870170665       
0.3244107878793143       -0.8625076689505660      0.0025466870170665       
-0.8625076689505660      0.3244107878793143       0.0025466870170665       
-0.4619031189287484      0.3244107878793143       0.0025466870170665       
-0.4619031189287484      -0.8625076689505660      0.0025466870170665       
-0.8827188473197796      -0.4086925323462770      0.0023787871587212       
0.2914113796660566       -0.4086925323462770      0.0023787871587212       
0.2914113796660567       -0.8827188473197797      0.0023787871587212       
-0.8827188473197797      0.2914113796660567       0.0023787871587212       
-0.4086925323462770      0.2914113796660567       0.0023787871587212       
-0.4086925323462770      -0.8827188473197797      0.0023787871587212       
-0.8953148373341255      -0.3392515630024171      0.0027218501210640       
0.2345664003365426       -0.3392515630024171      0.0027218501210640       
0.2345664003365426       -0.8953148373341255      0.0027218501210640       
-0.8953148373341255      0.2345664003365426       0.0027218501210640       
-0.3392515630024171      0.2345664003365426       0.0027218501210640       
-0.3392515630024171      -0.8953148373341255      0.0027218501210640       
-0.8920804363675140      -0.2071614184173908      0.0027918174402563       
0.0992418547849048       -0.2071614184173908      0.0027918174402563       
0.0992418547849047       -0.8920804363675140      0.0027918174402563       
-0.8920804363675140      0.0992418547849048       0.0027918174402563       
-0.2071614184173908      0.0992418547849048       0.0027918174402563       
-0.2071614184173908      -0.8920804363675140      0.0027918174402563       
-0.8087914814735000      -0.7678186350479610      0.0025256488215411       
0.5766101165214610       -0.7678186350479610      0.0025256488215411       
0.5766101165214610       -0.8087914814735000      0.0025256488215411       
-0.8087914814735001      0.5766101165214610       0.0025256488215411       
-0.7678186350479609      0.5766101165214610       0.0025256488215411       
-0.7678186350479610      -0.8087914814735000      0.0025256488215411       
-0.8499056870460158      -0.6747589486331453      0.0025062898630698       
0.5246646356791611       -0.6747589486331453      0.0025062898630698       
0.5246646356791611       -0.8499056870460158      0.0025062898630698       
-0.8499056870460157      0.5246646356791611       0.0025062898630698       
-0.6747589486331455      0.5246646356791611       0.0025062898630698       
-0.6747589486331453      -0.8499056870460158      0.0025062898630698       
-0.8199269952768851      -0.5825864733538955      0.0027543089239916       
0.4025134686307806       -0.5825864733538955      0.0027543089239916       
0.4025134686307805       -0.8199269952768851      0.0027543089239916       
-0.8199269952768850      0.4025134686307805       0.0027543089239916       
-0.5825864733538956      0.4025134686307805       0.0027543089239916       
-0.5825864733538956      -0.8199269952768851      0.0027543089239916       
-0.8544615830167630      -0.5300619448648671      0.0029415176163102       
0.3845235278816302       -0.5300619448648671      0.0029415176163102       
0.3845235278816302       -0.8544615830167630      0.0029415176163102       
-0.8544615830167629      0.3845235278816302       0.0029415176163102       
-0.5300619448648672      0.3845235278816302       0.0029415176163102       
-0.5300619448648672      -0.8544615830167630      0.0029415176163102       
-0.8504842370226557      -0.3669228934710188      0.0033861207804701       
0.2174071304936745       -0.3669228934710188      0.0033861207804701       
0.2174071304936744       -0.8504842370226556      0.0033861207804701       
-0.8504842370226556      0.2174071304936744       0.0033861207804701       
-0.3669228934710188      0.2174071304936744       0.0033861207804701       
-0.3669228934710188      -0.8504842370226556      0.0033861207804701       
-0.8679411425194736      -0.2846959485715414      0.0033732429982304       
0.1526370910910151       -0.2846959485715414      0.0033732429982304       
0.1526370910910151       -0.8679411425194736      0.0033732429982304       
-0.8679411425194736      0.1526370910910151       0.0033732429982304       
-0.2846959485715414      0.1526370910910151       0.0033732429982304       
-0.2846959485715414      -0.8679411425194736      0.0033732429982304       
-0.8608813607507841      -0.1850111690817702      0.0026034732694313       
0.0458925298325543       -0.1850111690817702      0.0026034732694313       
0.0458925298325543       -0.8608813607507841      0.0026034732694313       
-0.8608813607507841      0.0458925298325543       0.0026034732694313       
-0.1850111690817702      0.0458925298325543       0.0026034732694313       
-0.1850111690817702      -0.8608813607507841      0.0026034732694313       
-0.8660891958013003      -0.1169364698325311      0.0029563314917848       
-0.0169743343661686      -0.1169364698325311      0.0029563314917848       
-0.0169743343661686      -0.8660891958013003      0.0029563314917848       
-0.8660891958013003      -0.0169743343661686      0.0029563314917848       
-0.1169364698325312      -0.0169743343661686      0.0029563314917848       
-0.1169364698325311      -0.8660891958013003      0.0029563314917848       
-0.8046237662694762      -0.7130076094846278      0.0028356179151209       
0.5176313757541040       -0.7130076094846278      0.0028356179151209       
0.5176313757541040       -0.8046237662694762      0.0028356179151209       
-0.8046237662694763      0.5176313757541040       0.0028356179151209       
-0.7130076094846277      0.5176313757541040       0.0028356179151209       
-0.7130076094846278      -0.8046237662694762      0.0028356179151209       
-0.8103123705761415      -0.6490111399381069      0.0028854951963208       
0.4593235105142484       -0.6490111399381069      0.0028854951963208       
0.4593235105142484       -0.8103123705761415      0.0028854951963208       
-0.8103123705761415      0.4593235105142484       0.0028854951963208       
-0.6490111399381069      0.4593235105142484       0.0028854951963208       
-0.6490111399381069      -0.8103123705761415      0.0028854951963208       
-0.8130471661518774      -0.5050728786916869      0.0031878001217513       
0.3181200448435643       -0.5050728786916869      0.0031878001217513       
0.3181200448435644       -0.8130471661518776      0.0031878001217513       
-0.8130471661518776      0.3181200448435644       0.0031878001217513       
-0.5050728786916868      0.3181200448435644       0.0031878001217513       
-0.5050728786916868      -0.8130471661518776      0.0031878001217513       
-0.8267610057897608      -0.4362980768127566      0.0030521314298677       
0.2630590826025174       -0.4362980768127566      0.0030521314298677       
0.2630590826025174       -0.8267610057897609      0.0030521314298677       
-0.8267610057897609      0.2630590826025174       0.0030521314298677       
-0.4362980768127566      0.2630590826025174       0.0030521314298677       
-0.4362980768127566      -0.8267610057897609      0.0030521314298677       
-0.8158333757067159      -0.3244037516787534      0.0038262008050166       
0.1402371273854692       -0.3244037516787534      0.0038262008050166       
0.1402371273854692       -0.8158333757067159      0.0038262008050166       
-0.8158333757067159      0.1402371273854692       0.0038262008050166       
-0.3244037516787534      0.1402371273854692       0.0038262008050166       
-0.3244037516787534      -0.8158333757067159      0.0038262008050166       
-0.8350187303592190      -0.2445804418157273      0.0032143372747272       
0.0795991721749463       -0.2445804418157273      0.0032143372747272       
0.0795991721749463       -0.8350187303592190      0.0032143372747272       
-0.8350187303592190      0.0795991721749463       0.0032143372747272       
-0.2445804418157272      0.0795991721749463       0.0032143372747272       
-0.2445804418157272      -0.8350187303592190      0.0032143372747272       
-0.7604132200908882      -0.6898099011924972      0.0029451578695646       
0.4502231212833854       -0.6898099011924972      0.0029451578695646       
0.4502231212833854       -0.7604132200908882      0.0029451578695646       
-0.7604132200908882      0.4502231212833854       0.0029451578695646       
-0.6898099011924972      0.4502231212833854       0.0029451578695646       
-0.6898099011924972      -0.7604132200908882      0.0029451578695646       
-0.7665687317131875      -0.6256258057517674      0.0032490333531981       
0.3921945374649548       -0.6256258057517674      0.0032490333531981       
0.3921945374649548       -0.7665687317131877      0.0032490333531981       
-0.7665687317131876      0.3921945374649549       0.0032490333531981       
-0.6256258057517673      0.3921945374649549       0.0032490333531981       
-0.6256258057517672      -0.7665687317131877      0.0032490333531981       
-0.7827883641862139      -0.5612991318811984      0.0026999322443383       
0.3440874960674124       -0.5612991318811984      0.0026999322443383       
0.3440874960674123       -0.7827883641862138      0.0026999322443383       
-0.7827883641862138      0.3440874960674123       0.0026999322443383       
-0.5612991318811985      0.3440874960674123       0.0026999322443383       
-0.5612991318811985      -0.7827883641862138      0.0026999322443383       
-0.7393346295910856      -0.5542303170982117      0.0034903496641010       
0.2935649466892974       -0.5542303170982117      0.0034903496641010       
0.2935649466892974       -0.7393346295910856      0.0034903496641010       
-0.7393346295910856      0.2935649466892974       0.0034903496641010       
-0.5542303170982117      0.2935649466892974       0.0034903496641010       
-0.5542303170982117      -0.7393346295910856      0.0034903496641010       
-0.7677230828171351      -0.4814537292775887      0.0040321430176553       
0.2491768120947238       -0.4814537292775887      0.0040321430176553       
0.2491768120947238       -0.7677230828171351      0.0040321430176553       
-0.7677230828171351      0.2491768120947238       0.0040321430176553       
-0.4814537292775887      0.2491768120947238       0.0040321430176553       
-0.4814537292775887      -0.7677230828171351      0.0040321430176553       
-0.7909455061662284      -0.4025979182692055      0.0038213875393237       
0.1935434244354339       -0.4025979182692055      0.0038213875393237       
0.1935434244354339       -0.7909455061662284      0.0038213875393237       
-0.7909455061662284      0.1935434244354339       0.0038213875393237       
-0.4025979182692056      0.1935434244354339       0.0038213875393237       
-0.4025979182692056      -0.7909455061662284      0.0038213875393237       
-0.7858114479186130      -0.2595298276819772      0.0041883507579034       
0.0453412756005902       -0.2595298276819772      0.0041883507579034       
0.0453412756005902       -0.7858114479186131      0.0041883507579034       
-0.7858114479186130      0.0453412756005902       0.0041883507579034       
-0.2595298276819772      0.0453412756005902       0.0041883507579034       
-0.2595298276819772      -0.7858114479186131      0.0041883507579034       
-0.8152945870371817      -0.1707100589331769      0.0041504004906589       
-0.0139953540296414      -0.1707100589331769      0.0041504004906589       
-0.0139953540296414      -0.8152945870371817      0.0041504004906589       
-0.8152945870371817      -0.0139953540296414      0.0041504004906589       
-0.1707100589331769      -0.0139953540296414      0.0041504004906589       
-0.1707100589331769      -0.8152945870371817      0.0041504004906589       
-0.7105875511105484      -0.6712395641543440      0.0027488943874259       
0.3818271152648924       -0.6712395641543440      0.0027488943874259       
0.3818271152648924       -0.7105875511105486      0.0027488943874259       
-0.7105875511105485      0.3818271152648924       0.0027488943874259       
-0.6712395641543439      0.3818271152648924       0.0027488943874259       
-0.6712395641543438      -0.7105875511105486      0.0027488943874259       
-0.7153079673230789      -0.6181141950054974      0.0031228508279803       
0.3334221623285762       -0.6181141950054974      0.0031228508279803       
0.3334221623285762       -0.7153079673230791      0.0031228508279803       
-0.7153079673230790      0.3334221623285762       0.0031228508279803       
-0.6181141950054972      0.3334221623285762       0.0031228508279803       
-0.6181141950054972      -0.7153079673230791      0.0031228508279803       
-0.7046646766356112      -0.5050564933193371      0.0043232950113182       
0.2097211699549482       -0.5050564933193371      0.0043232950113182       
0.2097211699549482       -0.7046646766356113      0.0043232950113182       
-0.7046646766356112      0.2097211699549482       0.0043232950113182       
-0.5050564933193370      0.2097211699549482       0.0043232950113182       
-0.5050564933193370      -0.7046646766356113      0.0043232950113182       
-0.7323008385512892      -0.4263404224256071      0.0044080414817969       
0.1586412609768964       -0.4263404224256071      0.0044080414817969       
0.1586412609768963       -0.7323008385512892      0.0044080414817969       
-0.7323008385512892      0.1586412609768964       0.0044080414817969       
-0.4263404224256071      0.1586412609768964       0.0044080414817969       
-0.4263404224256071      -0.7323008385512892      0.0044080414817969       
-0.7593672865335123      -0.3432731459152536      0.0043642035245959       
0.1026404324487660       -0.3432731459152536      0.0043642035245959       
0.1026404324487660       -0.7593672865335123      0.0043642035245959       
-0.7593672865335123      0.1026404324487660       0.0043642035245959       
-0.3432731459152537      0.1026404324487660       0.0043642035245959       
-0.3432731459152537      -0.7593672865335123      0.0043642035245959       
-0.7252996856651746      -0.2847299424803189      0.0047194409869151       
0.0100296281454935       -0.2847299424803189      0.0047194409869151       
0.0100296281454935       -0.7252996856651746      0.0047194409869151       
-0.7252996856651746      0.0100296281454935       0.0047194409869151       
-0.2847299424803189      0.0100296281454935       0.0047194409869151       
-0.2847299424803189      -0.7252996856651746      0.0047194409869151       
-0.7590917192390229      -0.1962495801090031      0.0043934278493200       
-0.0446587006519741      -0.1962495801090031      0.0043934278493200       
-0.0446587006519741      -0.7590917192390227      0.0043934278493200       
-0.7590917192390229      -0.0446587006519741      0.0043934278493200       
-0.1962495801090031      -0.0446587006519741      0.0043934278493200       
-0.1962495801090031      -0.7590917192390227      0.0043934278493200       
-0.6755577202019731      -0.5798294454978463      0.0040634362957014       
0.2553871656998194       -0.5798294454978463      0.0040634362957014       
0.2553871656998194       -0.6755577202019731      0.0040634362957014       
-0.6755577202019731      0.2553871656998194       0.0040634362957014       
-0.5798294454978463      0.2553871656998194       0.0040634362957014       
-0.5798294454978463      -0.6755577202019731      0.0040634362957014       
-0.6362682514688840      -0.5319497066008221      0.0046059300300369       
0.1682179580697061       -0.5319497066008221      0.0046059300300369       
0.1682179580697060       -0.6362682514688840      0.0046059300300369       
-0.6362682514688840      0.1682179580697061       0.0046059300300369       
-0.5319497066008221      0.1682179580697061       0.0046059300300369       
-0.5319497066008221      -0.6362682514688840      0.0046059300300369       
-0.6659827440152343      -0.4532909767922440      0.0047394529248362       
0.1192737208074783       -0.4532909767922440      0.0047394529248362       
0.1192737208074783       -0.6659827440152344      0.0047394529248362       
-0.6659827440152343      0.1192737208074783       0.0047394529248362       
-0.4532909767922441      0.1192737208074783       0.0047394529248362       
-0.4532909767922441      -0.6659827440152344      0.0047394529248362       
-0.6960298208686244      -0.3707395307146382      0.0047774786060735       
0.0667693515832626       -0.3707395307146382      0.0047774786060735       
0.0667693515832626       -0.6960298208686244      0.0047774786060735       
-0.6960298208686244      0.0667693515832626       0.0047774786060735       
-0.3707395307146382      0.0667693515832626       0.0047774786060735       
-0.3707395307146382      -0.6960298208686244      0.0047774786060735       
-0.7108384758705524      -0.2141300995479298      0.0016837288448339       
-0.0750314245815180      -0.2141300995479298      0.0016837288448339       
-0.0750314245815180      -0.7108384758705524      0.0016837288448339       
-0.7108384758705524      -0.0750314245815180      0.0016837288448339       
-0.2141300995479298      -0.0750314245815180      0.0016837288448339       
-0.2141300995479298      -0.7108384758705524      0.0016837288448339       
-0.5935421259774295      -0.4841751637796561      0.0050036120244728       
0.0777172897570857       -0.4841751637796561      0.0050036120244728       
0.0777172897570857       -0.5935421259774296      0.0050036120244728       
-0.5935421259774295      0.0777172897570857       0.0050036120244728       
-0.4841751637796562      0.0777172897570857       0.0050036120244728       
-0.4841751637796562      -0.5935421259774296      0.0050036120244728       
-0.6256860090032338      -0.4020645058528180      0.0050785084430404       
0.0277505148560517       -0.4020645058528180      0.0050785084430404       
0.0277505148560517       -0.6256860090032337      0.0050785084430404       
-0.6256860090032338      0.0277505148560517       0.0050785084430404       
-0.4020645058528180      0.0277505148560517       0.0050785084430404       
-0.4020645058528180      -0.6256860090032337      0.0050785084430404       
-0.6579204188427166      -0.3169128548065622      0.0050426439091952       
-0.0251667263507213      -0.3169128548065622      0.0050426439091952       
-0.0251667263507213      -0.6579204188427167      0.0050426439091952       
-0.6579204188427166      -0.0251667263507213      0.0050426439091952       
-0.3169128548065621      -0.0251667263507213      0.0050426439091952       
-0.3169128548065621      -0.6579204188427167      0.0050426439091952       
-0.6847572974811711      -0.2325452201954406      0.0038464896087410       
-0.0826974823233884      -0.2325452201954406      0.0038464896087410       
-0.0826974823233884      -0.6847572974811711      0.0038464896087410       
-0.6847572974811711      -0.0826974823233884      0.0038464896087410       
-0.2325452201954406      -0.0826974823233884      0.0038464896087410       
-0.2325452201954406      -0.6847572974811711      0.0038464896087410       
-0.5502603828175217      -0.4350225293099294      0.0053190424424732       
-0.0147170878725489      -0.4350225293099294      0.0053190424424732       
-0.0147170878725489      -0.5502603828175215      0.0053190424424732       
-0.5502603828175217      -0.0147170878725489      0.0053190424424732       
-0.4350225293099294      -0.0147170878725489      0.0053190424424732       
-0.4350225293099294      -0.5502603828175215      0.0053190424424732       
-0.5848285773364150      -0.3500938254889000      0.0053514019973120       
-0.0650775971746849      -0.3500938254889000      0.0053514019973120       
-0.0650775971746849      -0.5848285773364150      0.0053514019973120       
-0.5848285773364150      -0.0650775971746849      0.0053514019973120       
-0.3500938254889000      -0.0650775971746849      0.0053514019973120       
-0.3500938254889000      -0.5848285773364150      0.0053514019973120       
-0.6189674758233404      -0.2627475675288515      0.0052192951808533       
-0.1182849566478081      -0.2627475675288515      0.0052192951808533       
-0.1182849566478081      -0.6189674758233403      0.0052192951808533       
-0.6189674758233404      -0.1182849566478081      0.0052192951808533       
-0.2627475675288514      -0.1182849566478081      0.0052192951808533       
-0.2627475675288514      -0.6189674758233403      0.0052192951808533       
-0.5064625186273134      -0.3860897308397166      0.0055512969297516       
-0.1074477505329700      -0.3860897308397166      0.0055512969297516       
-0.1074477505329700      -0.5064625186273134      0.0055512969297516       
-0.5064625186273134      -0.1074477505329700      0.0055512969297516       
-0.3860897308397166      -0.1074477505329700      0.0055512969297516       
-0.3860897308397166      -0.5064625186273134      0.0055512969297516       
-0.5433687436134850      -0.2990390054507612      0.0055263113474364       
-0.1575922509357539      -0.2990390054507612      0.0055263113474364       
-0.1575922509357539      -0.5433687436134851      0.0055263113474364       
-0.5433687436134850      -0.1575922509357539      0.0055263113474364       
-0.2990390054507611      -0.1575922509357539      0.0055263113474364       
-0.2990390054507611      -0.5433687436134851      0.0055263113474364       
-0.4627006714367694      -0.3376875742235202      0.0056994701475096       
-0.1996117543397104      -0.3376875742235202      0.0056994701475096       
-0.1996117543397104      -0.4627006714367694      0.0056994701475096       
-0.4627006714367694      -0.1996117543397104      0.0056994701475096       
-0.3376875742235202      -0.1996117543397104      0.0056994701475096       
-0.3376875742235202      -0.4627006714367694      0.0056994701475096       
