centroid    numS21      numS111     
false (1)   23 (3)      85 (6)      

x                        y                        w                        
-0.9966254970900804      0.9932509941801608       0.0000749280929026       
-0.9966254970900804      -0.9966254970900804      0.0000749280929026       
0.9932509941801608       -0.9966254970900804      0.0000749280929026       
-0.9834080490160068      0.9668160980320138       0.0003542341976005       
-0.9834080490160068      -0.9834080490160068      0.0003542341976005       
0.9668160980320138       -0.9834080490160068      0.0003542341976005       
-0.9587053835969662      0.9174107671939324       0.0008848848330226       
-0.9587053835969662      -0.9587053835969664      0.0008848848330226       
0.9174107671939324       -0.9587053835969664      0.0008848848330226       
-0.9263411643876744      0.8526823287753487       0.0013770540476160       
-0.9263411643876744      -0.9263411643876744      0.0013770540476160       
0.8526823287753488       -0.9263411643876744      0.0013770540476160       
-0.8944342884768710      0.7888685769537420       0.0019490829742979       
-0.8944342884768710      -0.8944342884768710      0.0019490829742979       
0.7888685769537420       -0.8944342884768710      0.0019490829742979       
-0.8568558448180478      0.7137116896360955       0.0028779895784302       
-0.8568558448180478      -0.8568558448180478      0.0028779895784302       
0.7137116896360957       -0.8568558448180478      0.0028779895784302       
-0.8175199039853683      0.6350398079707367       0.0035483268997278       
-0.8175199039853684      -0.8175199039853682      0.0035483268997278       
0.6350398079707367       -0.8175199039853682      0.0035483268997278       
-0.7662327612249095      0.5324655224498189       0.0046249453481675       
-0.7662327612249095      -0.7662327612249095      0.0046249453481675       
0.5324655224498190       -0.7662327612249095      0.0046249453481675       
-0.7151067230893134      0.4302134461786269       0.0057436469248038       
-0.7151067230893136      -0.7151067230893133      0.0057436469248038       
0.4302134461786270       -0.7151067230893133      0.0057436469248038       
-0.6172827664046275      0.2345655328092550       0.0067757543818678       
-0.6172827664046275      -0.6172827664046276      0.0067757543818678       
0.2345655328092550       -0.6172827664046276      0.0067757543818678       
-0.5348323514966034      0.0696647029932068       0.0070683023215663       
-0.5348323514966034      -0.5348323514966034      0.0070683023215663       
0.0696647029932067       -0.5348323514966034      0.0070683023215663       
-0.4832821118706353      -0.0334357762587294      0.0079503931117802       
-0.4832821118706353      -0.4832821118706354      0.0079503931117802       
-0.0334357762587294      -0.4832821118706354      0.0079503931117802       
-0.4283330279859084      -0.1433339440281831      0.0073299204825146       
-0.4283330279859084      -0.4283330279859085      0.0073299204825146       
-0.1433339440281831      -0.4283330279859085      0.0073299204825146       
-0.3658632620168273      -0.2682734759663454      0.0090343806886267       
-0.3658632620168273      -0.3658632620168274      0.0090343806886267       
-0.2682734759663454      -0.3658632620168274      0.0090343806886267       
-0.0011207221564905      -0.9977585556870190      0.0006227966133259       
-0.0011207221564905      -0.0011207221564905      0.0006227966133259       
-0.9977585556870190      -0.0011207221564905      0.0006227966133259       
-0.0068342857571814      -0.9863314284856372      0.0018433988507596       
-0.0068342857571814      -0.0068342857571814      0.0018433988507596       
-0.9863314284856372      -0.0068342857571814      0.0018433988507596       
-0.0177004646057215      -0.9645990707885570      0.0024393939335723       
-0.0177004646057215      -0.0177004646057215      0.0024393939335723       
-0.9645990707885570      -0.0177004646057215      0.0024393939335723       
-0.0345656958402516      -0.9308686083194968      0.0043620705400926       
-0.0345656958402516      -0.0345656958402516      0.0043620705400926       
-0.9308686083194968      -0.0345656958402516      0.0043620705400926       
-0.0621251247591343      -0.8757497504817313      0.0039875143683018       
-0.0621251247591343      -0.0621251247591343      0.0039875143683018       
-0.8757497504817313      -0.0621251247591343      0.0039875143683018       
-0.0854664551043490      -0.8290670897913019      0.0052723029277340       
-0.0854664551043490      -0.0854664551043491      0.0052723029277340       
-0.8290670897913019      -0.0854664551043491      0.0052723029277340       
-0.1987836618244544      -0.6024326763510912      0.0048476906183449       
-0.1987836618244544      -0.1987836618244544      0.0048476906183449       
-0.6024326763510912      -0.1987836618244544      0.0048476906183449       
-0.2391537718091360      -0.5216924563817280      0.0045424958325936       
-0.2391537718091360      -0.2391537718091360      0.0045424958325936       
-0.5216924563817280      -0.2391537718091360      0.0045424958325936       
-0.2755137095319057      -0.4489725809361886      0.0065745333202342       
-0.2755137095319057      -0.2755137095319058      0.0065745333202342       
-0.4489725809361886      -0.2755137095319058      0.0065745333202342       
-0.9968580787014037      -0.9822505229594152      0.0001616623875175       
0.9791086016608190       -0.9822505229594152      0.0001616623875175       
0.9791086016608190       -0.9968580787014037      0.0001616623875175       
-0.9968580787014040      0.9791086016608190       0.0001616623875175       
-0.9822505229594150      0.9791086016608190       0.0001616623875175       
-0.9822505229594152      -0.9968580787014037      0.0001616623875175       
-0.9967789746742438      -0.9567127663856346      0.0002554665146380       
0.9534917410598782       -0.9567127663856346      0.0002554665146380       
0.9534917410598782       -0.9967789746742438      0.0002554665146380       
-0.9967789746742438      0.9534917410598782       0.0002554665146380       
-0.9567127663856344      0.9534917410598782       0.0002554665146380       
-0.9567127663856346      -0.9967789746742438      0.0002554665146380       
-0.9967978224406786      -0.9205561669745490      0.0003391670551831       
0.9173539894152276       -0.9205561669745490      0.0003391670551831       
0.9173539894152276       -0.9967978224406786      0.0003391670551831       
-0.9967978224406786      0.9173539894152276       0.0003391670551831       
-0.9205561669745490      0.9173539894152276       0.0003391670551831       
-0.9205561669745490      -0.9967978224406786      0.0003391670551831       
-0.9992854574205756      -0.8735332974898593      0.0001709518011561       
0.8728187549104349       -0.8735332974898593      0.0001709518011561       
0.8728187549104349       -0.9992854574205756      0.0001709518011561       
-0.9992854574205756      0.8728187549104349       0.0001709518011561       
-0.8735332974898594      0.8728187549104349       0.0001709518011561       
-0.8735332974898593      -0.9992854574205756      0.0001709518011561       
-0.9966613787617769      -0.6906214536750017      0.0006292253652143       
0.6872828324367786       -0.6906214536750017      0.0006292253652143       
0.6872828324367785       -0.9966613787617770      0.0006292253652143       
-0.9966613787617770      0.6872828324367786       0.0006292253652143       
-0.6906214536750016      0.6872828324367786       0.0006292253652143       
-0.6906214536750016      -0.9966613787617770      0.0006292253652143       
-0.9972321693726566      -0.6104080292944749      0.0006159228024476       
0.6076401986671316       -0.6104080292944749      0.0006159228024476       
0.6076401986671316       -0.9972321693726566      0.0006159228024476       
-0.9972321693726566      0.6076401986671316       0.0006159228024476       
-0.6104080292944749      0.6076401986671316       0.0006159228024476       
-0.6104080292944749      -0.9972321693726566      0.0006159228024476       
-0.9972237263940502      -0.5191037213052241      0.0006821195399997       
0.5163274476992743       -0.5191037213052241      0.0006821195399997       
0.5163274476992743       -0.9972237263940502      0.0006821195399997       
-0.9972237263940504      0.5163274476992743       0.0006821195399997       
-0.5191037213052240      0.5163274476992743       0.0006821195399997       
-0.5191037213052241      -0.9972237263940502      0.0006821195399997       
-0.9972941263383908      -0.4192665642381970      0.0007214532956737       
0.4165606905765878       -0.4192665642381970      0.0007214532956737       
0.4165606905765878       -0.9972941263383907      0.0007214532956737       
-0.9972941263383907      0.4165606905765878       0.0007214532956737       
-0.4192665642381971      0.4165606905765878       0.0007214532956737       
-0.4192665642381971      -0.9972941263383907      0.0007214532956737       
-0.9965506443002285      -0.3143821702825794      0.0009341471052381       
0.3109328145828079       -0.3143821702825794      0.0009341471052381       
0.3109328145828078       -0.9965506443002284      0.0009341471052381       
-0.9965506443002284      0.3109328145828078       0.0009341471052381       
-0.3143821702825794      0.3109328145828078       0.0009341471052381       
-0.3143821702825794      -0.9965506443002284      0.0009341471052381       
-0.9981946787055372      -0.2076185177438360      0.0005334712281373       
0.2058131964493731       -0.2076185177438360      0.0005334712281373       
0.2058131964493730       -0.9981946787055370      0.0005334712281373       
-0.9981946787055370      0.2058131964493730       0.0005334712281373       
-0.2076185177438360      0.2058131964493730       0.0005334712281373       
-0.2076185177438360      -0.9981946787055370      0.0005334712281373       
-0.9966032892059824      -0.1048008597972921      0.0008920391357858       
0.1014041490032745       -0.1048008597972921      0.0008920391357858       
0.1014041490032744       -0.9966032892059822      0.0008920391357858       
-0.9966032892059822      0.1014041490032744       0.0008920391357858       
-0.1048008597972922      0.1014041490032744       0.0008920391357858       
-0.1048008597972922      -0.9966032892059822      0.0008920391357858       
-0.9831409582608388      -0.9592393275234052      0.0005625383594496       
0.9423802857842440       -0.9592393275234052      0.0005625383594496       
0.9423802857842440       -0.9831409582608388      0.0005625383594496       
-0.9831409582608388      0.9423802857842440       0.0005625383594496       
-0.9592393275234052      0.9423802857842440       0.0005625383594496       
-0.9592393275234052      -0.9831409582608388      0.0005625383594496       
-0.9830924095696210      -0.9242709819985762      0.0007698760456354       
0.9073633915681972       -0.9242709819985762      0.0007698760456354       
0.9073633915681972       -0.9830924095696210      0.0007698760456354       
-0.9830924095696210      0.9073633915681972       0.0007698760456354       
-0.9242709819985760      0.9073633915681972       0.0007698760456354       
-0.9242709819985762      -0.9830924095696210      0.0007698760456354       
-0.9898934656910988      -0.8771344981646108      0.0007736724299183       
0.8670279638557095       -0.8771344981646108      0.0007736724299183       
0.8670279638557093       -0.9898934656910988      0.0007736724299183       
-0.9898934656910988      0.8670279638557095       0.0007736724299183       
-0.8771344981646106      0.8670279638557095       0.0007736724299183       
-0.8771344981646106      -0.9898934656910988      0.0007736724299183       
-0.9983381470507514      -0.7605377124116675      0.0003260925162578       
0.7588758594624188       -0.7605377124116675      0.0003260925162578       
0.7588758594624186       -0.9983381470507514      0.0003260925162578       
-0.9983381470507514      0.7588758594624188       0.0003260925162578       
-0.7605377124116673      0.7588758594624188       0.0003260925162578       
-0.7605377124116673      -0.9983381470507514      0.0003260925162578       
-0.9871199131032860      -0.7552575263009638      0.0012581227468103       
0.7423774394042497       -0.7552575263009638      0.0012581227468103       
0.7423774394042496       -0.9871199131032860      0.0012581227468103       
-0.9871199131032860      0.7423774394042497       0.0012581227468103       
-0.7552575263009637      0.7423774394042497       0.0012581227468103       
-0.7552575263009637      -0.9871199131032860      0.0012581227468103       
-0.9840879336145260      -0.6697442258526907      0.0013914140956617       
0.6538321594672167       -0.6697442258526907      0.0013914140956617       
0.6538321594672167       -0.9840879336145260      0.0013914140956617       
-0.9840879336145260      0.6538321594672167       0.0013914140956617       
-0.6697442258526907      0.6538321594672167       0.0013914140956617       
-0.6697442258526907      -0.9840879336145260      0.0013914140956617       
-0.9852942392663367      -0.5841204059336884      0.0015415818491507       
0.5694146452000253       -0.5841204059336884      0.0015415818491507       
0.5694146452000253       -0.9852942392663366      0.0015415818491507       
-0.9852942392663367      0.5694146452000253       0.0015415818491507       
-0.5841204059336885      0.5694146452000253       0.0015415818491507       
-0.5841204059336886      -0.9852942392663366      0.0015415818491507       
-0.9855169054919164      -0.4895513519185744      0.0015675104598972       
0.4750682574104907       -0.4895513519185744      0.0015675104598972       
0.4750682574104907       -0.9855169054919164      0.0015675104598972       
-0.9855169054919164      0.4750682574104907       0.0015675104598972       
-0.4895513519185744      0.4750682574104907       0.0015675104598972       
-0.4895513519185744      -0.9855169054919164      0.0015675104598972       
-0.9852398248923954      -0.3966215876891958      0.0015324287037697       
0.3818614125815914       -0.3966215876891958      0.0015324287037697       
0.3818614125815914       -0.9852398248923954      0.0015324287037697       
-0.9852398248923954      0.3818614125815914       0.0015324287037697       
-0.3966215876891958      0.3818614125815914       0.0015324287037697       
-0.3966215876891958      -0.9852398248923954      0.0015324287037697       
-0.9881873310076362      -0.2173621021699835      0.0015688809610825       
0.2055494331776196       -0.2173621021699835      0.0015688809610825       
0.2055494331776196       -0.9881873310076360      0.0015688809610825       
-0.9881873310076360      0.2055494331776195       0.0015688809610825       
-0.2173621021699835      0.2055494331776195       0.0015688809610825       
-0.2173621021699835      -0.9881873310076360      0.0015688809610825       
-0.9830527800577598      -0.1176810206640087      0.0019361937291088       
0.1007338007217685       -0.1176810206640087      0.0019361937291088       
0.1007338007217684       -0.9830527800577596      0.0019361937291088       
-0.9830527800577596      0.1007338007217684       0.0019361937291088       
-0.1176810206640088      0.1007338007217684       0.0019361937291088       
-0.1176810206640088      -0.9830527800577596      0.0019361937291088       
-0.9592041397965132      -0.9239581835056508      0.0011240436656978       
0.8831623233021639       -0.9239581835056508      0.0011240436656978       
0.8831623233021639       -0.9592041397965132      0.0011240436656978       
-0.9592041397965134      0.8831623233021639       0.0011240436656978       
-0.9239581835056506      0.8831623233021639       0.0011240436656978       
-0.9239581835056508      -0.9592041397965132      0.0011240436656978       
-0.9693691818020720      -0.8796571196977720      0.0012904579764323       
0.8490263014998440       -0.8796571196977720      0.0012904579764323       
0.8490263014998440       -0.9693691818020720      0.0012904579764323       
-0.9693691818020720      0.8490263014998440       0.0012904579764323       
-0.8796571196977720      0.8490263014998440       0.0012904579764323       
-0.8796571196977720      -0.9693691818020720      0.0012904579764323       
-0.9959619277549446      -0.8206791176400745      0.0005892739963899       
0.8166410453950190       -0.8206791176400745      0.0005892739963899       
0.8166410453950190       -0.9959619277549446      0.0005892739963899       
-0.9959619277549444      0.8166410453950190       0.0005892739963899       
-0.8206791176400746      0.8166410453950190       0.0005892739963899       
-0.8206791176400745      -0.9959619277549446      0.0005892739963899       
-0.9800489765838762      -0.8225578699490281      0.0013285604257921       
0.8026068465329044       -0.8225578699490281      0.0013285604257921       
0.8026068465329044       -0.9800489765838762      0.0013285604257921       
-0.9800489765838762      0.8026068465329044       0.0013285604257921       
-0.8225578699490282      0.8026068465329044       0.0013285604257921       
-0.8225578699490281      -0.9800489765838762      0.0013285604257921       
-0.9684418899770068      -0.7100248218165945      0.0014973290045102       
0.6784667117936014       -0.7100248218165945      0.0014973290045102       
0.6784667117936015       -0.9684418899770068      0.0014973290045102       
-0.9684418899770068      0.6784667117936014       0.0014973290045102       
-0.7100248218165947      0.6784667117936014       0.0014973290045102       
-0.7100248218165947      -0.9684418899770068      0.0014973290045102       
-0.9627363265745528      -0.6206166038642380      0.0023505339119546       
0.5833529304387908       -0.6206166038642380      0.0023505339119546       
0.5833529304387908       -0.9627363265745528      0.0023505339119546       
-0.9627363265745528      0.5833529304387908       0.0023505339119546       
-0.6206166038642379      0.5833529304387908       0.0023505339119546       
-0.6206166038642380      -0.9627363265745528      0.0023505339119546       
-0.9642638352865804      -0.5286574016047065      0.0025330935480052       
0.4929212368912869       -0.5286574016047065      0.0025330935480052       
0.4929212368912869       -0.9642638352865806      0.0025330935480052       
-0.9642638352865806      0.4929212368912870       0.0025330935480052       
-0.5286574016047064      0.4929212368912870       0.0025330935480052       
-0.5286574016047064      -0.9642638352865806      0.0025330935480052       
-0.9636803051198046      -0.4279928331703970      0.0027459450191638       
0.3916731382902016       -0.4279928331703970      0.0027459450191638       
0.3916731382902016       -0.9636803051198046      0.0027459450191638       
-0.9636803051198046      0.3916731382902016       0.0027459450191638       
-0.4279928331703970      0.3916731382902016       0.0027459450191638       
-0.4279928331703970      -0.9636803051198046      0.0027459450191638       
-0.9806563770266490      -0.3102172636957116      0.0019446585691830       
0.2908736407223606       -0.3102172636957116      0.0019446585691830       
0.2908736407223606       -0.9806563770266490      0.0019446585691830       
-0.9806563770266490      0.2908736407223606       0.0019446585691830       
-0.3102172636957116      0.2908736407223606       0.0019446585691830       
-0.3102172636957116      -0.9806563770266490      0.0019446585691830       
-0.9612665614203408      -0.1088477154205679      0.0024529624651252       
0.0701142768409087       -0.1088477154205679      0.0024529624651252       
0.0701142768409087       -0.9612665614203408      0.0024529624651252       
-0.9612665614203408      0.0701142768409086       0.0024529624651252       
-0.1088477154205679      0.0701142768409086       0.0024529624651252       
-0.1088477154205679      -0.9612665614203408      0.0024529624651252       
-0.9367850286488550      -0.8835302265966831      0.0017131584999050       
0.8203152552455382       -0.8835302265966831      0.0017131584999050       
0.8203152552455382       -0.9367850286488550      0.0017131584999050       
-0.9367850286488550      0.8203152552455382       0.0017131584999050       
-0.8835302265966831      0.8203152552455382       0.0017131584999050       
-0.8835302265966831      -0.9367850286488550      0.0017131584999050       
-0.9518580460353456      -0.8330842629454369      0.0017741407583837       
0.7849423089807825       -0.8330842629454369      0.0017741407583837       
0.7849423089807825       -0.9518580460353459      0.0017741407583837       
-0.9518580460353459      0.7849423089807825       0.0017741407583837       
-0.8330842629454368      0.7849423089807825       0.0017741407583837       
-0.8330842629454367      -0.9518580460353459      0.0017741407583837       
-0.9618164051949109      -0.7715084913075465      0.0018869413040875       
0.7333248965024572       -0.7715084913075465      0.0018869413040875       
0.7333248965024572       -0.9618164051949109      0.0018869413040875       
-0.9618164051949106      0.7333248965024572       0.0018869413040875       
-0.7715084913075466      0.7333248965024572       0.0018869413040875       
-0.7715084913075465      -0.9618164051949109      0.0018869413040875       
-0.9279635416035192      -0.7518302806137911      0.0024726759066982       
0.6797938222173103       -0.7518302806137911      0.0024726759066982       
0.6797938222173102       -0.9279635416035193      0.0024726759066982       
-0.9279635416035193      0.6797938222173103       0.0024726759066982       
-0.7518302806137910      0.6797938222173103       0.0024726759066982       
-0.7518302806137910      -0.9279635416035193      0.0024726759066982       
-0.9435802992657292      -0.6871791743513480      0.0023952085521308       
0.6307594736170772       -0.6871791743513480      0.0023952085521308       
0.6307594736170773       -0.9435802992657290      0.0023952085521308       
-0.9435802992657290      0.6307594736170772       0.0023952085521308       
-0.6871791743513481      0.6307594736170772       0.0023952085521308       
-0.6871791743513481      -0.9435802992657290      0.0023952085521308       
-0.9316347973425864      -0.5903767982701988      0.0033017231856325       
0.5220115956127853       -0.5903767982701988      0.0033017231856325       
0.5220115956127853       -0.9316347973425864      0.0033017231856325       
-0.9316347973425864      0.5220115956127853       0.0033017231856325       
-0.5903767982701990      0.5220115956127853       0.0033017231856325       
-0.5903767982701988      -0.9316347973425864      0.0033017231856325       
-0.9337658142764081      -0.4987935581535516      0.0032122221921363       
0.4325593724299599       -0.4987935581535516      0.0032122221921363       
0.4325593724299599       -0.9337658142764081      0.0032122221921363       
-0.9337658142764081      0.4325593724299599       0.0032122221921363       
-0.4987935581535516      0.4325593724299599       0.0032122221921363       
-0.4987935581535516      -0.9337658142764081      0.0032122221921363       
-0.9306721816168761      -0.4119376050401085      0.0030646356310476       
0.3426097866569846       -0.4119376050401085      0.0030646356310476       
0.3426097866569846       -0.9306721816168761      0.0030646356310476       
-0.9306721816168760      0.3426097866569846       0.0030646356310476       
-0.4119376050401086      0.3426097866569846       0.0030646356310476       
-0.4119376050401086      -0.9306721816168761      0.0030646356310476       
-0.9555579989321008      -0.3287950801336474      0.0031468539085149       
0.2843530790657482       -0.3287950801336474      0.0031468539085149       
0.2843530790657482       -0.9555579989321008      0.0031468539085149       
-0.9555579989321008      0.2843530790657482       0.0031468539085149       
-0.3287950801336474      0.2843530790657482       0.0031468539085149       
-0.3287950801336474      -0.9555579989321008      0.0031468539085149       
-0.9652033514306558      -0.2162786978091652      0.0030216717601033       
0.1814820492398210       -0.2162786978091652      0.0030216717601033       
0.1814820492398210       -0.9652033514306558      0.0030216717601033       
-0.9652033514306558      0.1814820492398210       0.0030216717601033       
-0.2162786978091652      0.1814820492398210       0.0030216717601033       
-0.2162786978091652      -0.9652033514306558      0.0030216717601033       
-0.9073903527964619      -0.8466555877278465      0.0021139637333339       
0.7540459405243083       -0.8466555877278465      0.0021139637333339       
0.7540459405243083       -0.9073903527964619      0.0021139637333339       
-0.9073903527964616      0.7540459405243083       0.0021139637333339       
-0.8466555877278467      0.7540459405243083       0.0021139637333339       
-0.8466555877278465      -0.9073903527964619      0.0021139637333339       
-0.9247516835875016      -0.8043685339672835      0.0017073722402524       
0.7291202175547851       -0.8043685339672835      0.0017073722402524       
0.7291202175547851       -0.9247516835875016      0.0017073722402524       
-0.9247516835875016      0.7291202175547851       0.0017073722402524       
-0.8043685339672835      0.7291202175547851       0.0017073722402524       
-0.8043685339672835      -0.9247516835875016      0.0017073722402524       
-0.8888326267902247      -0.7283363856641683      0.0032126236360869       
0.6171690124543929       -0.7283363856641683      0.0032126236360869       
0.6171690124543928       -0.8888326267902248      0.0032126236360869       
-0.8888326267902248      0.6171690124543929       0.0032126236360869       
-0.7283363856641681      0.6171690124543929       0.0032126236360869       
-0.7283363856641681      -0.8888326267902248      0.0032126236360869       
-0.9102360444947654      -0.6628455347665039      0.0030746975857168       
0.5730815792612693       -0.6628455347665039      0.0030746975857168       
0.5730815792612693       -0.9102360444947654      0.0030746975857168       
-0.9102360444947656      0.5730815792612693       0.0030746975857168       
-0.6628455347665038      0.5730815792612693       0.0030746975857168       
-0.6628455347665039      -0.9102360444947654      0.0030746975857168       
-0.8947099794166282      -0.5373857302236349      0.0036461978958847       
0.4320957096402632       -0.5373857302236349      0.0036461978958847       
0.4320957096402631       -0.8947099794166281      0.0036461978958847       
-0.8947099794166281      0.4320957096402631       0.0036461978958847       
-0.5373857302236350      0.4320957096402631       0.0036461978958847       
-0.5373857302236350      -0.8947099794166281      0.0036461978958847       
-0.8908111518358972      -0.4493780684769426      0.0042169491714039       
0.3401892203128398       -0.4493780684769426      0.0042169491714039       
0.3401892203128398       -0.8908111518358973      0.0042169491714039       
-0.8908111518358973      0.3401892203128398       0.0042169491714039       
-0.4493780684769425      0.3401892203128398       0.0042169491714039       
-0.4493780684769425      -0.8908111518358973      0.0042169491714039       
-0.9139257734248180      -0.3426937276720744      0.0034667366180420       
0.2566195010968924       -0.3426937276720744      0.0034667366180420       
0.2566195010968924       -0.9139257734248178      0.0034667366180420       
-0.9139257734248180      0.2566195010968924       0.0034667366180420       
-0.3426937276720744      0.2566195010968924       0.0034667366180420       
-0.3426937276720744      -0.9139257734248178      0.0034667366180420       
-0.9317166333699362      -0.2536254249583768      0.0036830397152265       
0.1853420583283131       -0.2536254249583768      0.0036830397152265       
0.1853420583283132       -0.9317166333699362      0.0036830397152265       
-0.9317166333699364      0.1853420583283132       0.0036830397152265       
-0.2536254249583768      0.1853420583283132       0.0036830397152265       
-0.2536254249583768      -0.9317166333699362      0.0036830397152265       
-0.9340582986561750      -0.1508783223942189      0.0036472682845764       
0.0849366210503938       -0.1508783223942189      0.0036472682845764       
0.0849366210503939       -0.9340582986561750      0.0036472682845764       
-0.9340582986561750      0.0849366210503939       0.0036472682845764       
-0.1508783223942188      0.0849366210503939       0.0036472682845764       
-0.1508783223942188      -0.9340582986561750      0.0036472682845764       
-0.8784224711508519      -0.7960642300745984      0.0032761141076875       
0.6744867012254503       -0.7960642300745984      0.0032761141076875       
0.6744867012254503       -0.8784224711508519      0.0032761141076875       
-0.8784224711508518      0.6744867012254503       0.0032761141076875       
-0.7960642300745985      0.6744867012254503       0.0032761141076875       
-0.7960642300745984      -0.8784224711508519      0.0032761141076875       
-0.8523138759341455      -0.6798251213162014      0.0039608047656277       
0.5321389972503470       -0.6798251213162014      0.0039608047656277       
0.5321389972503470       -0.8523138759341455      0.0039608047656277       
-0.8523138759341455      0.5321389972503470       0.0039608047656277       
-0.6798251213162014      0.5321389972503470       0.0039608047656277       
-0.6798251213162014      -0.8523138759341455      0.0039608047656277       
-0.8796262943406241      -0.6099970020369094      0.0036871036212088       
0.4896232963775336       -0.6099970020369094      0.0036871036212088       
0.4896232963775336       -0.8796262943406240      0.0036871036212088       
-0.8796262943406240      0.4896232963775335       0.0036871036212088       
-0.6099970020369095      0.4896232963775335       0.0036871036212088       
-0.6099970020369095      -0.8796262943406240      0.0036871036212088       
-0.8509224166022433      -0.4173469046054712      0.0043373532574307       
0.2682693212077144       -0.4173469046054712      0.0043373532574307       
0.2682693212077145       -0.8509224166022435      0.0043373532574307       
-0.8509224166022434      0.2682693212077145       0.0043373532574307       
-0.4173469046054711      0.2682693212077145       0.0043373532574307       
-0.4173469046054711      -0.8509224166022435      0.0043373532574307       
-0.8764502481598397      -0.3376198520005288      0.0041081520052494       
0.2140701001603685       -0.3376198520005288      0.0041081520052494       
0.2140701001603684       -0.8764502481598396      0.0041081520052494       
-0.8764502481598396      0.2140701001603684       0.0041081520052494       
-0.3376198520005288      0.2140701001603684       0.0041081520052494       
-0.3376198520005288      -0.8764502481598396      0.0041081520052494       
-0.8905964662183286      -0.2324611573650915      0.0049396059522344       
0.1230576235834200       -0.2324611573650915      0.0049396059522344       
0.1230576235834200       -0.8905964662183284      0.0049396059522344       
-0.8905964662183284      0.1230576235834200       0.0049396059522344       
-0.2324611573650916      0.1230576235834200       0.0049396059522344       
-0.2324611573650916      -0.8905964662183284      0.0049396059522344       
-0.8969275261771735      -0.1267088176602328      0.0043203270198076       
0.0236363438374063       -0.1267088176602328      0.0043203270198076       
0.0236363438374063       -0.8969275261771735      0.0043203270198076       
-0.8969275261771735      0.0236363438374063       0.0043203270198076       
-0.1267088176602328      0.0236363438374063       0.0043203270198076       
-0.1267088176602328      -0.8969275261771735      0.0043203270198076       
-0.8324462050243782      -0.7538651709718087      0.0039523342534781       
0.5863113759961869       -0.7538651709718087      0.0039523342534781       
0.5863113759961869       -0.8324462050243782      0.0039523342534781       
-0.8324462050243782      0.5863113759961869       0.0039523342534781       
-0.7538651709718087      0.5863113759961869       0.0039523342534781       
-0.7538651709718087      -0.8324462050243782      0.0039523342534781       
-0.8232112415301720      -0.6072119040586437      0.0049952261561886       
0.4304231455888156       -0.6072119040586437      0.0049952261561886       
0.4304231455888156       -0.8232112415301720      0.0049952261561886       
-0.8232112415301720      0.4304231455888156       0.0049952261561886       
-0.6072119040586437      0.4304231455888156       0.0049952261561886       
-0.6072119040586437      -0.8232112415301720      0.0049952261561886       
-0.8443008759500443      -0.5237481933299817      0.0049704532609998       
0.3680490692800260       -0.5237481933299817      0.0049704532609998       
0.3680490692800260       -0.8443008759500442      0.0049704532609998       
-0.8443008759500442      0.3680490692800260       0.0049704532609998       
-0.5237481933299818      0.3680490692800260       0.0049704532609998       
-0.5237481933299818      -0.8443008759500442      0.0049704532609998       
-0.8032604532411207      -0.4746015773852437      0.0047251842071827       
0.2778620306263644       -0.4746015773852437      0.0047251842071827       
0.2778620306263644       -0.8032604532411206      0.0047251842071827       
-0.8032604532411206      0.2778620306263644       0.0047251842071827       
-0.4746015773852438      0.2778620306263644       0.0047251842071827       
-0.4746015773852438      -0.8032604532411206      0.0047251842071827       
-0.8035477536813802      -0.3775606134662137      0.0056654834660980       
0.1811083671475939       -0.3775606134662137      0.0056654834660980       
0.1811083671475940       -0.8035477536813802      0.0056654834660980       
-0.8035477536813802      0.1811083671475939       0.0056654834660980       
-0.3775606134662137      0.1811083671475939       0.0056654834660980       
-0.3775606134662137      -0.8035477536813802      0.0056654834660980       
-0.8379630897685107      -0.2910351571989792      0.0051375917403549       
0.1289982469674900       -0.2910351571989792      0.0051375917403549       
0.1289982469674900       -0.8379630897685107      0.0051375917403549       
-0.8379630897685107      0.1289982469674900       0.0051375917403549       
-0.2910351571989792      0.1289982469674900       0.0051375917403549       
-0.2910351571989792      -0.8379630897685107      0.0051375917403549       
-0.8434895350779177      -0.1835048666660220      0.0061017848992775       
0.0269944017439396       -0.1835048666660220      0.0061017848992775       
0.0269944017439396       -0.8434895350779177      0.0061017848992775       
-0.8434895350779177      0.0269944017439396       0.0061017848992775       
-0.1835048666660220      0.0269944017439396       0.0061017848992775       
-0.1835048666660220      -0.8434895350779177      0.0061017848992775       
-0.7925149628736421      -0.6935216575183647      0.0047100612211656       
0.4860366203920067       -0.6935216575183647      0.0047100612211656       
0.4860366203920067       -0.7925149628736423      0.0047100612211656       
-0.7925149628736422      0.4860366203920068       0.0047100612211656       
-0.6935216575183646      0.4860366203920068       0.0047100612211656       
-0.6935216575183645      -0.7925149628736423      0.0047100612211656       
-0.7583316715770858      -0.6380722365218989      0.0045830312674884       
0.3964039080989848       -0.6380722365218989      0.0045830312674884       
0.3964039080989848       -0.7583316715770858      0.0045830312674884       
-0.7583316715770858      0.3964039080989848       0.0045830312674884       
-0.6380722365218989      0.3964039080989848       0.0045830312674884       
-0.6380722365218989      -0.7583316715770858      0.0045830312674884       
-0.7694973525910018      -0.5560875163904679      0.0059375102059125       
0.3255848689814698       -0.5560875163904679      0.0059375102059125       
0.3255848689814698       -0.7694973525910018      0.0059375102059125       
-0.7694973525910018      0.3255848689814698       0.0059375102059125       
-0.5560875163904679      0.3255848689814698       0.0059375102059125       
-0.5560875163904679      -0.7694973525910018      0.0059375102059125       
-0.7438611497058139      -0.4619929493701911      0.0063050643675683       
0.2058540990760049       -0.4619929493701911      0.0063050643675683       
0.2058540990760049       -0.7438611497058139      0.0063050643675683       
-0.7438611497058139      0.2058540990760049       0.0063050643675683       
-0.4619929493701911      0.2058540990760049       0.0063050643675683       
-0.4619929493701911      -0.7438611497058139      0.0063050643675683       
-0.7839275852673556      -0.2675300721228172      0.0063743240368444       
0.0514576573901728       -0.2675300721228172      0.0063743240368444       
0.0514576573901728       -0.7839275852673556      0.0063743240368444       
-0.7839275852673556      0.0514576573901728       0.0063743240368444       
-0.2675300721228172      0.0514576573901728       0.0063743240368444       
-0.2675300721228172      -0.7839275852673556      0.0063743240368444       
-0.7790471545230946      -0.1689371326310292      0.0065666171941667       
-0.0520157128458762      -0.1689371326310292      0.0065666171941667       
-0.0520157128458762      -0.7790471545230946      0.0065666171941667       
-0.7790471545230946      -0.0520157128458762      0.0065666171941667       
-0.1689371326310292      -0.0520157128458762      0.0065666171941667       
-0.1689371326310291      -0.7790471545230946      0.0065666171941667       
-0.6951570583000066      -0.6347110739265636      0.0056762852900915       
0.3298681322265702       -0.6347110739265636      0.0056762852900915       
0.3298681322265702       -0.6951570583000066      0.0056762852900915       
-0.6951570583000066      0.3298681322265702       0.0056762852900915       
-0.6347110739265636      0.3298681322265702       0.0056762852900915       
-0.6347110739265636      -0.6951570583000066      0.0056762852900915       
-0.6962494375240225      -0.5497685994278187      0.0068499481852122       
0.2460180369518412       -0.5497685994278187      0.0068499481852122       
0.2460180369518412       -0.6962494375240225      0.0068499481852122       
-0.6962494375240225      0.2460180369518412       0.0068499481852122       
-0.5497685994278187      0.2460180369518412       0.0068499481852122       
-0.5497685994278187      -0.6962494375240225      0.0068499481852122       
-0.7425926612124514      -0.3633768781532776      0.0065700257035174       
0.1059695393657290       -0.3633768781532776      0.0065700257035174       
0.1059695393657290       -0.7425926612124514      0.0065700257035174       
-0.7425926612124514      0.1059695393657290       0.0065700257035174       
-0.3633768781532776      0.1059695393657290       0.0065700257035174       
-0.3633768781532776      -0.7425926612124514      0.0065700257035174       
-0.7125564714302920      -0.2708472347847810      0.0073607043291117       
-0.0165962937849270      -0.2708472347847810      0.0073607043291117       
-0.0165962937849270      -0.7125564714302920      0.0073607043291117       
-0.7125564714302920      -0.0165962937849269      0.0073607043291117       
-0.2708472347847810      -0.0165962937849269      0.0073607043291117       
-0.2708472347847810      -0.7125564714302920      0.0073607043291117       
-0.7180193242273863      -0.1730499019942538      0.0048599071135894       
-0.1089307737783599      -0.1730499019942538      0.0048599071135894       
-0.1089307737783599      -0.7180193242273862      0.0048599071135894       
-0.7180193242273862      -0.1089307737783600      0.0048599071135894       
-0.1730499019942538      -0.1089307737783600      0.0048599071135894       
-0.1730499019942538      -0.7180193242273862      0.0048599071135894       
-0.6738266534270255      -0.4562625740086603      0.0066900337135041       
0.1300892274356858       -0.4562625740086603      0.0066900337135041       
0.1300892274356858       -0.6738266534270254      0.0066900337135041       
-0.6738266534270255      0.1300892274356858       0.0066900337135041       
-0.4562625740086602      0.1300892274356858       0.0066900337135041       
-0.4562625740086602      -0.6738266534270254      0.0066900337135041       
-0.6714613255546914      -0.3698078706625392      0.0063405862943944       
0.0412691962172307       -0.3698078706625392      0.0063405862943944       
0.0412691962172307       -0.6714613255546915      0.0063405862943944       
-0.6714613255546914      0.0412691962172307       0.0063405862943944       
-0.3698078706625393      0.0412691962172307       0.0063405862943944       
-0.3698078706625393      -0.6714613255546915      0.0063405862943944       
-0.6170399082652794      -0.5323316881757036      0.0070027086613116       
0.1493715964409832       -0.5323316881757036      0.0070027086613116       
0.1493715964409832       -0.6170399082652795      0.0070027086613116       
-0.6170399082652794      0.1493715964409832       0.0070027086613116       
-0.5323316881757038      0.1493715964409832       0.0070027086613116       
-0.5323316881757038      -0.6170399082652795      0.0070027086613116       
-0.5903052209447114      -0.4413844442157377      0.0083389794159308       
0.0316896651604490       -0.4413844442157377      0.0083389794159308       
0.0316896651604490       -0.5903052209447113      0.0083389794159308       
-0.5903052209447114      0.0316896651604490       0.0083389794159308       
-0.4413844442157376      0.0316896651604490       0.0083389794159308       
-0.4413844442157376      -0.5903052209447113      0.0083389794159308       
-0.6190431486379585      -0.3282184014153793      0.0074765111018124       
-0.0527384499466622      -0.3282184014153793      0.0074765111018124       
-0.0527384499466622      -0.6190431486379584      0.0074765111018124       
-0.6190431486379585      -0.0527384499466623      0.0074765111018124       
-0.3282184014153793      -0.0527384499466623      0.0074765111018124       
-0.3282184014153793      -0.6190431486379584      0.0074765111018124       
-0.6514149115854120      -0.2293441849382820      0.0068144643731203       
-0.1192409034763058      -0.2293441849382820      0.0068144643731203       
-0.1192409034763058      -0.6514149115854120      0.0068144643731203       
-0.6514149115854120      -0.1192409034763058      0.0068144643731203       
-0.2293441849382820      -0.1192409034763058      0.0068144643731203       
-0.2293441849382820      -0.6514149115854120      0.0068144643731203       
-0.5317265507630151      -0.3885533867427875      0.0079069363326894       
-0.0797200624941973      -0.3885533867427875      0.0079069363326894       
-0.0797200624941973      -0.5317265507630151      0.0079069363326894       
-0.5317265507630151      -0.0797200624941973      0.0079069363326894       
-0.3885533867427876      -0.0797200624941973      0.0079069363326894       
-0.3885533867427876      -0.5317265507630151      0.0079069363326894       
-0.5561486575622487      -0.2879198570886299      0.0070434033194462       
-0.1559314853491214      -0.2879198570886299      0.0070434033194462       
-0.1559314853491214      -0.5561486575622487      0.0070434033194462       
-0.5561486575622487      -0.1559314853491214      0.0070434033194462       
-0.2879198570886299      -0.1559314853491214      0.0070434033194462       
-0.2879198570886299      -0.5561486575622487      0.0070434033194462       
-0.4671735081277957      -0.3446735396377452      0.0069268147605376       
-0.1881529522344592      -0.3446735396377452      0.0069268147605376       
-0.1881529522344592      -0.4671735081277957      0.0069268147605376       
-0.4671735081277957      -0.1881529522344592      0.0069268147605376       
-0.3446735396377452      -0.1881529522344592      0.0069268147605376       
-0.3446735396377452      -0.4671735081277957      0.0069268147605376       
