centroid    numS21      numS111     
true (1)    40 (3)      160 (6)     

x                        y                        w                        
-0.9981580550174874      0.9963161100349746       0.0000223305690828       
-0.9981580550174874      -0.9981580550174874      0.0000223305690828       
0.9963161100349746       -0.9981580550174874      0.0000223305690828       
-0.9903786324208774      0.9807572648417546       0.0001186570630713       
-0.9903786324208774      -0.9903786324208774      0.0001186570630713       
0.9807572648417546       -0.9903786324208774      0.0001186570630713       
-0.9770336393544506      0.9540672787089010       0.0002749637909534       
-0.9770336393544506      -0.9770336393544506      0.0002749637909534       
0.9540672787089010       -0.9770336393544506      0.0002749637909534       
-0.9587875117551702      0.9175750235103406       0.0004737254741926       
-0.9587875117551702      -0.9587875117551702      0.0004737254741926       
0.9175750235103406       -0.9587875117551702      0.0004737254741926       
-0.9360465094773404      0.8720930189546807       0.0006855502112386       
-0.9360465094773402      -0.9360465094773404      0.0006855502112386       
0.8720930189546807       -0.9360465094773404      0.0006855502112386       
-0.9122549362908084      0.8245098725816169       0.0010334900118503       
-0.9122549362908084      -0.9122549362908084      0.0010334900118503       
0.8245098725816168       -0.9122549362908084      0.0010334900118503       
-0.8741703647913769      0.7483407295827538       0.0011954921733280       
-0.8741703647913769      -0.8741703647913769      0.0011954921733280       
0.7483407295827539       -0.8741703647913769      0.0011954921733280       
-0.8417060423279282      0.6834120846558565       0.0017528834803958       
-0.8417060423279282      -0.8417060423279282      0.0017528834803958       
0.6834120846558563       -0.8417060423279282      0.0017528834803958       
-0.7980211298610111      0.5960422597220223       0.0018039408678081       
-0.7980211298610111      -0.7980211298610111      0.0018039408678081       
0.5960422597220223       -0.7980211298610111      0.0018039408678081       
-0.7612629425411745      0.5225258850823491       0.0024629414575390       
-0.7612629425411745      -0.7612629425411745      0.0024629414575390       
0.5225258850823491       -0.7612629425411745      0.0024629414575390       
-0.7202663013892492      0.4405326027784984       0.0029304300685947       
-0.7202663013892492      -0.7202663013892492      0.0029304300685947       
0.4405326027784984       -0.7202663013892492      0.0029304300685947       
-0.6823327060858481      0.3646654121716961       0.0034940737753451       
-0.6823327060858480      -0.6823327060858482      0.0034940737753451       
0.3646654121716960       -0.6823327060858482      0.0034940737753451       
-0.6412121786469829      0.2824243572939658       0.0039086447300848       
-0.6412121786469829      -0.6412121786469829      0.0039086447300848       
0.2824243572939658       -0.6412121786469829      0.0039086447300848       
-0.5983637812336914      0.1967275624673828       0.0042735125696447       
-0.5983637812336914      -0.5983637812336915      0.0042735125696447       
0.1967275624673828       -0.5983637812336915      0.0042735125696447       
-0.5543720151994396      0.1087440303988791       0.0045942404902456       
-0.5543720151994396      -0.5543720151994396      0.0045942404902456       
0.1087440303988791       -0.5543720151994396      0.0045942404902456       
-0.5097491135343550      0.0194982270687100       0.0048676457739407       
-0.5097491135343550      -0.5097491135343550      0.0048676457739407       
0.0194982270687100       -0.5097491135343550      0.0048676457739407       
-0.4649291187837902      -0.0701417624324196      0.0050885770401114       
-0.4649291187837902      -0.4649291187837901      0.0050885770401114       
-0.0701417624324196      -0.4649291187837901      0.0050885770401114       
-0.4203229632247397      -0.1593540735505206      0.0052513915258825       
-0.4203229632247397      -0.4203229632247396      0.0052513915258825       
-0.1593540735505206      -0.4203229632247396      0.0052513915258825       
-0.3763328738715376      -0.2473342522569248      0.0025688298996286       
-0.3763328738715376      -0.3763328738715375      0.0025688298996286       
-0.2473342522569248      -0.3763328738715375      0.0025688298996286       
-0.3763318429817856      -0.2473363140364288      0.0027826461218827       
-0.3763318429817856      -0.3763318429817856      0.0027826461218827       
-0.2473363140364288      -0.3763318429817856      0.0027826461218827       
-0.0006579986495634      -0.9986840027008732      0.0003028360019321       
-0.0006579986495634      -0.0006579986495634      0.0003028360019321       
-0.9986840027008732      -0.0006579986495634      0.0003028360019321       
-0.0039989962684022      -0.9920020074631956      0.0002936087153159       
-0.0039989962684022      -0.0039989962684022      0.0002936087153159       
-0.9920020074631956      -0.0039989962684022      0.0002936087153159       
-0.0076905662559618      -0.9846188674880764      0.0006310645792985       
-0.0076905662559618      -0.0076905662559618      0.0006310645792985       
-0.9846188674880764      -0.0076905662559618      0.0006310645792985       
-0.0141723012641648      -0.9716553974716704      0.0013785314461249       
-0.0141723012641648      -0.0141723012641648      0.0013785314461249       
-0.9716553974716704      -0.0141723012641648      0.0013785314461249       
-0.0225428427158905      -0.9549143145682190      0.0005881395337841       
-0.0225428427158905      -0.0225428427158905      0.0005881395337841       
-0.9549143145682190      -0.0225428427158905      0.0005881395337841       
-0.0291798436459878      -0.9416403127080244      0.0016773608312562       
-0.0291798436459878      -0.0291798436459878      0.0016773608312562       
-0.9416403127080244      -0.0291798436459878      0.0016773608312562       
-0.0444997939533362      -0.9110004120933274      0.0025808123867552       
-0.0444997939533362      -0.0444997939533362      0.0025808123867552       
-0.9110004120933274      -0.0444997939533362      0.0025808123867552       
-0.0636566458605433      -0.8726867082789134      0.0011109130122278       
-0.0636566458605433      -0.0636566458605433      0.0011109130122278       
-0.8726867082789134      -0.0636566458605433      0.0011109130122278       
-0.0646540075607285      -0.8706919848785430      0.0020625537859528       
-0.0646540075607285      -0.0646540075607285      0.0020625537859528       
-0.8706919848785430      -0.0646540075607285      0.0020625537859528       
-0.0878853282037456      -0.8242293435925088      0.0036717829291405       
-0.0878853282037456      -0.0878853282037456      0.0036717829291405       
-0.8242293435925088      -0.0878853282037456      0.0036717829291405       
-0.1147518360430690      -0.7704963279138619      0.0011315817762134       
-0.1147518360430690      -0.1147518360430690      0.0011315817762134       
-0.7704963279138619      -0.1147518360430690      0.0011315817762134       
-0.1149234632660804      -0.7701530734678392      0.0029816446832762       
-0.1149234632660804      -0.1149234632660803      0.0029816446832762       
-0.7701530734678392      -0.1149234632660803      0.0029816446832762       
-0.1457562374426953      -0.7084875251146094      0.0030224484688887       
-0.1457562374426953      -0.1457562374426953      0.0030224484688887       
-0.7084875251146094      -0.1457562374426953      0.0030224484688887       
-0.1437233229935477      -0.7125533540129045      0.0014934052954441       
-0.1437233229935477      -0.1437233229935477      0.0014934052954441       
-0.7125533540129045      -0.1437233229935477      0.0014934052954441       
-0.1781576699155901      -0.6436846601688198      0.0048135019632801       
-0.1781576699155901      -0.1781576699155902      0.0048135019632801       
-0.6436846601688198      -0.1781576699155902      0.0048135019632801       
-0.2137875932602046      -0.5724248134795908      0.0050656109126144       
-0.2137875932602046      -0.2137875932602045      0.0050656109126144       
-0.5724248134795908      -0.2137875932602045      0.0050656109126144       
-0.0040011229726860      -0.9919977540546280      0.0002981632863538       
-0.0040011229726860      -0.0040011229726860      0.0002981632863538       
-0.9919977540546280      -0.0040011229726860      0.0002981632863538       
-0.2517239933748160      -0.4965520132503680      0.0052422368547802       
-0.2517239933748160      -0.2517239933748160      0.0052422368547802       
-0.4965520132503680      -0.2517239933748160      0.0052422368547802       
-0.2889791212187574      -0.4220417575624853      0.0004908414776470       
-0.2889791212187574      -0.2889791212187574      0.0004908414776470       
-0.4220417575624853      -0.2889791212187574      0.0004908414776470       
-0.2919612122229348      -0.4160775755541304      0.0048682553154514       
-0.2919612122229348      -0.2919612122229348      0.0048682553154514       
-0.4160775755541304      -0.2919612122229348      0.0048682553154514       
-0.9981719318475984      -0.9903078161846766      0.0000514564913821       
0.9884797480322748       -0.9903078161846766      0.0000514564913821       
0.9884797480322748       -0.9981719318475984      0.0000514564913821       
-0.9981719318475982      0.9884797480322748       0.0000514564913821       
-0.9903078161846766      0.9884797480322748       0.0000514564913821       
-0.9903078161846766      -0.9981719318475984      0.0000514564913821       
-0.9982198975603414      -0.9762347493952224      0.0000783625728165       
0.9744546469555638       -0.9762347493952224      0.0000783625728165       
0.9744546469555638       -0.9982198975603414      0.0000783625728165       
-0.9982198975603414      0.9744546469555638       0.0000783625728165       
-0.9762347493952224      0.9744546469555638       0.0000783625728165       
-0.9762347493952224      -0.9982198975603414      0.0000783625728165       
-0.9982812694903922      -0.9560132858770302      0.0001026079528124       
0.9542945553674224       -0.9560132858770302      0.0001026079528124       
0.9542945553674224       -0.9982812694903922      0.0001026079528124       
-0.9982812694903922      0.9542945553674224       0.0001026079528124       
-0.9560132858770302      0.9542945553674224       0.0001026079528124       
-0.9560132858770302      -0.9982812694903922      0.0001026079528124       
-0.9983018424889984      -0.9297490403174981      0.0001272786173222       
0.9280508828064964       -0.9297490403174981      0.0001272786173222       
0.9280508828064966       -0.9983018424889984      0.0001272786173222       
-0.9983018424889984      0.9280508828064964       0.0001272786173222       
-0.9297490403174981      0.9280508828064964       0.0001272786173222       
-0.9297490403174981      -0.9983018424889984      0.0001272786173222       
-0.9988274952847800      -0.8975241220005028      0.0001086848180320       
0.8963516172852828       -0.8975241220005028      0.0001086848180320       
0.8963516172852829       -0.9988274952847798      0.0001086848180320       
-0.9988274952847798      0.8963516172852828       0.0001086848180320       
-0.8975241220005029      0.8963516172852828       0.0001086848180320       
-0.8975241220005029      -0.9988274952847798      0.0001086848180320       
-0.9982762052258192      -0.8597591990098195      0.0001795765702009       
0.8580354042356386       -0.8597591990098195      0.0001795765702009       
0.8580354042356386       -0.9982762052258192      0.0001795765702009       
-0.9982762052258192      0.8580354042356386       0.0001795765702009       
-0.8597591990098193      0.8580354042356386       0.0001795765702009       
-0.8597591990098195      -0.9982762052258192      0.0001795765702009       
-0.9991233033595222      -0.8162441529570394      0.0001152226004350       
0.8153674563165616       -0.8162441529570394      0.0001152226004350       
0.8153674563165616       -0.9991233033595222      0.0001152226004350       
-0.9991233033595222      0.8153674563165616       0.0001152226004350       
-0.8162441529570394      0.8153674563165616       0.0001152226004350       
-0.8162441529570394      -0.9991233033595222      0.0001152226004350       
-0.9980714821596888      -0.7684328414166970      0.0002495786152012       
0.7665043235763858       -0.7684328414166970      0.0002495786152012       
0.7665043235763858       -0.9980714821596888      0.0002495786152012       
-0.9980714821596885      0.7665043235763858       0.0002495786152012       
-0.7684328414166971      0.7665043235763858       0.0002495786152012       
-0.7684328414166970      -0.9980714821596888      0.0002495786152012       
-0.9989435573977536      -0.7153344524592433      0.0001621522453841       
0.7142780098569970       -0.7153344524592433      0.0001621522453841       
0.7142780098569970       -0.9989435573977536      0.0001621522453841       
-0.9989435573977536      0.7142780098569970       0.0001621522453841       
-0.7153344524592433      0.7142780098569970       0.0001621522453841       
-0.7153344524592433      -0.9989435573977536      0.0001621522453841       
-0.9983487847066710      -0.6588395683537698      0.0002444099875749       
0.6571883530604408       -0.6588395683537698      0.0002444099875749       
0.6571883530604408       -0.9983487847066710      0.0002444099875749       
-0.9983487847066710      0.6571883530604408       0.0002444099875749       
-0.6588395683537698      0.6571883530604408       0.0002444099875749       
-0.6588395683537698      -0.9983487847066710      0.0002444099875749       
-0.9981379851469232      -0.5985989598737167      0.0002966346684732       
0.5967369450206399       -0.5985989598737167      0.0002966346684732       
0.5967369450206399       -0.9981379851469232      0.0002966346684732       
-0.9981379851469232      0.5967369450206399       0.0002966346684732       
-0.5985989598737167      0.5967369450206399       0.0002966346684732       
-0.5985989598737167      -0.9981379851469232      0.0002966346684732       
-0.9996085275049162      -0.5341615175293839      0.0001223380123378       
0.5337700450343001       -0.5341615175293839      0.0001223380123378       
0.5337700450343001       -0.9996085275049162      0.0001223380123378       
-0.9996085275049162      0.5337700450343001       0.0001223380123378       
-0.5341615175293839      0.5337700450343001       0.0001223380123378       
-0.5341615175293839      -0.9996085275049162      0.0001223380123378       
-0.9976943175650286      -0.4727311555520631      0.0003689324842956       
0.4704254731170917       -0.4727311555520631      0.0003689324842956       
0.4704254731170916       -0.9976943175650286      0.0003689324842956       
-0.9976943175650284      0.4704254731170916       0.0003689324842956       
-0.4727311555520631      0.4704254731170916       0.0003689324842956       
-0.4727311555520631      -0.9976943175650286      0.0003689324842956       
-0.9989612399629783      -0.4099186744803572      0.0001943836823624       
0.4088799144433352       -0.4099186744803572      0.0001943836823624       
0.4088799144433352       -0.9989612399629783      0.0001943836823624       
-0.9989612399629783      0.4088799144433352       0.0001943836823624       
-0.4099186744803572      0.4088799144433352       0.0001943836823624       
-0.4099186744803572      -0.9989612399629783      0.0001943836823624       
-0.9994787622131504      -0.3400650268725091      0.0001219521890514       
0.3395437890856596       -0.3400650268725091      0.0001219521890514       
0.3395437890856596       -0.9994787622131506      0.0001219521890514       
-0.9994787622131506      0.3395437890856596       0.0001219521890514       
-0.3400650268725090      0.3395437890856596       0.0001219521890514       
-0.3400650268725090      -0.9994787622131506      0.0001219521890514       
-0.9966895976699675      -0.3077736510894806      0.0003858436849544       
0.3044632487594481       -0.3077736510894806      0.0003858436849544       
0.3044632487594481       -0.9966895976699675      0.0003858436849544       
-0.9966895976699675      0.3044632487594481       0.0003858436849544       
-0.3077736510894806      0.3044632487594481       0.0003858436849544       
-0.3077736510894806      -0.9966895976699675      0.0003858436849544       
-0.9992908274211840      -0.2462196751432302      0.0001796130182021       
0.2455105025644142       -0.2462196751432302      0.0001796130182021       
0.2455105025644142       -0.9992908274211840      0.0001796130182021       
-0.9992908274211840      0.2455105025644142       0.0001796130182021       
-0.2462196751432303      0.2455105025644142       0.0001796130182021       
-0.2462196751432303      -0.9992908274211840      0.0001796130182021       
-0.9982042906772514      -0.1671387989685290      0.0003519122409451       
0.1653430896457804       -0.1671387989685290      0.0003519122409451       
0.1653430896457804       -0.9982042906772514      0.0003519122409451       
-0.9982042906772514      0.1653430896457804       0.0003519122409451       
-0.1671387989685290      0.1653430896457804       0.0003519122409451       
-0.1671387989685290      -0.9982042906772514      0.0003519122409451       
-0.9993333513671224      -0.0902990971982070      0.0001694836801756       
0.0896324485653293       -0.0902990971982070      0.0001694836801756       
0.0896324485653293       -0.9993333513671222      0.0001694836801756       
-0.9993333513671222      0.0896324485653293       0.0001694836801756       
-0.0902990971982071      0.0896324485653293       0.0001694836801756       
-0.0902990971982070      -0.9993333513671222      0.0001694836801756       
-0.9906368122680054      -0.9764010653556184      0.0001805260905554       
0.9670378776236236       -0.9764010653556184      0.0001805260905554       
0.9670378776236236       -0.9906368122680054      0.0001805260905554       
-0.9906368122680054      0.9670378776236236       0.0001805260905554       
-0.9764010653556184      0.9670378776236236       0.0001805260905554       
-0.9764010653556184      -0.9906368122680054      0.0001805260905554       
-0.9909441575064514      -0.9563302842178318      0.0002366446459954       
0.9472744417242834       -0.9563302842178318      0.0002366446459954       
0.9472744417242834       -0.9909441575064514      0.0002366446459954       
-0.9909441575064516      0.9472744417242834       0.0002366446459954       
-0.9563302842178318      0.9472744417242834       0.0002366446459954       
-0.9563302842178318      -0.9909441575064514      0.0002366446459954       
-0.9910929462744172      -0.9303397729629518      0.0002901462118855       
0.9214327192373690       -0.9303397729629518      0.0002901462118855       
0.9214327192373690       -0.9910929462744172      0.0002901462118855       
-0.9910929462744172      0.9214327192373690       0.0002901462118855       
-0.9303397729629518      0.9214327192373690       0.0002901462118855       
-0.9303397729629518      -0.9910929462744172      0.0002901462118855       
-0.9932437174998702      -0.8983070598033245      0.0002862966637697       
0.8915507773031948       -0.8983070598033245      0.0002862966637697       
0.8915507773031948       -0.9932437174998702      0.0002862966637697       
-0.9932437174998702      0.8915507773031948       0.0002862966637697       
-0.8983070598033245      0.8915507773031948       0.0002862966637697       
-0.8983070598033245      -0.9932437174998702      0.0002862966637697       
-0.9909178512875204      -0.8615039156833642      0.0004097796181656       
0.8524217669708845       -0.8615039156833642      0.0004097796181656       
0.8524217669708845       -0.9909178512875204      0.0004097796181656       
-0.9909178512875202      0.8524217669708845       0.0004097796181656       
-0.8615039156833643      0.8524217669708845       0.0004097796181656       
-0.8615039156833642      -0.9909178512875204      0.0004097796181656       
-0.9939715684126804      -0.8180256917761197      0.0003652131842401       
0.8119972601888001       -0.8180256917761197      0.0003652131842401       
0.8119972601888001       -0.9939715684126804      0.0003652131842401       
-0.9939715684126804      0.8119972601888001       0.0003652131842401       
-0.8180256917761197      0.8119972601888001       0.0003652131842401       
-0.8180256917761197      -0.9939715684126804      0.0003652131842401       
-0.9899282262967616      -0.7718595146008889      0.0005644764047266       
0.7617877408976506       -0.7718595146008889      0.0005644764047266       
0.7617877408976506       -0.9899282262967616      0.0005644764047266       
-0.9899282262967616      0.7617877408976506       0.0005644764047266       
-0.7718595146008889      0.7617877408976506       0.0005644764047266       
-0.7718595146008889      -0.9899282262967616      0.0005644764047266       
-0.9930723765758702      -0.7179776950100203      0.0004961309374685       
0.7110500715858905       -0.7179776950100203      0.0004961309374685       
0.7110500715858905       -0.9930723765758702      0.0004961309374685       
-0.9930723765758704      0.7110500715858905       0.0004961309374685       
-0.7179776950100202      0.7110500715858905       0.0004961309374685       
-0.7179776950100203      -0.9930723765758702      0.0004961309374685       
-0.9918512045624960      -0.6617854332155051      0.0005019105377303       
0.6536366377780012       -0.6617854332155051      0.0005019105377303       
0.6536366377780013       -0.9918512045624960      0.0005019105377303       
-0.9918512045624960      0.6536366377780012       0.0005019105377303       
-0.6617854332155052      0.6536366377780012       0.0005019105377303       
-0.6617854332155052      -0.9918512045624960      0.0005019105377303       
-0.9900417954625760      -0.6034166988231073      0.0006898677427891       
0.5934584942856833       -0.6034166988231073      0.0006898677427891       
0.5934584942856833       -0.9900417954625760      0.0006898677427891       
-0.9900417954625760      0.5934584942856833       0.0006898677427891       
-0.6034166988231073      0.5934584942856833       0.0006898677427891       
-0.6034166988231073      -0.9900417954625760      0.0006898677427891       
-0.9942365907224320      -0.5396710128298936      0.0005458932149420       
0.5339076035523256       -0.5396710128298936      0.0005458932149420       
0.5339076035523256       -0.9942365907224320      0.0005458932149420       
-0.9942365907224320      0.5339076035523256       0.0005458932149420       
-0.5396710128298936      0.5339076035523256       0.0005458932149420       
-0.5396710128298936      -0.9942365907224320      0.0005458932149420       
-0.9878610881522314      -0.5051355660892982      0.0004927836048699       
0.4929966542415296       -0.5051355660892982      0.0004927836048699       
0.4929966542415296       -0.9878610881522314      0.0004927836048699       
-0.9878610881522314      0.4929966542415296       0.0004927836048699       
-0.5051355660892982      0.4929966542415296       0.0004927836048699       
-0.5051355660892982      -0.9878610881522314      0.0004927836048699       
-0.9899879041059576      -0.4481706453167230      0.0007325407250813       
0.4381585494226807       -0.4481706453167230      0.0007325407250813       
0.4381585494226808       -0.9899879041059578      0.0007325407250813       
-0.9899879041059578      0.4381585494226808       0.0007325407250813       
-0.4481706453167230      0.4381585494226808       0.0007325407250813       
-0.4481706453167230      -0.9899879041059578      0.0007325407250813       
-0.9941177892211084      -0.3822429723479279      0.0005926542890093       
0.3763607615690363       -0.3822429723479279      0.0005926542890093       
0.3763607615690363       -0.9941177892211084      0.0005926542890093       
-0.9941177892211084      0.3763607615690363       0.0005926542890093       
-0.3822429723479279      0.3763607615690363       0.0005926542890093       
-0.3822429723479279      -0.9941177892211084      0.0005926542890093       
-0.9891980088349590      -0.3116336066845886      0.0006093957631390       
0.3008316155195476       -0.3116336066845886      0.0006093957631390       
0.3008316155195476       -0.9891980088349590      0.0006093957631390       
-0.9891980088349590      0.3008316155195476       0.0006093957631390       
-0.3116336066845886      0.3008316155195476       0.0006093957631390       
-0.3116336066845886      -0.9891980088349590      0.0006093957631390       
-0.9940192793002242      -0.2341936378270036      0.0005792510876991       
0.2282129171272278       -0.2341936378270036      0.0005792510876991       
0.2282129171272278       -0.9940192793002242      0.0005792510876991       
-0.9940192793002242      0.2282129171272278       0.0005792510876991       
-0.2341936378270036      0.2282129171272278       0.0005792510876991       
-0.2341936378270036      -0.9940192793002242      0.0005792510876991       
-0.9914371230763592      -0.1486639273823110      0.0007421201403726       
0.1401010504586702       -0.1486639273823110      0.0007421201403726       
0.1401010504586702       -0.9914371230763592      0.0007421201403726       
-0.9914371230763592      0.1401010504586702       0.0007421201403726       
-0.1486639273823110      0.1401010504586702       0.0007421201403726       
-0.1486639273823110      -0.9914371230763592      0.0007421201403726       
-0.9950732385576858      -0.0741053694955556      0.0005536050058797       
0.0691786080532413       -0.0741053694955556      0.0005536050058797       
0.0691786080532413       -0.9950732385576858      0.0005536050058797       
-0.9950732385576856      0.0691786080532413       0.0005536050058797       
-0.0741053694955557      0.0691786080532413       0.0005536050058797       
-0.0741053694955557      -0.9950732385576858      0.0005536050058797       
-0.9777526568198596      -0.9574654480436656      0.0003617219536864       
0.9352181048635250       -0.9574654480436656      0.0003617219536864       
0.9352181048635250       -0.9777526568198596      0.0003617219536864       
-0.9777526568198596      0.9352181048635250       0.0003617219536864       
-0.9574654480436654      0.9352181048635250       0.0003617219536864       
-0.9574654480436656      -0.9777526568198596      0.0003617219536864       
-0.9782288324905946      -0.9320495774650726      0.0004424904374469       
0.9102784099556672       -0.9320495774650726      0.0004424904374469       
0.9102784099556672       -0.9782288324905946      0.0004424904374469       
-0.9782288324905946      0.9102784099556672       0.0004424904374469       
-0.9320495774650724      0.9102784099556672       0.0004424904374469       
-0.9320495774650726      -0.9782288324905946      0.0004424904374469       
-0.9820500562663677      -0.9002758372530928      0.0004811020600194       
0.8823258935194604       -0.9002758372530928      0.0004811020600194       
0.8823258935194604       -0.9820500562663677      0.0004811020600194       
-0.9820500562663677      0.8823258935194604       0.0004811020600194       
-0.9002758372530928      0.8823258935194604       0.0004811020600194       
-0.9002758372530928      -0.9820500562663677      0.0004811020600194       
-0.9777936063957174      -0.8646585509894249      0.0006210029754015       
0.8424521573851422       -0.8646585509894249      0.0006210029754015       
0.8424521573851422       -0.9777936063957174      0.0006210029754015       
-0.9777936063957172      0.8424521573851422       0.0006210029754015       
-0.8646585509894250      0.8424521573851422       0.0006210029754015       
-0.8646585509894249      -0.9777936063957174      0.0006210029754015       
-0.9828248621367310      -0.8215724375648179      0.0006322371385337       
0.8043972997015489       -0.8215724375648179      0.0006322371385337       
0.8043972997015491       -0.9828248621367310      0.0006322371385337       
-0.9828248621367310      0.8043972997015489       0.0006322371385337       
-0.8215724375648180      0.8043972997015489       0.0006322371385337       
-0.8215724375648180      -0.9828248621367310      0.0006322371385337       
-0.9756062774664500      -0.7780771506685513      0.0008233285088595       
0.7536834281350013       -0.7780771506685513      0.0008233285088595       
0.7536834281350013       -0.9756062774664500      0.0008233285088595       
-0.9756062774664500      0.7536834281350013       0.0008233285088595       
-0.7780771506685513      0.7536834281350013       0.0008233285088595       
-0.7780771506685513      -0.9756062774664500      0.0008233285088595       
-0.9806385521004440      -0.7250584074462323      0.0008357914306782       
0.7056969595466762       -0.7250584074462323      0.0008357914306782       
0.7056969595466762       -0.9806385521004440      0.0008357914306782       
-0.9806385521004440      0.7056969595466762       0.0008357914306782       
-0.7250584074462323      0.7056969595466762       0.0008357914306782       
-0.7250584074462323      -0.9806385521004440      0.0008357914306782       
-0.9812155141983654      -0.6701725828410039      0.0007395274715657       
0.6513880970393693       -0.6701725828410039      0.0007395274715657       
0.6513880970393693       -0.9812155141983654      0.0007395274715657       
-0.9812155141983656      0.6513880970393693       0.0007395274715657       
-0.6701725828410038      0.6513880970393693       0.0007395274715657       
-0.6701725828410039      -0.9812155141983654      0.0007395274715657       
-0.9756779502750930      -0.6193438403791591      0.0009340832361139       
0.5950217906542521       -0.6193438403791591      0.0009340832361139       
0.5950217906542521       -0.9756779502750930      0.0009340832361139       
-0.9756779502750930      0.5950217906542521       0.0009340832361139       
-0.6193438403791591      0.5950217906542521       0.0009340832361139       
-0.6193438403791591      -0.9756779502750930      0.0009340832361139       
-0.9801981841737351      -0.5578608088943553      0.0009579367058116       
0.5380589930680904       -0.5578608088943553      0.0009579367058116       
0.5380589930680904       -0.9801981841737351      0.0009579367058116       
-0.9801981841737351      0.5380589930680904       0.0009579367058116       
-0.5578608088943554      0.5380589930680904       0.0009579367058116       
-0.5578608088943553      -0.9801981841737351      0.0009579367058116       
-0.9783981080324642      -0.4978095448591571      0.0005910921466588       
0.4762076528916213       -0.4978095448591571      0.0005910921466588       
0.4762076528916213       -0.9783981080324642      0.0005910921466588       
-0.9783981080324642      0.4762076528916213       0.0005910921466588       
-0.4978095448591571      0.4762076528916213       0.0005910921466588       
-0.4978095448591571      -0.9783981080324642      0.0005910921466588       
-0.9743950605647645      -0.4435484435545560      0.0011336610670808       
0.4179435041193207       -0.4435484435545560      0.0011336610670808       
0.4179435041193207       -0.9743950605647645      0.0011336610670808       
-0.9743950605647645      0.4179435041193207       0.0011336610670808       
-0.4435484435545560      0.4179435041193207       0.0011336610670808       
-0.4435484435545560      -0.9743950605647645      0.0011336610670808       
-0.9822518689442270      -0.3819615632148987      0.0010362912737686       
0.3642134321591257       -0.3819615632148987      0.0010362912737686       
0.3642134321591257       -0.9822518689442270      0.0010362912737686       
-0.9822518689442270      0.3642134321591257       0.0010362912737686       
-0.3819615632148987      0.3642134321591257       0.0010362912737686       
-0.3819615632148987      -0.9822518689442270      0.0010362912737686       
-0.9838462143163388      -0.3085031094427434      0.0004416759627198       
0.2923493237590824       -0.3085031094427434      0.0004416759627198       
0.2923493237590824       -0.9838462143163390      0.0004416759627198       
-0.9838462143163390      0.2923493237590824       0.0004416759627198       
-0.3085031094427434      0.2923493237590824       0.0004416759627198       
-0.3085031094427434      -0.9838462143163390      0.0004416759627198       
-0.9858496770191024      -0.2309023971734134      0.0006689817544818       
0.2167520741925157       -0.2309023971734134      0.0006689817544818       
0.2167520741925158       -0.9858496770191024      0.0006689817544818       
-0.9858496770191024      0.2167520741925158       0.0006689817544818       
-0.2309023971734133      0.2167520741925158       0.0006689817544818       
-0.2309023971734133      -0.9858496770191024      0.0006689817544818       
-0.9802868999912830      -0.1745533966772024      0.0009488002934549       
0.1548402966684855       -0.1745533966772024      0.0009488002934549       
0.1548402966684854       -0.9802868999912830      0.0009488002934549       
-0.9802868999912830      0.1548402966684854       0.0009488002934549       
-0.1745533966772025      0.1548402966684854       0.0009488002934549       
-0.1745533966772025      -0.9802868999912830      0.0009488002934549       
-0.9840492488127844      -0.0847124722652036      0.0010255123482332       
0.0687617210779879       -0.0847124722652036      0.0010255123482332       
0.0687617210779878       -0.9840492488127844      0.0010255123482332       
-0.9840492488127842      0.0687617210779878       0.0010255123482332       
-0.0847124722652036      0.0687617210779878       0.0010255123482332       
-0.0847124722652036      -0.9840492488127844      0.0010255123482332       
-0.9597920874459788      -0.9342214866970406      0.0005760696383001       
0.8940135741430195       -0.9342214866970406      0.0005760696383001       
0.8940135741430195       -0.9597920874459788      0.0005760696383001       
-0.9597920874459788      0.8940135741430195       0.0005760696383001       
-0.9342214866970407      0.8940135741430195       0.0005760696383001       
-0.9342214866970406      -0.9597920874459788      0.0005760696383001       
-0.9649700833911626      -0.9034853137839900      0.0006576197897917       
0.8684553971751525       -0.9034853137839900      0.0006576197897917       
0.8684553971751525       -0.9649700833911626      0.0006576197897917       
-0.9649700833911624      0.8684553971751525       0.0006576197897917       
-0.9034853137839902      0.8684553971751525       0.0006576197897917       
-0.9034853137839900      -0.9649700833911626      0.0006576197897917       
-0.9591446368067889      -0.8695739659434463      0.0007999572612266       
0.8287186027502351       -0.8695739659434463      0.0007999572612266       
0.8287186027502351       -0.9591446368067889      0.0007999572612266       
-0.9591446368067889      0.8287186027502351       0.0007999572612266       
-0.8695739659434463      0.8287186027502351       0.0007999572612266       
-0.8695739659434463      -0.9591446368067889      0.0007999572612266       
-0.9654618467289626      -0.8274780679725353      0.0008702839688224       
0.7929399147014979       -0.8274780679725353      0.0008702839688224       
0.7929399147014979       -0.9654618467289626      0.0008702839688224       
-0.9654618467289626      0.7929399147014979       0.0008702839688224       
-0.8274780679725353      0.7929399147014979       0.0008702839688224       
-0.8274780679725353      -0.9654618467289626      0.0008702839688224       
-0.9564089109348620      -0.7875279799533002      0.0009236436700127       
0.7439368908881621       -0.7875279799533002      0.0009236436700127       
0.7439368908881621       -0.9564089109348620      0.0009236436700127       
-0.9564089109348620      0.7439368908881621       0.0009236436700127       
-0.7875279799533000      0.7439368908881621       0.0009236436700127       
-0.7875279799533002      -0.9564089109348620      0.0009236436700127       
-0.9614603747732166      -0.7374704494765478      0.0010926163506705       
0.6989308242497645       -0.7374704494765478      0.0010926163506705       
0.6989308242497645       -0.9614603747732166      0.0010926163506705       
-0.9614603747732166      0.6989308242497645       0.0010926163506705       
-0.7374704494765479      0.6989308242497645       0.0010926163506705       
-0.7374704494765478      -0.9614603747732166      0.0010926163506705       
-0.9644206566633842      -0.6846020959501542      0.0010807192269842       
0.6490227526135384       -0.6846020959501542      0.0010807192269842       
0.6490227526135384       -0.9644206566633842      0.0010807192269842       
-0.9644206566633842      0.6490227526135384       0.0010807192269842       
-0.6846020959501542      0.6490227526135384       0.0010807192269842       
-0.6846020959501542      -0.9644206566633842      0.0010807192269842       
-0.9596497438980872      -0.6340378548912771      0.0008462837862242       
0.5936875987893642       -0.6340378548912771      0.0008462837862242       
0.5936875987893643       -0.9596497438980870      0.0008462837862242       
-0.9596497438980870      0.5936875987893642       0.0008462837862242       
-0.6340378548912772      0.5936875987893642       0.0008462837862242       
-0.6340378548912772      -0.9596497438980870      0.0008462837862242       
-0.9605257010665014      -0.5734009113129106      0.0013474980198756       
0.5339266123794120       -0.5734009113129106      0.0013474980198756       
0.5339266123794120       -0.9605257010665014      0.0013474980198756       
-0.9605257010665014      0.5339266123794120       0.0013474980198756       
-0.5734009113129105      0.5339266123794120       0.0013474980198756       
-0.5734009113129106      -0.9605257010665014      0.0013474980198756       
-0.9637551133012430      -0.5109405350443423      0.0012455849697241       
0.4746956483455853       -0.5109405350443423      0.0012455849697241       
0.4746956483455853       -0.9637551133012430      0.0012455849697241       
-0.9637551133012430      0.4746956483455853       0.0012455849697241       
-0.5109405350443423      0.4746956483455853       0.0012455849697241       
-0.5109405350443423      -0.9637551133012430      0.0012455849697241       
-0.9523817442152236      -0.4501191846378559      0.0016211347895494       
0.4025009288530795       -0.4501191846378559      0.0016211347895494       
0.4025009288530794       -0.9523817442152236      0.0016211347895494       
-0.9523817442152234      0.4025009288530794       0.0016211347895494       
-0.4501191846378560      0.4025009288530794       0.0016211347895494       
-0.4501191846378560      -0.9523817442152236      0.0016211347895494       
-0.9621729815352186      -0.3855218852057782      0.0013918647917696       
0.3476948667409969       -0.3855218852057782      0.0013918647917696       
0.3476948667409969       -0.9621729815352186      0.0013918647917696       
-0.9621729815352186      0.3476948667409969       0.0013918647917696       
-0.3855218852057782      0.3476948667409969       0.0013918647917696       
-0.3855218852057782      -0.9621729815352186      0.0013918647917696       
-0.9701771270493014      -0.3256618799204392      0.0011799658811637       
0.2958390069697406       -0.3256618799204392      0.0011799658811637       
0.2958390069697406       -0.9701771270493014      0.0011799658811637       
-0.9701771270493011      0.2958390069697406       0.0011799658811637       
-0.3256618799204392      0.2958390069697406       0.0011799658811637       
-0.3256618799204392      -0.9701771270493014      0.0011799658811637       
-0.9747716706025502      -0.2587277480946915      0.0010431199660181       
0.2334994186972417       -0.2587277480946915      0.0010431199660181       
0.2334994186972416       -0.9747716706025500      0.0010431199660181       
-0.9747716706025500      0.2334994186972416       0.0010431199660181       
-0.2587277480946916      0.2334994186972416       0.0010431199660181       
-0.2587277480946916      -0.9747716706025500      0.0010431199660181       
-0.9680031683387116      -0.1572424638954257      0.0011347270564915       
0.1252456322341373       -0.1572424638954257      0.0011347270564915       
0.1252456322341373       -0.9680031683387116      0.0011347270564915       
-0.9680031683387116      0.1252456322341373       0.0011347270564915       
-0.1572424638954257      0.1252456322341373       0.0011347270564915       
-0.1572424638954258      -0.9680031683387116      0.0011347270564915       
-0.9718049686250088      -0.0937300371766323      0.0008253878771169       
0.0655350058016411       -0.0937300371766323      0.0008253878771169       
0.0655350058016411       -0.9718049686250088      0.0008253878771169       
-0.9718049686250088      0.0655350058016411       0.0008253878771169       
-0.0937300371766323      0.0655350058016411       0.0008253878771169       
-0.0937300371766323      -0.9718049686250088      0.0008253878771169       
-0.9419977527773162      -0.9069527933949126      0.0008042700440217       
0.8489505461722289       -0.9069527933949126      0.0008042700440217       
0.8489505461722289       -0.9419977527773162      0.0008042700440217       
-0.9419977527773165      0.8489505461722289       0.0008042700440217       
-0.9069527933949126      0.8489505461722289       0.0008042700440217       
-0.9069527933949126      -0.9419977527773162      0.0008042700440217       
-0.9348676449708974      -0.8756874243625603      0.0009235856276218       
0.8105550693334578       -0.8756874243625603      0.0009235856276218       
0.8105550693334578       -0.9348676449708974      0.0009235856276218       
-0.9348676449708974      0.8105550693334578       0.0009235856276218       
-0.8756874243625603      0.8105550693334578       0.0009235856276218       
-0.8756874243625603      -0.9348676449708974      0.0009235856276218       
-0.9420695361069822      -0.8366993545847414      0.0010470459045677       
0.7787688906917236       -0.8366993545847414      0.0010470459045677       
0.7787688906917236       -0.9420695361069822      0.0010470459045677       
-0.9420695361069822      0.7787688906917236       0.0010470459045677       
-0.8366993545847414      0.7787688906917236       0.0010470459045677       
-0.8366993545847414      -0.9420695361069822      0.0010470459045677       
-0.9359792917858818      -0.7960683717078423      0.0009715761041492       
0.7320476634937241       -0.7960683717078423      0.0009715761041492       
0.7320476634937241       -0.9359792917858818      0.0009715761041492       
-0.9359792917858820      0.7320476634937241       0.0009715761041492       
-0.7960683717078422      0.7320476634937241       0.0009715761041492       
-0.7960683717078423      -0.9359792917858818      0.0009715761041492       
-0.9371753012459760      -0.7475151873300652      0.0013163088581303       
0.6846904885760412       -0.7475151873300652      0.0013163088581303       
0.6846904885760412       -0.9371753012459760      0.0013163088581303       
-0.9371753012459760      0.6846904885760412       0.0013163088581303       
-0.7475151873300653      0.6846904885760412       0.0013163088581303       
-0.7475151873300652      -0.9371753012459760      0.0013163088581303       
-0.9408391287228965      -0.6942192185291072      0.0014245733047748       
0.6350583472520037       -0.6942192185291072      0.0014245733047748       
0.6350583472520037       -0.9408391287228965      0.0014245733047748       
-0.9408391287228965      0.6350583472520037       0.0014245733047748       
-0.6942192185291072      0.6350583472520037       0.0014245733047748       
-0.6942192185291072      -0.9408391287228965      0.0014245733047748       
-0.9425675379913120      -0.6360626120804649      0.0012586390271159       
0.5786301500717770       -0.6360626120804649      0.0012586390271159       
0.5786301500717770       -0.9425675379913120      0.0012586390271159       
-0.9425675379913120      0.5786301500717770       0.0012586390271159       
-0.6360626120804649      0.5786301500717770       0.0012586390271159       
-0.6360626120804649      -0.9425675379913120      0.0012586390271159       
-0.9363312401369360      -0.5777338335826154      0.0015512674543495       
0.5140650737195513       -0.5777338335826154      0.0015512674543495       
0.5140650737195513       -0.9363312401369360      0.0015512674543495       
-0.9363312401369360      0.5140650737195513       0.0015512674543495       
-0.5777338335826154      0.5140650737195513       0.0015512674543495       
-0.5777338335826154      -0.9363312401369360      0.0015512674543495       
-0.9398872406761196      -0.5157318199030441      0.0017209922996737       
0.4556190605791636       -0.5157318199030441      0.0017209922996737       
0.4556190605791637       -0.9398872406761196      0.0017209922996737       
-0.9398872406761198      0.4556190605791637       0.0017209922996737       
-0.5157318199030440      0.4556190605791637       0.0017209922996737       
-0.5157318199030440      -0.9398872406761196      0.0017209922996737       
-0.9378491003998209      -0.3799633827086370      0.0020646772454016       
0.3178124831084581       -0.3799633827086370      0.0020646772454016       
0.3178124831084581       -0.9378491003998209      0.0020646772454016       
-0.9378491003998209      0.3178124831084581       0.0020646772454016       
-0.3799633827086370      0.3178124831084581       0.0020646772454016       
-0.3799633827086370      -0.9378491003998209      0.0020646772454016       
-0.9501068068443662      -0.3055619427208408      0.0019102054922661       
0.2556687495652068       -0.3055619427208408      0.0019102054922661       
0.2556687495652068       -0.9501068068443660      0.0019102054922661       
-0.9501068068443660      0.2556687495652068       0.0019102054922661       
-0.3055619427208408      0.2556687495652068       0.0019102054922661       
-0.3055619427208408      -0.9501068068443660      0.0019102054922661       
-0.9600779603625670      -0.2289880321542039      0.0015867431707918       
0.1890659925167710       -0.2289880321542039      0.0015867431707918       
0.1890659925167710       -0.9600779603625672      0.0015867431707918       
-0.9600779603625672      0.1890659925167710       0.0015867431707918       
-0.2289880321542038      0.1890659925167710       0.0015867431707918       
-0.2289880321542038      -0.9600779603625672      0.0015867431707918       
-0.9457131329465288      -0.1656815076691866      0.0019729131429035       
0.1113946406157153       -0.1656815076691866      0.0019729131429035       
0.1113946406157153       -0.9457131329465288      0.0019729131429035       
-0.9457131329465288      0.1113946406157154       0.0019729131429035       
-0.1656815076691866      0.1113946406157154       0.0019729131429035       
-0.1656815076691866      -0.9457131329465288      0.0019729131429035       
-0.9565194023104362      -0.0877259618016872      0.0015360006672569       
0.0442453641121234       -0.0877259618016872      0.0015360006672569       
0.0442453641121234       -0.9565194023104362      0.0015360006672569       
-0.9565194023104364      0.0442453641121234       0.0015360006672569       
-0.0877259618016871      0.0442453641121234       0.0015360006672569       
-0.0877259618016871      -0.9565194023104362      0.0015360006672569       
-0.9070980480643916      -0.8777183150910566      0.0011163711440453       
0.7848163631554481       -0.8777183150910566      0.0011163711440453       
0.7848163631554481       -0.9070980480643916      0.0011163711440453       
-0.9070980480643914      0.7848163631554481       0.0011163711440453       
-0.8777183150910567      0.7848163631554481       0.0011163711440453       
-0.8777183150910566      -0.9070980480643916      0.0011163711440453       
-0.9135389624872010      -0.8381209151852305      0.0012834287303292       
0.7516598776724315       -0.8381209151852305      0.0012834287303292       
0.7516598776724315       -0.9135389624872010      0.0012834287303292       
-0.9135389624872010      0.7516598776724315       0.0012834287303292       
-0.8381209151852305      0.7516598776724315       0.0012834287303292       
-0.8381209151852305      -0.9135389624872010      0.0012834287303292       
-0.9107862286301082      -0.7924974791170103      0.0013966318348388       
0.7032837077471186       -0.7924974791170103      0.0013966318348388       
0.7032837077471186       -0.9107862286301082      0.0013966318348388       
-0.9107862286301084      0.7032837077471186       0.0013966318348388       
-0.7924974791170102      0.7032837077471186       0.0013966318348388       
-0.7924974791170103      -0.9107862286301082      0.0013966318348388       
-0.9097099640950552      -0.7423633113804105      0.0014883706573893       
0.6520732754754657       -0.7423633113804105      0.0014883706573893       
0.6520732754754657       -0.9097099640950552      0.0014883706573893       
-0.9097099640950554      0.6520732754754657       0.0014883706573893       
-0.7423633113804103      0.6520732754754657       0.0014883706573893       
-0.7423633113804105      -0.9097099640950552      0.0014883706573893       
-0.9137728008069606      -0.6904997388429537      0.0015227883978886       
0.6042725396499142       -0.6904997388429537      0.0015227883978886       
0.6042725396499142       -0.9137728008069606      0.0015227883978886       
-0.9137728008069604      0.6042725396499142       0.0015227883978886       
-0.6904997388429538      0.6042725396499142       0.0015227883978886       
-0.6904997388429537      -0.9137728008069606      0.0015227883978886       
-0.9167097501622108      -0.6377848441054808      0.0016229254048992       
0.5544945942676915       -0.6377848441054808      0.0016229254048992       
0.5544945942676914       -0.9167097501622110      0.0016229254048992       
-0.9167097501622110      0.5544945942676915       0.0016229254048992       
-0.6377848441054806      0.5544945942676915       0.0016229254048992       
-0.6377848441054806      -0.9167097501622110      0.0016229254048992       
-0.9103571485112836      -0.5822713819820362      0.0014836216977595       
0.4926285304933198       -0.5822713819820362      0.0014836216977595       
0.4926285304933197       -0.9103571485112836      0.0014836216977595       
-0.9103571485112834      0.4926285304933198       0.0014836216977595       
-0.5822713819820363      0.4926285304933198       0.0014836216977595       
-0.5822713819820362      -0.9103571485112836      0.0014836216977595       
-0.9092661197345878      -0.5208485752052696      0.0021774454545722       
0.4301146949398574       -0.5208485752052696      0.0021774454545722       
0.4301146949398573       -0.9092661197345878      0.0021774454545722       
-0.9092661197345876      0.4301146949398573       0.0021774454545722       
-0.5208485752052697      0.4301146949398573       0.0021774454545722       
-0.5208485752052697      -0.9092661197345878      0.0021774454545722       
-0.9242805940627232      -0.4519404696887370      0.0021671196313246       
0.3762210637514602       -0.4519404696887370      0.0021671196313246       
0.3762210637514602       -0.9242805940627234      0.0021671196313246       
-0.9242805940627234      0.3762210637514602       0.0021671196313246       
-0.4519404696887369      0.3762210637514602       0.0021671196313246       
-0.4519404696887369      -0.9242805940627234      0.0021671196313246       
-0.9186352920360258      -0.3219387917936735      0.0024262521806593       
0.2405740838296994       -0.3219387917936735      0.0024262521806593       
0.2405740838296994       -0.9186352920360260      0.0024262521806593       
-0.9186352920360260      0.2405740838296994       0.0024262521806593       
-0.3219387917936734      0.2405740838296994       0.0024262521806593       
-0.3219387917936734      -0.9186352920360260      0.0024262521806593       
-0.9329252132730360      -0.2447200117483806      0.0022409285257340       
0.1776452250214165       -0.2447200117483806      0.0022409285257340       
0.1776452250214164       -0.9329252132730358      0.0022409285257340       
-0.9329252132730358      0.1776452250214164       0.0022409285257340       
-0.2447200117483806      0.1776452250214164       0.0022409285257340       
-0.2447200117483806      -0.9329252132730358      0.0022409285257340       
-0.9287501498556850      -0.1070922260122151      0.0022847876877900       
0.0358423758679001       -0.1070922260122151      0.0022847876877900       
0.0358423758679001       -0.9287501498556850      0.0022847876877900       
-0.9287501498556850      0.0358423758679001       0.0022847876877900       
-0.1070922260122151      0.0358423758679001       0.0022847876877900       
-0.1070922260122151      -0.9287501498556850      0.0022847876877900       
-0.8814173263720444      -0.8388254768202312      0.0012924537579768       
0.7202428031922756       -0.8388254768202312      0.0012924537579768       
0.7202428031922756       -0.8814173263720444      0.0012924537579768       
-0.8814173263720445      0.7202428031922756       0.0012924537579768       
-0.8388254768202311      0.7202428031922756       0.0012924537579768       
-0.8388254768202312      -0.8814173263720444      0.0012924537579768       
-0.8779431240350453      -0.8017385563315922      0.0014149014894895       
0.6796816803666375       -0.8017385563315922      0.0014149014894895       
0.6796816803666375       -0.8779431240350453      0.0014149014894895       
-0.8779431240350452      0.6796816803666375       0.0014149014894895       
-0.8017385563315923      0.6796816803666375       0.0014149014894895       
-0.8017385563315922      -0.8779431240350453      0.0014149014894895       
-0.8799768363186713      -0.7593056260269164      0.0014718842750127       
0.6392824623455877       -0.7593056260269164      0.0014718842750127       
0.6392824623455877       -0.8799768363186713      0.0014718842750127       
-0.8799768363186713      0.6392824623455877       0.0014718842750127       
-0.7593056260269164      0.6392824623455877       0.0014718842750127       
-0.7593056260269164      -0.8799768363186713      0.0014718842750127       
-0.8821287706632257      -0.7048506777152963      0.0018055978455308       
0.5869794483785220       -0.7048506777152963      0.0018055978455308       
0.5869794483785220       -0.8821287706632259      0.0018055978455308       
-0.8821287706632258      0.5869794483785220       0.0018055978455308       
-0.7048506777152962      0.5869794483785220       0.0018055978455308       
-0.7048506777152961      -0.8821287706632259      0.0018055978455308       
-0.8834283072456608      -0.6471519070349681      0.0020826862611433       
0.5305802142806288       -0.6471519070349681      0.0020826862611433       
0.5305802142806288       -0.8834283072456608      0.0020826862611433       
-0.8834283072456608      0.5305802142806288       0.0020826862611433       
-0.6471519070349681      0.5305802142806288       0.0020826862611433       
-0.6471519070349681      -0.8834283072456608      0.0020826862611433       
-0.8847195147867546      -0.5880455228235424      0.0017243898183160       
0.4727650376102970       -0.5880455228235424      0.0017243898183160       
0.4727650376102969       -0.8847195147867546      0.0017243898183160       
-0.8847195147867545      0.4727650376102970       0.0017243898183160       
-0.5880455228235425      0.4727650376102970       0.0017243898183160       
-0.5880455228235424      -0.8847195147867546      0.0017243898183160       
-0.8705446642041774      -0.5348415320420454      0.0023628485566571       
0.4053861962462228       -0.5348415320420454      0.0023628485566571       
0.4053861962462228       -0.8705446642041775      0.0023628485566571       
-0.8705446642041775      0.4053861962462228       0.0023628485566571       
-0.5348415320420453      0.4053861962462228       0.0023628485566571       
-0.5348415320420453      -0.8705446642041775      0.0023628485566571       
-0.8868897597284975      -0.4686042440126755      0.0025453682878924       
0.3554940037411730       -0.4686042440126755      0.0025453682878924       
0.3554940037411729       -0.8868897597284975      0.0025453682878924       
-0.8868897597284974      0.3554940037411729       0.0025453682878924       
-0.4686042440126755      0.3554940037411729       0.0025453682878924       
-0.4686042440126755      -0.8868897597284975      0.0025453682878924       
-0.9031513857005772      -0.3969365347826188      0.0025328710569588       
0.3000879204831961       -0.3969365347826188      0.0025328710569588       
0.3000879204831961       -0.9031513857005772      0.0025328710569588       
-0.9031513857005772      0.3000879204831961       0.0025328710569588       
-0.3969365347826188      0.3000879204831961       0.0025328710569588       
-0.3969365347826188      -0.9031513857005772      0.0025328710569588       
-0.8964645378482292      -0.2670491496032967      0.0027904182183930       
0.1635136874515259       -0.2670491496032967      0.0027904182183930       
0.1635136874515259       -0.8964645378482293      0.0027904182183930       
-0.8964645378482293      0.1635136874515260       0.0027904182183930       
-0.2670491496032966      0.1635136874515260       0.0027904182183930       
-0.2670491496032966      -0.8964645378482293      0.0027904182183930       
-0.9132979571733240      -0.1873460069189402      0.0025757728127701       
0.1006439640922641       -0.1873460069189402      0.0025757728127701       
0.1006439640922641       -0.9132979571733238      0.0025757728127701       
-0.9132979571733238      0.1006439640922641       0.0025757728127701       
-0.1873460069189402      0.1006439640922641       0.0025757728127701       
-0.1873460069189402      -0.9132979571733238      0.0025757728127701       
-0.8927819899778281      -0.1263959682038069      0.0028878732731770       
0.0191779581816349       -0.1263959682038069      0.0028878732731770       
0.0191779581816349       -0.8927819899778280      0.0028878732731770       
-0.8927819899778281      0.0191779581816349       0.0028878732731770       
-0.1263959682038068      0.0191779581816349       0.0028878732731770       
-0.1263959682038068      -0.8927819899778280      0.0028878732731770       
-0.8401354046542073      -0.7970172082822955      0.0019271734808205       
0.6371526129365028       -0.7970172082822955      0.0019271734808205       
0.6371526129365028       -0.8401354046542073      0.0019271734808205       
-0.8401354046542073      0.6371526129365028       0.0019271734808205       
-0.7970172082822955      0.6371526129365028       0.0019271734808205       
-0.7970172082822955      -0.8401354046542073      0.0019271734808205       
-0.8489649072674954      -0.7457738796016338      0.0018632332897124       
0.5947387868691292       -0.7457738796016338      0.0018632332897124       
0.5947387868691292       -0.8489649072674954      0.0018632332897124       
-0.8489649072674955      0.5947387868691292       0.0018632332897124       
-0.7457738796016337      0.5947387868691292       0.0018632332897124       
-0.7457738796016338      -0.8489649072674954      0.0018632332897124       
-0.8486386519682889      -0.6912377714376687      0.0019203035371904       
0.5398764234059577       -0.6912377714376687      0.0019203035371904       
0.5398764234059577       -0.8486386519682889      0.0019203035371904       
-0.8486386519682888      0.5398764234059577       0.0019203035371904       
-0.6912377714376688      0.5398764234059577       0.0019203035371904       
-0.6912377714376687      -0.8486386519682889      0.0019203035371904       
-0.8467350034674057      -0.6335008795373849      0.0020936304753011       
0.4802358830047906       -0.6335008795373849      0.0020936304753011       
0.4802358830047906       -0.8467350034674057      0.0020936304753011       
-0.8467350034674057      0.4802358830047906       0.0020936304753011       
-0.6335008795373849      0.4802358830047906       0.0020936304753011       
-0.6335008795373849      -0.8467350034674057      0.0020936304753011       
-0.8507584872223646      -0.5873429598771818      0.0015949536139812       
0.4381014470995464       -0.5873429598771818      0.0015949536139812       
0.4381014470995464       -0.8507584872223646      0.0015949536139812       
-0.8507584872223646      0.4381014470995464       0.0015949536139812       
-0.5873429598771818      0.4381014470995464       0.0015949536139812       
-0.5873429598771818      -0.8507584872223646      0.0015949536139812       
-0.8598492302576113      -0.4218063567731743      0.0030295575394291       
0.2816555870307856       -0.4218063567731743      0.0030295575394291       
0.2816555870307856       -0.8598492302576113      0.0030295575394291       
-0.8598492302576112      0.2816555870307856       0.0030295575394291       
-0.4218063567731744      0.2816555870307856       0.0030295575394291       
-0.4218063567731744      -0.8598492302576113      0.0030295575394291       
-0.8785894104748919      -0.3454405218176524      0.0029429370308599       
0.2240299322925444       -0.3454405218176524      0.0029429370308599       
0.2240299322925443       -0.8785894104748918      0.0029429370308599       
-0.8785894104748918      0.2240299322925443       0.0029429370308599       
-0.3454405218176525      0.2240299322925443       0.0029429370308599       
-0.3454405218176525      -0.8785894104748918      0.0029429370308599       
-0.8733288754383605      -0.2082841507836865      0.0031215381253950       
0.0816130262220469       -0.2082841507836865      0.0031215381253950       
0.0816130262220469       -0.8733288754383604      0.0031215381253950       
-0.8733288754383605      0.0816130262220469       0.0031215381253950       
-0.2082841507836864      0.0816130262220469       0.0031215381253950       
-0.2082841507836864      -0.8733288754383604      0.0031215381253950       
-0.8092785086247201      -0.7554023670546666      0.0017744317262107       
0.5646808756793866       -0.7554023670546666      0.0017744317262107       
0.5646808756793866       -0.8092785086247201      0.0017744317262107       
-0.8092785086247202      0.5646808756793866       0.0017744317262107       
-0.7554023670546665      0.5646808756793866       0.0017744317262107       
-0.7554023670546666      -0.8092785086247201      0.0017744317262107       
-0.8113773349223290      -0.7172116392719206      0.0015072329108009       
0.5285889741942496       -0.7172116392719206      0.0015072329108009       
0.5285889741942496       -0.8113773349223288      0.0015072329108009       
-0.8113773349223289      0.5285889741942496       0.0015072329108009       
-0.7172116392719207      0.5285889741942496       0.0015072329108009       
-0.7172116392719208      -0.8113773349223288      0.0015072329108009       
-0.8175982192967746      -0.6746342002609620      0.0014408039441071       
0.4922324195577366       -0.6746342002609620      0.0014408039441071       
0.4922324195577366       -0.8175982192967746      0.0014408039441071       
-0.8175982192967746      0.4922324195577366       0.0014408039441071       
-0.6746342002609620      0.4922324195577366       0.0014408039441071       
-0.6746342002609620      -0.8175982192967746      0.0014408039441071       
-0.8024184281111015      -0.6254149927967385      0.0024276578481712       
0.4278334209078400       -0.6254149927967385      0.0024276578481712       
0.4278334209078401       -0.8024184281111015      0.0024276578481712       
-0.8024184281111016      0.4278334209078400       0.0024276578481712       
-0.6254149927967384      0.4278334209078400       0.0024276578481712       
-0.6254149927967385      -0.8024184281111015      0.0024276578481712       
-0.8202655976917985      -0.5640240020174985      0.0028188976282440       
0.3842895997092970       -0.5640240020174985      0.0028188976282440       
0.3842895997092970       -0.8202655976917983      0.0028188976282440       
-0.8202655976917984      0.3842895997092970       0.0028188976282440       
-0.5640240020174986      0.3842895997092970       0.0028188976282440       
-0.5640240020174986      -0.8202655976917983      0.0028188976282440       
-0.8405764735169565      -0.4954137871473355      0.0030446735483273       
0.3359902606642920       -0.4954137871473355      0.0030446735483273       
0.3359902606642920       -0.8405764735169563      0.0030446735483273       
-0.8405764735169564      0.3359902606642920       0.0030446735483273       
-0.4954137871473355      0.3359902606642920       0.0030446735483273       
-0.4954137871473355      -0.8405764735169563      0.0030446735483273       
-0.8102030702898415      -0.4462671942148184      0.0034752603384065       
0.2564702645046598       -0.4462671942148184      0.0034752603384065       
0.2564702645046600       -0.8102030702898415      0.0034752603384065       
-0.8102030702898416      0.2564702645046600       0.0034752603384065       
-0.4462671942148183      0.2564702645046600       0.0034752603384065       
-0.4462671942148183      -0.8102030702898415      0.0034752603384065       
-0.8318276067018278      -0.3688750031860028      0.0034165189304441       
0.2007026098878306       -0.3688750031860028      0.0034165189304441       
0.2007026098878306       -0.8318276067018279      0.0034165189304441       
-0.8318276067018279      0.2007026098878306       0.0034165189304441       
-0.3688750031860028      0.2007026098878306       0.0034165189304441       
-0.3688750031860028      -0.8318276067018279      0.0034165189304441       
-0.8529341556701263      -0.2893512409163984      0.0032982588871649       
0.1422853965865247       -0.2893512409163984      0.0032982588871649       
0.1422853965865247       -0.8529341556701264      0.0032982588871649       
-0.8529341556701263      0.1422853965865247       0.0032982588871649       
-0.2893512409163984      0.1422853965865247       0.0032982588871649       
-0.2893512409163984      -0.8529341556701264      0.0032982588871649       
-0.8492543409763043      -0.1479867571893638      0.0034170216852640       
-0.0027589018343321      -0.1479867571893638      0.0034170216852640       
-0.0027589018343321      -0.8492543409763041      0.0034170216852640       
-0.8492543409763043      -0.0027589018343321      0.0034170216852640       
-0.1479867571893638      -0.0027589018343321      0.0034170216852640       
-0.1479867571893638      -0.8492543409763041      0.0034170216852640       
-0.7714291721404485      -0.7092990302279421      0.0023182845539717       
0.4807282023683905       -0.7092990302279421      0.0023182845539717       
0.4807282023683906       -0.7714291721404485      0.0023182845539717       
-0.7714291721404486      0.4807282023683905       0.0023182845539717       
-0.7092990302279419      0.4807282023683905       0.0023182845539717       
-0.7092990302279421      -0.7714291721404485      0.0023182845539717       
-0.7861718820127366      -0.6654003918641469      0.0013283740823459       
0.4515722738768835       -0.6654003918641469      0.0013283740823459       
0.4515722738768835       -0.7861718820127366      0.0013283740823459       
-0.7861718820127366      0.4515722738768835       0.0013283740823459       
-0.6654003918641469      0.4515722738768835       0.0013283740823459       
-0.6654003918641469      -0.7861718820127366      0.0013283740823459       
-0.7658386185893764      -0.5916289717068886      0.0033816700230460       
0.3574675902962649       -0.5916289717068886      0.0033816700230460       
0.3574675902962650       -0.7658386185893765      0.0033816700230460       
-0.7658386185893765      0.3574675902962650       0.0033816700230460       
-0.5916289717068884      0.3574675902962650       0.0033816700230460       
-0.5916289717068884      -0.7658386185893765      0.0033816700230460       
-0.7880980224045622      -0.5206047295518659      0.0034522414281078       
0.3087027519564280       -0.5206047295518659      0.0034522414281078       
0.3087027519564280       -0.7880980224045622      0.0034522414281078       
-0.7880980224045622      0.3087027519564280       0.0034522414281078       
-0.5206047295518659      0.3087027519564280       0.0034522414281078       
-0.5206047295518659      -0.7880980224045622      0.0034522414281078       
-0.7787068219108861      -0.3934596229239600      0.0038319717130592       
0.1721664448348461       -0.3934596229239600      0.0038319717130592       
0.1721664448348461       -0.7787068219108861      0.0038319717130592       
-0.7787068219108861      0.1721664448348461       0.0038319717130592       
-0.3934596229239600      0.1721664448348461       0.0038319717130592       
-0.3934596229239600      -0.7787068219108861      0.0038319717130592       
-0.8026698561179693      -0.3132601555743224      0.0037518038560598       
0.1159300116922917       -0.3132601555743224      0.0037518038560598       
0.1159300116922917       -0.8026698561179693      0.0037518038560598       
-0.8026698561179693      0.1159300116922917       0.0037518038560598       
-0.3132601555743224      0.1159300116922917       0.0037518038560598       
-0.3132601555743224      -0.8026698561179693      0.0037518038560598       
-0.8262747815526992      -0.2312170227139436      0.0036120126337704       
0.0574918042666428       -0.2312170227139436      0.0036120126337704       
0.0574918042666428       -0.8262747815526992      0.0036120126337704       
-0.8262747815526992      0.0574918042666428       0.0036120126337704       
-0.2312170227139436      0.0574918042666428       0.0036120126337704       
-0.2312170227139436      -0.8262747815526992      0.0036120126337704       
-0.7986330420289290      -0.1728397830073978      0.0038860424680384       
-0.0285271749636731      -0.1728397830073978      0.0038860424680384       
-0.0285271749636731      -0.7986330420289290      0.0038860424680384       
-0.7986330420289290      -0.0285271749636731      0.0038860424680384       
-0.1728397830073979      -0.0285271749636731      0.0038860424680384       
-0.1728397830073979      -0.7986330420289290      0.0038860424680384       
-0.7434209302845873      -0.6583547143642803      0.0032127794634893       
0.4017756446488676       -0.6583547143642803      0.0032127794634893       
0.4017756446488676       -0.7434209302845873      0.0032127794634893       
-0.7434209302845873      0.4017756446488676       0.0032127794634893       
-0.6583547143642803      0.4017756446488676       0.0032127794634893       
-0.6583547143642803      -0.7434209302845873      0.0032127794634893       
-0.7302750772651045      -0.5455232981798706      0.0037966002617979       
0.2757983754449751       -0.5455232981798706      0.0037966002617979       
0.2757983754449751       -0.7302750772651045      0.0037966002617979       
-0.7302750772651045      0.2757983754449751       0.0037966002617979       
-0.5455232981798706      0.2757983754449751       0.0037966002617979       
-0.5455232981798706      -0.7302750772651045      0.0037966002617979       
-0.7544876716166895      -0.4710674439069880      0.0038448153363592       
0.2255551155236774       -0.4710674439069880      0.0038448153363592       
0.2255551155236774       -0.7544876716166895      0.0038448153363592       
-0.7544876716166895      0.2255551155236774       0.0038448153363592       
-0.4710674439069880      0.2255551155236774       0.0038448153363592       
-0.4710674439069880      -0.7544876716166895      0.0038448153363592       
-0.7194138807329604      -0.4199853914727445      0.0041865181918083       
0.1393992722057049       -0.4199853914727445      0.0041865181918083       
0.1393992722057049       -0.7194138807329604      0.0041865181918083       
-0.7194138807329604      0.1393992722057049       0.0041865181918083       
-0.4199853914727445      0.1393992722057049       0.0041865181918083       
-0.4199853914727445      -0.7194138807329604      0.0041865181918083       
-0.7459638997755518      -0.3396100472311969      0.0041496721574681       
0.0855739470067487       -0.3396100472311969      0.0041496721574681       
0.0855739470067487       -0.7459638997755518      0.0041496721574681       
-0.7459638997755518      0.0855739470067487       0.0041496721574681       
-0.3396100472311969      0.0855739470067487       0.0041496721574681       
-0.3396100472311969      -0.7459638997755518      0.0041496721574681       
-0.7724645959936398      -0.2569716076319002      0.0040442632260343       
0.0294362036255400       -0.2569716076319002      0.0040442632260343       
0.0294362036255400       -0.7724645959936398      0.0040442632260343       
-0.7724645959936398      0.0294362036255400       0.0040442632260343       
-0.2569716076319002      0.0294362036255400       0.0040442632260343       
-0.2569716076319002      -0.7724645959936398      0.0040442632260343       
-0.7061641486247392      -0.6161648025823017      0.0036799644312435       
0.3223289512070408       -0.6161648025823017      0.0036799644312435       
0.3223289512070408       -0.7061641486247392      0.0036799644312435       
-0.7061641486247392      0.3223289512070408       0.0036799644312435       
-0.6161648025823017      0.3223289512070408       0.0036799644312435       
-0.6161648025823017      -0.7061641486247392      0.0036799644312435       
-0.6668654833991403      -0.5714285123292298      0.0040680263468458       
0.2382939957283700       -0.5714285123292298      0.0040680263468458       
0.2382939957283700       -0.6668654833991403      0.0040680263468458       
-0.6668654833991403      0.2382939957283700       0.0040680263468458       
-0.5714285123292298      0.2382939957283700       0.0040680263468458       
-0.5714285123292298      -0.6668654833991403      0.0040680263468458       
-0.6929784185360502      -0.4974787042069658      0.0041603102784221       
0.1904571227430161       -0.4974787042069658      0.0041603102784221       
0.1904571227430161       -0.6929784185360504      0.0041603102784221       
-0.6929784185360502      0.1904571227430161       0.0041603102784221       
-0.4974787042069658      0.1904571227430161       0.0041603102784221       
-0.4974787042069658      -0.6929784185360504      0.0041603102784221       
-0.7152412795829823      -0.2830005358841174      0.0011654275250722       
-0.0017581845329002      -0.2830005358841174      0.0011654275250722       
-0.0017581845329002      -0.7152412795829823      0.0011654275250722       
-0.7152412795829823      -0.0017581845329003      0.0011654275250722       
-0.2830005358841174      -0.0017581845329003      0.0011654275250722       
-0.2830005358841174      -0.7152412795829823      0.0011654275250722       
-0.7414903248511096      -0.2006788445176859      0.0042887801403047       
-0.0578308306312045      -0.2006788445176859      0.0042887801403047       
-0.0578308306312046      -0.7414903248511096      0.0042887801403047       
-0.7414903248511096      -0.0578308306312045      0.0042887801403047       
-0.2006788445176859      -0.0578308306312045      0.0042887801403047       
-0.2006788445176860      -0.7414903248511096      0.0042887801403047       
-0.6260860774503385      -0.5253355264527826      0.0044107782115997       
0.1514216039031211       -0.5253355264527826      0.0044107782115997       
0.1514216039031211       -0.6260860774503385      0.0044107782115997       
-0.6260860774503385      0.1514216039031211       0.0044107782115997       
-0.5253355264527826      0.1514216039031211       0.0044107782115997       
-0.5253355264527826      -0.6260860774503385      0.0044107782115997       
-0.6544620449990763      -0.4484063679701913      0.0044804869155136       
0.1028684129692676       -0.4484063679701913      0.0044804869155136       
0.1028684129692676       -0.6544620449990763      0.0044804869155136       
-0.6544620449990763      0.1028684129692676       0.0044804869155136       
-0.4484063679701913      0.1028684129692676       0.0044804869155136       
-0.4484063679701913      -0.6544620449990763      0.0044804869155136       
-0.6832736012518476      -0.3682362435996454      0.0044827734680329       
0.0515098448514930       -0.3682362435996454      0.0044827734680329       
0.0515098448514930       -0.6832736012518477      0.0044827734680329       
-0.6832736012518476      0.0515098448514930       0.0044827734680329       
-0.3682362435996454      0.0515098448514930       0.0044827734680329       
-0.3682362435996454      -0.6832736012518477      0.0044827734680329       
-0.7113032839331426      -0.2863297121922922      0.0032688774999016       
-0.0023670038745652      -0.2863297121922922      0.0032688774999016       
-0.0023670038745652      -0.7113032839331425      0.0032688774999016       
-0.7113032839331426      -0.0023670038745652      0.0032688774999016       
-0.2863297121922922      -0.0023670038745652      0.0032688774999016       
-0.2863297121922922      -0.7113032839331425      0.0032688774999016       
-0.6880194634043031      -0.2277721887956378      0.0003143370202069       
-0.0842083478000593      -0.2277721887956378      0.0003143370202069       
-0.0842083478000592      -0.6880194634043031      0.0003143370202069       
-0.6880194634043031      -0.0842083478000592      0.0003143370202069       
-0.2277721887956378      -0.0842083478000592      0.0003143370202069       
-0.2277721887956378      -0.6880194634043031      0.0003143370202069       
-0.5843911356008403      -0.4783948745134344      0.0047086963143798       
0.0627860101142748       -0.4783948745134344      0.0047086963143798       
0.0627860101142748       -0.5843911356008404      0.0047086963143798       
-0.5843911356008403      0.0627860101142748       0.0047086963143798       
-0.4783948745134344      0.0627860101142748       0.0047086963143798       
-0.4783948745134344      -0.5843911356008404      0.0047086963143798       
-0.6151754574775526      -0.3988040838498880      0.0047547772828404       
0.0139795413274406       -0.3988040838498880      0.0047547772828404       
0.0139795413274406       -0.6151754574775525      0.0047547772828404       
-0.6151754574775526      0.0139795413274406       0.0047547772828404       
-0.3988040838498880      0.0139795413274406       0.0047547772828404       
-0.3988040838498880      -0.6151754574775525      0.0047547772828404       
-0.6464621510509971      -0.3162781751612546      0.0047310629425484       
-0.0372596737877482      -0.3162781751612546      0.0047310629425484       
-0.0372596737877482      -0.6464621510509971      0.0047310629425484       
-0.6464621510509971      -0.0372596737877482      0.0047310629425484       
-0.3162781751612546      -0.0372596737877482      0.0047310629425484       
-0.3162781751612546      -0.6464621510509971      0.0047310629425484       
-0.6774864604614702      -0.2317187216649747      0.0043588469108850       
-0.0907948178735552      -0.2317187216649747      0.0043588469108850       
-0.0907948178735552      -0.6774864604614703      0.0043588469108850       
-0.6774864604614702      -0.0907948178735552      0.0043588469108850       
-0.2317187216649746      -0.0907948178735552      0.0043588469108850       
-0.2317187216649746      -0.6774864604614703      0.0043588469108850       
-0.5754845570388583      -0.3492162242148369      0.0049760983413697       
-0.0752992187463048      -0.3492162242148369      0.0049760983413697       
-0.0752992187463049      -0.5754845570388583      0.0049760983413697       
-0.5754845570388583      -0.0752992187463048      0.0049760983413697       
-0.3492162242148369      -0.0752992187463048      0.0049760983413697       
-0.3492162242148369      -0.5754845570388583      0.0049760983413697       
-0.6093546498849653      -0.2646777972647612      0.0049243826481813       
-0.1259675528502733      -0.2646777972647612      0.0049243826481813       
-0.1259675528502733      -0.6093546498849652      0.0049243826481813       
-0.6093546498849653      -0.1259675528502733      0.0049243826481813       
-0.2646777972647613      -0.1259675528502733      0.0049243826481813       
-0.2646777972647613      -0.6093546498849652      0.0049243826481813       
-0.5421942478673755      -0.4311360078938290      0.0049567905980678       
-0.0266697442387955      -0.4311360078938290      0.0049567905980678       
-0.0266697442387955      -0.5421942478673754      0.0049567905980678       
-0.5421942478673755      -0.0266697442387955      0.0049567905980678       
-0.4311360078938290      -0.0266697442387955      0.0049567905980678       
-0.4311360078938290      -0.5421942478673754      0.0049567905980678       
-0.5357951830393926      -0.3000622473364422      0.0051405505814036       
-0.1641425696241652      -0.3000622473364422      0.0051405505814036       
-0.1641425696241652      -0.5357951830393926      0.0051405505814036       
-0.5357951830393926      -0.1641425696241652      0.0051405505814036       
-0.3000622473364422      -0.1641425696241652      0.0051405505814036       
-0.3000622473364422      -0.5357951830393926      0.0051405505814036       
-0.4998990235992173      -0.3839946166743935      0.0051496289199971       
-0.1161063597263892      -0.3839946166743935      0.0051496289199971       
-0.1161063597263892      -0.4998990235992173      0.0051496289199971       
-0.4998990235992173      -0.1161063597263892      0.0051496289199971       
-0.3839946166743935      -0.1161063597263892      0.0051496289199971       
-0.3839946166743935      -0.4998990235992173      0.0051496289199971       
-0.4579080362825288      -0.3373809525446639      0.0052823265565094       
-0.2047110111728073      -0.3373809525446639      0.0052823265565094       
-0.2047110111728073      -0.4579080362825288      0.0052823265565094       
-0.4579080362825288      -0.2047110111728073      0.0052823265565094       
-0.3373809525446639      -0.2047110111728073      0.0052823265565094       
-0.3373809525446639      -0.4579080362825288      0.0052823265565094       
-0.3333333333333333      -0.3333333333333333      0.0053804228246187       
