centroid    numS21      numS111     
true (1)    30 (3)      123 (6)     

x                        y                        w                        
-0.9977133021161863      0.9954266042323722       0.0000344198939528       
-0.9977133021161863      -0.9977133021161863      0.0000344198939528       
0.9954266042323722       -0.9977133021161863      0.0000344198939528       
-0.9880014360477488      0.9760028720954974       0.0001840172871235       
-0.9880014360477488      -0.9880014360477488      0.0001840172871235       
0.9760028720954974       -0.9880014360477488      0.0001840172871235       
-0.9709531777011327      0.9419063554022654       0.0004417360280059       
-0.9709531777011327      -0.9709531777011327      0.0004417360280059       
0.9419063554022654       -0.9709531777011327      0.0004417360280059       
-0.9469045117323954      0.8938090234647909       0.0007740947788027       
-0.9469045117323954      -0.9469045117323954      0.0007740947788027       
0.8938090234647910       -0.9469045117323954      0.0007740947788027       
-0.9161773949294783      0.8323547898589563       0.0012179276432610       
-0.9161773949294783      -0.9161773949294783      0.0012179276432610       
0.8323547898589564       -0.9161773949294783      0.0012179276432610       
-0.8793682977378201      0.7587365954756402       0.0017035363894256       
-0.8793682977378201      -0.8793682977378201      0.0017035363894256       
0.7587365954756402       -0.8793682977378201      0.0017035363894256       
-0.8366732826389729      0.6733465652779458       0.0021422383129752       
-0.8366732826389729      -0.8366732826389729      0.0021422383129752       
0.6733465652779458       -0.8366732826389729      0.0021422383129752       
-0.7856015291545277      0.5712030583090555       0.0027599315155728       
-0.7856015291545277      -0.7856015291545277      0.0027599315155728       
0.5712030583090555       -0.7856015291545277      0.0027599315155728       
-0.7232670892097182      0.4465341784194363       0.0038428232607150       
-0.7232670892097182      -0.7232670892097182      0.0038428232607150       
0.4465341784194363       -0.7232670892097182      0.0038428232607150       
-0.6733924692756319      0.3467849385512638       0.0042338682297601       
-0.6733924692756319      -0.6733924692756319      0.0042338682297601       
0.3467849385512638       -0.6733924692756319      0.0042338682297601       
-0.6270907821205640      0.2541815642411280       0.0047961585325467       
-0.6270907821205640      -0.6270907821205640      0.0047961585325467       
0.2541815642411280       -0.6270907821205640      0.0047961585325467       
-0.5788037789197111      0.1576075578394223       0.0052427968136690       
-0.5788037789197111      -0.5788037789197111      0.0052427968136690       
0.1576075578394223       -0.5788037789197111      0.0052427968136690       
-0.5290198761035976      0.0580397522071952       0.0055911476816440       
-0.5290198761035976      -0.5290198761035976      0.0055911476816440       
0.0580397522071952       -0.5290198761035976      0.0055911476816440       
-0.4786362641829427      -0.0427274716341146      0.0058169790908476       
-0.4786362641829427      -0.4786362641829427      0.0058169790908476       
-0.0427274716341146      -0.4786362641829427      0.0058169790908476       
-0.4282715883317328      -0.1434568233365343      0.0058802701925885       
-0.4282715883317328      -0.4282715883317328      0.0058802701925885       
-0.1434568233365343      -0.4282715883317328      0.0058802701925885       
-0.2151460414428206      -0.5697079171143589      0.0053993800211100       
-0.2151460414428206      -0.2151460414428206      0.0053993800211100       
-0.5697079171143589      -0.2151460414428206      0.0053993800211100       
-0.3790083198389566      -0.2419833603220866      0.0057886242313470       
-0.3790083198389566      -0.3790083198389566      0.0057886242313470       
-0.2419833603220866      -0.3790083198389566      0.0057886242313470       
-0.0010027380407623      -0.9979945239184754      0.0004206163169317       
-0.0010027380407623      -0.0010027380407624      0.0004206163169317       
-0.9979945239184754      -0.0010027380407624      0.0004206163169317       
-0.0043864981734948      -0.9912270036530104      0.0007553136532292       
-0.0043864981734948      -0.0043864981734947      0.0007553136532292       
-0.9912270036530104      -0.0043864981734947      0.0007553136532292       
-0.0096003638350020      -0.9807992723299960      0.0011124756377435       
-0.0096003638350020      -0.0096003638350020      0.0011124756377435       
-0.9807992723299960      -0.0096003638350020      0.0011124756377435       
-0.0180026652874654      -0.9639946694250692      0.0018568612353499       
-0.0180026652874654      -0.0180026652874654      0.0018568612353499       
-0.9639946694250692      -0.0180026652874654      0.0018568612353499       
-0.0300808541641342      -0.9398382916717316      0.0022405244127221       
-0.0300808541641342      -0.0300808541641342      0.0022405244127221       
-0.9398382916717316      -0.0300808541641342      0.0022405244127221       
-0.0466147508727602      -0.9067704982544796      0.0033153473264329       
-0.0466147508727602      -0.0466147508727603      0.0033153473264329       
-0.9067704982544796      -0.0466147508727603      0.0033153473264329       
-0.0700728801835988      -0.8598542396328024      0.0030254554661937       
-0.0700728801835988      -0.0700728801835988      0.0030254554661937       
-0.8598542396328024      -0.0700728801835988      0.0030254554661937       
-0.0933499504358270      -0.8133000991283461      0.0041216022438186       
-0.0933499504358270      -0.0933499504358269      0.0041216022438186       
-0.8133000991283461      -0.0933499504358269      0.0041216022438186       
-0.1202689602728051      -0.7594620794543898      0.0045561306370586       
-0.1202689602728051      -0.1202689602728051      0.0045561306370586       
-0.7594620794543898      -0.1202689602728051      0.0045561306370586       
-0.1498190242562952      -0.7003619514874095      0.0048216074291545       
-0.1498190242562952      -0.1498190242562952      0.0048216074291545       
-0.7003619514874095      -0.1498190242562952      0.0048216074291545       
-0.1812743718600276      -0.6374512562799448      0.0050782990170259       
-0.1812743718600276      -0.1812743718600276      0.0050782990170259       
-0.6374512562799448      -0.1812743718600276      0.0050782990170259       
-0.2518747764071488      -0.4962504471857025      0.0056747565755540       
-0.2518747764071488      -0.2518747764071488      0.0056747565755540       
-0.4962504471857025      -0.2518747764071488      0.0056747565755540       
-0.2911416219971704      -0.4177167560056592      0.0057641065212688       
-0.2911416219971704      -0.2911416219971704      0.0057641065212688       
-0.4177167560056592      -0.2911416219971704      0.0057641065212688       
-0.9977173530851738      -0.9879658490038888      0.0000797595647157       
0.9856832020890623       -0.9879658490038888      0.0000797595647157       
0.9856832020890623       -0.9977173530851738      0.0000797595647157       
-0.9977173530851738      0.9856832020890623       0.0000797595647157       
-0.9879658490038888      0.9856832020890623       0.0000797595647157       
-0.9879658490038888      -0.9977173530851738      0.0000797595647157       
-0.9977554809277842      -0.9704946180740686      0.0001226774572994       
0.9682500990018528       -0.9704946180740686      0.0001226774572994       
0.9682500990018528       -0.9977554809277842      0.0001226774572994       
-0.9977554809277842      0.9682500990018528       0.0001226774572994       
-0.9704946180740686      0.9682500990018528       0.0001226774572994       
-0.9704946180740686      -0.9977554809277842      0.0001226774572994       
-0.9977505722211394      -0.9454297744243300      0.0001660749385533       
0.9431803466454696       -0.9454297744243300      0.0001660749385533       
0.9431803466454696       -0.9977505722211394      0.0001660749385533       
-0.9977505722211394      0.9431803466454696       0.0001660749385533       
-0.9454297744243300      0.9431803466454696       0.0001660749385533       
-0.9454297744243300      -0.9977505722211394      0.0001660749385533       
-0.9978264608313916      -0.9129827788344134      0.0002011396487396       
0.9108092396658050       -0.9129827788344134      0.0002011396487396       
0.9108092396658050       -0.9978264608313916      0.0002011396487396       
-0.9978264608313918      0.9108092396658050       0.0002011396487396       
-0.9129827788344131      0.9108092396658050       0.0002011396487396       
-0.9129827788344134      -0.9978264608313916      0.0002011396487396       
-0.9978153729931268      -0.8734455177518143      0.0002407727660459       
0.8712608907449411       -0.8734455177518143      0.0002407727660459       
0.8712608907449411       -0.9978153729931268      0.0002407727660459       
-0.9978153729931268      0.8712608907449411       0.0002407727660459       
-0.8734455177518143      0.8712608907449411       0.0002407727660459       
-0.8734455177518143      -0.9978153729931268      0.0002407727660459       
-0.9978211583333210      -0.8271191740764254      0.0002774693889943       
0.8249403324097464       -0.8271191740764254      0.0002774693889943       
0.8249403324097464       -0.9978211583333210      0.0002774693889943       
-0.9978211583333210      0.8249403324097464       0.0002774693889943       
-0.8271191740764254      0.8249403324097464       0.0002774693889943       
-0.8271191740764254      -0.9978211583333210      0.0002774693889943       
-0.9977489159561562      -0.7743012366109578      0.0003229368893516       
0.7720501525671140       -0.7743012366109578      0.0003229368893516       
0.7720501525671140       -0.9977489159561562      0.0003229368893516       
-0.9977489159561562      0.7720501525671140       0.0003229368893516       
-0.7743012366109577      0.7720501525671140       0.0003229368893516       
-0.7743012366109578      -0.9977489159561562      0.0003229368893516       
-0.9978798011546905      -0.7152787912022140      0.0003377560606068       
0.7131585923569046       -0.7152787912022140      0.0003377560606068       
0.7131585923569046       -0.9978798011546904      0.0003377560606068       
-0.9978798011546904      0.7131585923569046       0.0003377560606068       
-0.7152787912022142      0.7131585923569046       0.0003377560606068       
-0.7152787912022143      -0.9978798011546904      0.0003377560606068       
-0.9978238177593728      -0.6505105483084035      0.0003760950837096       
0.6483343660677763       -0.6505105483084035      0.0003760950837096       
0.6483343660677763       -0.9978238177593728      0.0003760950837096       
-0.9978238177593728      0.6483343660677763       0.0003760950837096       
-0.6505105483084035      0.6483343660677763       0.0003760950837096       
-0.6505105483084035      -0.9978238177593728      0.0003760950837096       
-0.9980292770593479      -0.5805117198769576      0.0003670138272770       
0.5785409969363053       -0.5805117198769576      0.0003670138272770       
0.5785409969363053       -0.9980292770593479      0.0003670138272770       
-0.9980292770593479      0.5785409969363053       0.0003670138272770       
-0.5805117198769576      0.5785409969363053       0.0003670138272770       
-0.5805117198769576      -0.9980292770593479      0.0003670138272770       
-0.9975400449880154      -0.5063558528072083      0.0004808383808806       
0.5038958977952237       -0.5063558528072083      0.0004808383808806       
0.5038958977952237       -0.9975400449880154      0.0004808383808806       
-0.9975400449880154      0.5038958977952237       0.0004808383808806       
-0.5063558528072083      0.5038958977952237       0.0004808383808806       
-0.5063558528072083      -0.9975400449880154      0.0004808383808806       
-0.9992416723815134      -0.4277739307551806      0.0002134479313967       
0.4270156031366940       -0.4277739307551806      0.0002134479313967       
0.4270156031366940       -0.9992416723815134      0.0002134479313967       
-0.9992416723815134      0.4270156031366940       0.0002134479313967       
-0.4277739307551806      0.4270156031366940       0.0002134479313967       
-0.4277739307551806      -0.9992416723815134      0.0002134479313967       
-0.9978894297707396      -0.3466213517526054      0.0004481483150082       
0.3445107815233450       -0.3466213517526054      0.0004481483150082       
0.3445107815233450       -0.9978894297707396      0.0004481483150082       
-0.9978894297707396      0.3445107815233450       0.0004481483150082       
-0.3466213517526054      0.3445107815233450       0.0004481483150082       
-0.3466213517526054      -0.9978894297707396      0.0004481483150082       
-0.9990935746317930      -0.2610412203917958      0.0002338966819213       
0.2601347950235888       -0.2610412203917958      0.0002338966819213       
0.2601347950235888       -0.9990935746317930      0.0002338966819213       
-0.9990935746317932      0.2601347950235888       0.0002338966819213       
-0.2610412203917956      0.2601347950235888       0.0002338966819213       
-0.2610412203917956      -0.9990935746317930      0.0002338966819213       
-0.9983136006337386      -0.1745989957520460      0.0003760666876103       
0.1729125963857845       -0.1745989957520460      0.0003760666876103       
0.1729125963857845       -0.9983136006337386      0.0003760666876103       
-0.9983136006337386      0.1729125963857845       0.0003760666876103       
-0.1745989957520460      0.1729125963857845       0.0003760666876103       
-0.1745989957520460      -0.9983136006337386      0.0003760666876103       
-0.9998449801966272      -0.0847570369096278      0.0001526516323457       
0.0846020171062549       -0.0847570369096278      0.0001526516323457       
0.0846020171062549       -0.9998449801966272      0.0001526516323457       
-0.9998449801966272      0.0846020171062549       0.0001526516323457       
-0.0847570369096278      0.0846020171062549       0.0001526516323457       
-0.0847570369096278      -0.9998449801966272      0.0001526516323457       
-0.9881740257057569      -0.9706251374872560      0.0002836701069671       
0.9587991631930128       -0.9706251374872560      0.0002836701069671       
0.9587991631930128       -0.9881740257057569      0.0002836701069671       
-0.9881740257057566      0.9587991631930128       0.0002836701069671       
-0.9706251374872562      0.9587991631930128       0.0002836701069671       
-0.9706251374872560      -0.9881740257057569      0.0002836701069671       
-0.9881952065156682      -0.9457321209476210      0.0003809309645269       
0.9339273274632894       -0.9457321209476210      0.0003809309645269       
0.9339273274632894       -0.9881952065156682      0.0003809309645269       
-0.9881952065156682      0.9339273274632894       0.0003809309645269       
-0.9457321209476212      0.9339273274632894       0.0003809309645269       
-0.9457321209476210      -0.9881952065156682      0.0003809309645269       
-0.9885286120157670      -0.9134703720062458      0.0004672782918629       
0.9019989840220128       -0.9134703720062458      0.0004672782918629       
0.9019989840220128       -0.9885286120157670      0.0004672782918629       
-0.9885286120157670      0.9019989840220128       0.0004672782918629       
-0.9134703720062458      0.9019989840220128       0.0004672782918629       
-0.9134703720062458      -0.9885286120157670      0.0004672782918629       
-0.9885274307909792      -0.8740608480510823      0.0005559878932169       
0.8625882788420616       -0.8740608480510823      0.0005559878932169       
0.8625882788420616       -0.9885274307909792      0.0005559878932169       
-0.9885274307909792      0.8625882788420616       0.0005559878932169       
-0.8740608480510823      0.8625882788420616       0.0005559878932169       
-0.8740608480510823      -0.9885274307909792      0.0005559878932169       
-0.9885230222333408      -0.8277807036128786      0.0006447549424341       
0.8163037258462194       -0.8277807036128786      0.0006447549424341       
0.8163037258462194       -0.9885230222333408      0.0006447549424341       
-0.9885230222333408      0.8163037258462194       0.0006447549424341       
-0.8277807036128786      0.8163037258462194       0.0006447549424341       
-0.8277807036128786      -0.9885230222333408      0.0006447549424341       
-0.9882033882563098      -0.7750940134869049      0.0007407371859288       
0.7632974017432146       -0.7750940134869049      0.0007407371859288       
0.7632974017432146       -0.9882033882563098      0.0007407371859288       
-0.9882033882563096      0.7632974017432146       0.0007407371859288       
-0.7750940134869050      0.7632974017432146       0.0007407371859288       
-0.7750940134869049      -0.9882033882563098      0.0007407371859288       
-0.9887622638484552      -0.7164210082031093      0.0007874903865590       
0.7051832720515645       -0.7164210082031093      0.0007874903865590       
0.7051832720515646       -0.9887622638484552      0.0007874903865590       
-0.9887622638484552      0.7051832720515645       0.0007874903865590       
-0.7164210082031094      0.7051832720515645       0.0007874903865590       
-0.7164210082031094      -0.9887622638484552      0.0007874903865590       
-0.9886270003488296      -0.6524306945659928      0.0008498580202108       
0.6410576949148223       -0.6524306945659928      0.0008498580202108       
0.6410576949148223       -0.9886270003488296      0.0008498580202108       
-0.9886270003488296      0.6410576949148223       0.0008498580202108       
-0.6524306945659928      0.6410576949148223       0.0008498580202108       
-0.6524306945659928      -0.9886270003488296      0.0008498580202108       
-0.9894618445015529      -0.5831273831617851      0.0008689532263624       
0.5725892276633382       -0.5831273831617851      0.0008689532263624       
0.5725892276633382       -0.9894618445015529      0.0008689532263624       
-0.9894618445015529      0.5725892276633382       0.0008689532263624       
-0.5831273831617851      0.5725892276633382       0.0008689532263624       
-0.5831273831617851      -0.9894618445015529      0.0008689532263624       
-0.9871214570333354      -0.5098634901793309      0.0011051050094496       
0.4969849472126662       -0.5098634901793309      0.0011051050094496       
0.4969849472126662       -0.9871214570333354      0.0011051050094496       
-0.9871214570333354      0.4969849472126662       0.0011051050094496       
-0.5098634901793309      0.4969849472126662       0.0011051050094496       
-0.5098634901793309      -0.9871214570333354      0.0011051050094496       
-0.9926955271629118      -0.4297318729069528      0.0008515198612014       
0.4224274000698646       -0.4297318729069528      0.0008515198612014       
0.4224274000698647       -0.9926955271629118      0.0008515198612014       
-0.9926955271629120      0.4224274000698647       0.0008515198612014       
-0.4297318729069527      0.4224274000698647       0.0008515198612014       
-0.4297318729069527      -0.9926955271629118      0.0008515198612014       
-0.9891695337101534      -0.3498463126762656      0.0009684033487808       
0.3390158463864190       -0.3498463126762656      0.0009684033487808       
0.3390158463864190       -0.9891695337101534      0.0009684033487808       
-0.9891695337101534      0.3390158463864190       0.0009684033487808       
-0.3498463126762656      0.3390158463864190       0.0009684033487808       
-0.3498463126762656      -0.9891695337101534      0.0009684033487808       
-0.9933004197507880      -0.2651806307145402      0.0007704043973031       
0.2584810504653282       -0.2651806307145402      0.0007704043973031       
0.2584810504653281       -0.9933004197507880      0.0007704043973031       
-0.9933004197507878      0.2584810504653281       0.0007704043973031       
-0.2651806307145402      0.2584810504653281       0.0007704043973031       
-0.2651806307145402      -0.9933004197507880      0.0007704043973031       
-0.9914206020869660      -0.1821370610834183      0.0007965423744523       
0.1735576631703844       -0.1821370610834183      0.0007965423744523       
0.1735576631703843       -0.9914206020869660      0.0007965423744523       
-0.9914206020869660      0.1735576631703844       0.0007965423744523       
-0.1821370610834183      0.1735576631703844       0.0007965423744523       
-0.1821370610834184      -0.9914206020869660      0.0007965423744523       
-0.9940580885990274      -0.0925050814054174      0.0008445560301158       
0.0865631700044448       -0.0925050814054174      0.0008445560301158       
0.0865631700044447       -0.9940580885990272      0.0008445560301158       
-0.9940580885990272      0.0865631700044447       0.0008445560301158       
-0.0925050814054175      0.0865631700044447       0.0008445560301158       
-0.0925050814054174      -0.9940580885990272      0.0008445560301158       
-0.9711778550617340      -0.9461844259974784      0.0005889356515078       
0.9173622810592124       -0.9461844259974784      0.0005889356515078       
0.9173622810592124       -0.9711778550617340      0.0005889356515078       
-0.9711778550617340      0.9173622810592124       0.0005889356515078       
-0.9461844259974784      0.9173622810592124       0.0005889356515078       
-0.9461844259974784      -0.9711778550617340      0.0005889356515078       
-0.9717661469883346      -0.9140555931633372      0.0007313630632004       
0.8858217401516717       -0.9140555931633372      0.0007313630632004       
0.8858217401516717       -0.9717661469883346      0.0007313630632004       
-0.9717661469883346      0.8858217401516717       0.0007313630632004       
-0.9140555931633372      0.8858217401516717       0.0007313630632004       
-0.9140555931633372      -0.9717661469883346      0.0007313630632004       
-0.9719383338121332      -0.8748934397618406      0.0008595440153131       
0.8468317735739739       -0.8748934397618406      0.0008595440153131       
0.8468317735739739       -0.9719383338121332      0.0008595440153131       
-0.9719383338121332      0.8468317735739739       0.0008595440153131       
-0.8748934397618406      0.8468317735739739       0.0008595440153131       
-0.8748934397618406      -0.9719383338121332      0.0008595440153131       
-0.9718428514605960      -0.8290759866108190      0.0009969902748803       
0.8009188380714150       -0.8290759866108190      0.0009969902748803       
0.8009188380714150       -0.9718428514605960      0.0009969902748803       
-0.9718428514605960      0.8009188380714150       0.0009969902748803       
-0.8290759866108190      0.8009188380714150       0.0009969902748803       
-0.8290759866108190      -0.9718428514605960      0.0009969902748803       
-0.9712742926329910      -0.7769787696399353      0.0011329656811642       
0.7482530622729262       -0.7769787696399353      0.0011329656811642       
0.7482530622729262       -0.9712742926329910      0.0011329656811642       
-0.9712742926329910      0.7482530622729262       0.0011329656811642       
-0.7769787696399353      0.7482530622729262       0.0011329656811642       
-0.7769787696399353      -0.9712742926329910      0.0011329656811642       
-0.9721497706102717      -0.7186376769036813      0.0012485383112570       
0.6907874475139530       -0.7186376769036813      0.0012485383112570       
0.6907874475139530       -0.9721497706102717      0.0012485383112570       
-0.9721497706102717      0.6907874475139530       0.0012485383112570       
-0.7186376769036813      0.6907874475139530       0.0012485383112570       
-0.7186376769036813      -0.9721497706102717      0.0012485383112570       
-0.9724402196955000      -0.6547363862921756      0.0012984784261886       
0.6271766059876756       -0.6547363862921756      0.0012984784261886       
0.6271766059876756       -0.9724402196955000      0.0012984784261886       
-0.9724402196955000      0.6271766059876756       0.0012984784261886       
-0.6547363862921756      0.6271766059876756       0.0012984784261886       
-0.6547363862921756      -0.9724402196955000      0.0012984784261886       
-0.9736527886673664      -0.5859714505903808      0.0013794294628126       
0.5596242392577473       -0.5859714505903808      0.0013794294628126       
0.5596242392577473       -0.9736527886673664      0.0013794294628126       
-0.9736527886673664      0.5596242392577473       0.0013794294628126       
-0.5859714505903808      0.5596242392577473       0.0013794294628126       
-0.5859714505903808      -0.9736527886673664      0.0013794294628126       
-0.9683768987636048      -0.5148124650596089      0.0016946620876580       
0.4831893638232137       -0.5148124650596089      0.0016946620876580       
0.4831893638232136       -0.9683768987636046      0.0016946620876580       
-0.9683768987636046      0.4831893638232136       0.0016946620876580       
-0.5148124650596090      0.4831893638232136       0.0016946620876580       
-0.5148124650596090      -0.9683768987636046      0.0016946620876580       
-0.9779308200620423      -0.4358227748648593      0.0014824293476420       
0.4137535949269018       -0.4358227748648593      0.0014824293476420       
0.4137535949269018       -0.9779308200620423      0.0014824293476420       
-0.9779308200620423      0.4137535949269018       0.0014824293476420       
-0.4358227748648593      0.4137535949269018       0.0014824293476420       
-0.4358227748648593      -0.9779308200620423      0.0014824293476420       
-0.9749575242632836      -0.3569227466435087      0.0013654741894419       
0.3318802709067922       -0.3569227466435087      0.0013654741894419       
0.3318802709067923       -0.9749575242632836      0.0013654741894419       
-0.9749575242632836      0.3318802709067923       0.0013654741894419       
-0.3569227466435086      0.3318802709067923       0.0013654741894419       
-0.3569227466435086      -0.9749575242632836      0.0013654741894419       
-0.9805452412316122      -0.2697563541705836      0.0013881594451155       
0.2503015954021958       -0.2697563541705836      0.0013881594451155       
0.2503015954021959       -0.9805452412316122      0.0013881594451155       
-0.9805452412316124      0.2503015954021959       0.0013881594451155       
-0.2697563541705835      0.2503015954021959       0.0013881594451155       
-0.2697563541705835      -0.9805452412316122      0.0013881594451155       
-0.9797698944884478      -0.1816847232885898      0.0012620815208925       
0.1614546177770377       -0.1816847232885898      0.0012620815208925       
0.1614546177770377       -0.9797698944884478      0.0012620815208925       
-0.9797698944884480      0.1614546177770377       0.0012620815208925       
-0.1816847232885898      0.1614546177770377       0.0012620815208925       
-0.1816847232885898      -0.9797698944884478      0.0012620815208925       
-0.9810737676933921      -0.0954681122236217      0.0014200455853779       
0.0765418799170137       -0.0954681122236217      0.0014200455853779       
0.0765418799170137       -0.9810737676933921      0.0014200455853779       
-0.9810737676933921      0.0765418799170137       0.0014200455853779       
-0.0954681122236217      0.0765418799170137       0.0014200455853779       
-0.0954681122236217      -0.9810737676933921      0.0014200455853779       
-0.9475720736877368      -0.9155693009803954      0.0009684919259640       
0.8631413746681322       -0.9155693009803954      0.0009684919259640       
0.8631413746681322       -0.9475720736877368      0.0009684919259640       
-0.9475720736877368      0.8631413746681322       0.0009684919259640       
-0.9155693009803954      0.8631413746681322       0.0009684919259640       
-0.9155693009803954      -0.9475720736877368      0.0009684919259640       
-0.9481519480805122      -0.8773666023079849      0.0011363088615524       
0.8255185503884972       -0.8773666023079849      0.0011363088615524       
0.8255185503884972       -0.9481519480805122      0.0011363088615524       
-0.9481519480805122      0.8255185503884972       0.0011363088615524       
-0.8773666023079849      0.8255185503884972       0.0011363088615524       
-0.8773666023079849      -0.9481519480805122      0.0011363088615524       
-0.9479655398715532      -0.8325827779427575      0.0013149151510169       
0.7805483178143107       -0.8325827779427575      0.0013149151510169       
0.7805483178143107       -0.9479655398715532      0.0013149151510169       
-0.9479655398715532      0.7805483178143107       0.0013149151510169       
-0.8325827779427575      0.7805483178143107       0.0013149151510169       
-0.8325827779427575      -0.9479655398715532      0.0013149151510169       
-0.9472986286028702      -0.7816060484749598      0.0014816142465514       
0.7289046770778300       -0.7816060484749598      0.0014816142465514       
0.7289046770778300       -0.9472986286028702      0.0014816142465514       
-0.9472986286028700      0.7289046770778300       0.0014816142465514       
-0.7816060484749600      0.7289046770778300       0.0014816142465514       
-0.7816060484749598      -0.9472986286028702      0.0014816142465514       
-0.9478761184941213      -0.7244625265769731      0.0016781642018858       
0.6723386450710944       -0.7244625265769731      0.0016781642018858       
0.6723386450710944       -0.9478761184941212      0.0016781642018858       
-0.9478761184941212      0.6723386450710944       0.0016781642018858       
-0.7244625265769732      0.6723386450710944       0.0016781642018858       
-0.7244625265769733      -0.9478761184941212      0.0016781642018858       
-0.9494795001406398      -0.6616116688596749      0.0017225084155842       
0.6110911690003147       -0.6616116688596749      0.0017225084155842       
0.6110911690003147       -0.9494795001406398      0.0017225084155842       
-0.9494795001406398      0.6110911690003147       0.0017225084155842       
-0.6616116688596749      0.6110911690003147       0.0017225084155842       
-0.6616116688596749      -0.9494795001406398      0.0017225084155842       
-0.9503987030281876      -0.5929987948638231      0.0019104200678021       
0.5433974978920106       -0.5929987948638231      0.0019104200678021       
0.5433974978920106       -0.9503987030281876      0.0019104200678021       
-0.9503987030281876      0.5433974978920106       0.0019104200678021       
-0.5929987948638231      0.5433974978920106       0.0019104200678021       
-0.5929987948638231      -0.9503987030281876      0.0019104200678021       
-0.9420817745607264      -0.5217235291879712      0.0022509376604942       
0.4638053037486976       -0.5217235291879712      0.0022509376604942       
0.4638053037486976       -0.9420817745607264      0.0022509376604942       
-0.9420817745607264      0.4638053037486976       0.0022509376604942       
-0.5217235291879712      0.4638053037486976       0.0022509376604942       
-0.5217235291879712      -0.9420817745607264      0.0022509376604942       
-0.9549485676597076      -0.4412003793643442      0.0021229565674796       
0.3961489470240518       -0.4412003793643442      0.0021229565674796       
0.3961489470240518       -0.9549485676597076      0.0021229565674796       
-0.9549485676597078      0.3961489470240518       0.0021229565674796       
-0.4412003793643441      0.3961489470240518       0.0021229565674796       
-0.4412003793643441      -0.9549485676597076      0.0021229565674796       
-0.9556576031216588      -0.3607739893965582      0.0017879769012311       
0.3164315925182170       -0.3607739893965582      0.0017879769012311       
0.3164315925182170       -0.9556576031216588      0.0017879769012311       
-0.9556576031216588      0.3164315925182170       0.0017879769012311       
-0.3607739893965582      0.3164315925182170       0.0017879769012311       
-0.3607739893965582      -0.9556576031216588      0.0017879769012311       
-0.9614428430197736      -0.2792329555112176      0.0018013678210447       
0.2406757985309913       -0.2792329555112176      0.0018013678210447       
0.2406757985309914       -0.9614428430197736      0.0018013678210447       
-0.9614428430197736      0.2406757985309913       0.0018013678210447       
-0.2792329555112176      0.2406757985309913       0.0018013678210447       
-0.2792329555112176      -0.9614428430197736      0.0018013678210447       
-0.9621778246970480      -0.1968748678795858      0.0017810411251502       
0.1590526925766338       -0.1968748678795858      0.0017810411251502       
0.1590526925766338       -0.9621778246970480      0.0017810411251502       
-0.9621778246970480      0.1590526925766338       0.0017810411251502       
-0.1968748678795858      0.1590526925766338       0.0017810411251502       
-0.1968748678795858      -0.9621778246970480      0.0017810411251502       
-0.9611867048210722      -0.1088459203951795      0.0020593993379417       
0.0700326252162518       -0.1088459203951795      0.0020593993379417       
0.0700326252162518       -0.9611867048210722      0.0020593993379417       
-0.9611867048210722      0.0700326252162518       0.0020593993379417       
-0.1088459203951795      0.0700326252162518       0.0020593993379417       
-0.1088459203951795      -0.9611867048210722      0.0020593993379417       
-0.9172611166339750      -0.8778561695544957      0.0014333746537867       
0.7951172861884708       -0.8778561695544957      0.0014333746537867       
0.7951172861884708       -0.9172611166339750      0.0014333746537867       
-0.9172611166339750      0.7951172861884708       0.0014333746537867       
-0.8778561695544957      0.7951172861884708       0.0014333746537867       
-0.8778561695544957      -0.9172611166339750      0.0014333746537867       
-0.9171657769475944      -0.8329538780632157      0.0016402907307061       
0.7501196550108102       -0.8329538780632157      0.0016402907307061       
0.7501196550108102       -0.9171657769475944      0.0016402907307061       
-0.9171657769475944      0.7501196550108102       0.0016402907307061       
-0.8329538780632157      0.7501196550108102       0.0016402907307061       
-0.8329538780632157      -0.9171657769475944      0.0016402907307061       
-0.9165227001587688      -0.7817112427379496      0.0018514330822717       
0.6982339428967184       -0.7817112427379496      0.0018514330822717       
0.6982339428967184       -0.9165227001587688      0.0018514330822717       
-0.9165227001587686      0.6982339428967184       0.0018514330822717       
-0.7817112427379497      0.6982339428967184       0.0018514330822717       
-0.7817112427379496      -0.9165227001587688      0.0018514330822717       
-0.9162813185877114      -0.7247085176168737      0.0021024552530704       
0.6409898362045852       -0.7247085176168737      0.0021024552530704       
0.6409898362045852       -0.9162813185877114      0.0021024552530704       
-0.9162813185877114      0.6409898362045852       0.0021024552530704       
-0.7247085176168737      0.6409898362045852       0.0021024552530704       
-0.7247085176168737      -0.9162813185877114      0.0021024552530704       
-0.9198999690830970      -0.6623038634533811      0.0021339554422105       
0.5822038325364780       -0.6623038634533811      0.0021339554422105       
0.5822038325364780       -0.9198999690830970      0.0021339554422105       
-0.9198999690830970      0.5822038325364780       0.0021339554422105       
-0.6623038634533811      0.5822038325364780       0.0021339554422105       
-0.6623038634533811      -0.9198999690830970      0.0021339554422105       
-0.9200177424953944      -0.5959883507019790      0.0022945569224665       
0.5160060931973733       -0.5959883507019790      0.0022945569224665       
0.5160060931973733       -0.9200177424953944      0.0022945569224665       
-0.9200177424953944      0.5160060931973733       0.0022945569224665       
-0.5959883507019790      0.5160060931973733       0.0022945569224665       
-0.5959883507019790      -0.9200177424953944      0.0022945569224665       
-0.9242729215905420      -0.4509092113377566      0.0026325394653755       
0.3751821329282987       -0.4509092113377566      0.0026325394653755       
0.3751821329282987       -0.9242729215905420      0.0026325394653755       
-0.9242729215905420      0.3751821329282987       0.0026325394653755       
-0.4509092113377566      0.3751821329282987       0.0026325394653755       
-0.4509092113377566      -0.9242729215905420      0.0026325394653755       
-0.9296824083333266      -0.3700030199147516      0.0024620083112008       
0.2996854282480782       -0.3700030199147516      0.0024620083112008       
0.2996854282480781       -0.9296824083333264      0.0024620083112008       
-0.9296824083333264      0.2996854282480781       0.0024620083112008       
-0.3700030199147516      0.2996854282480781       0.0024620083112008       
-0.3700030199147516      -0.9296824083333264      0.0024620083112008       
-0.9357817816355892      -0.2829546576877386      0.0025270166642785       
0.2187364393233277       -0.2829546576877386      0.0025270166642785       
0.2187364393233277       -0.9357817816355892      0.0025270166642785       
-0.9357817816355892      0.2187364393233278       0.0025270166642785       
-0.2829546576877386      0.2187364393233278       0.0025270166642785       
-0.2829546576877386      -0.9357817816355892      0.0025270166642785       
-0.9379431862062362      -0.1948939101518638      0.0024002018449679       
0.1328370963581000       -0.1948939101518638      0.0024002018449679       
0.1328370963581000       -0.9379431862062362      0.0024002018449679       
-0.9379431862062362      0.1328370963581000       0.0024002018449679       
-0.1948939101518638      0.1328370963581000       0.0024002018449679       
-0.1948939101518638      -0.9379431862062362      0.0024002018449679       
-0.9351232430363920      -0.1111576178789442      0.0023009853935566       
0.0462808609153362       -0.1111576178789442      0.0023009853935566       
0.0462808609153362       -0.9351232430363920      0.0023009853935566       
-0.9351232430363920      0.0462808609153362       0.0023009853935566       
-0.1111576178789442      0.0462808609153362       0.0023009853935566       
-0.1111576178789442      -0.9351232430363920      0.0023009853935566       
-0.8799649081149881      -0.8348661991899855      0.0019168543146205       
0.7148311073049736       -0.8348661991899855      0.0019168543146205       
0.7148311073049737       -0.8799649081149880      0.0019168543146205       
-0.8799649081149880      0.7148311073049736       0.0019168543146205       
-0.8348661991899856      0.7148311073049736       0.0019168543146205       
-0.8348661991899856      -0.8799649081149880      0.0019168543146205       
-0.8791564534574003      -0.7844714931170194      0.0021602788519973       
0.6636279465744197       -0.7844714931170194      0.0021602788519973       
0.6636279465744197       -0.8791564534574003      0.0021602788519973       
-0.8791564534574003      0.6636279465744197       0.0021602788519973       
-0.7844714931170194      0.6636279465744197       0.0021602788519973       
-0.7844714931170194      -0.8791564534574003      0.0021602788519973       
-0.8775713657756898      -0.7287419425116726      0.0024582648635592       
0.6063133082873624       -0.7287419425116726      0.0024582648635592       
0.6063133082873624       -0.8775713657756898      0.0024582648635592       
-0.8775713657756898      0.6063133082873624       0.0024582648635592       
-0.7287419425116726      0.6063133082873624       0.0024582648635592       
-0.7287419425116726      -0.8775713657756898      0.0024582648635592       
-0.8829532439200858      -0.6670645723620341      0.0025878187964457       
0.5500178162821199       -0.6670645723620341      0.0025878187964457       
0.5500178162821199       -0.8829532439200860      0.0025878187964457       
-0.8829532439200859      0.5500178162821199       0.0025878187964457       
-0.6670645723620340      0.5500178162821199       0.0025878187964457       
-0.6670645723620339      -0.8829532439200860      0.0025878187964457       
-0.8837933341346542      -0.6011548055392837      0.0026124878762838       
0.4849481396739379       -0.6011548055392837      0.0026124878762838       
0.4849481396739379       -0.8837933341346542      0.0026124878762838       
-0.8837933341346542      0.4849481396739379       0.0026124878762838       
-0.6011548055392837      0.4849481396739379       0.0026124878762838       
-0.6011548055392837      -0.8837933341346542      0.0026124878762838       
-0.9079503049045567      -0.5278865453886639      0.0026857708017008       
0.4358368502932206       -0.5278865453886639      0.0026857708017008       
0.4358368502932206       -0.9079503049045567      0.0026857708017008       
-0.9079503049045567      0.4358368502932206       0.0026857708017008       
-0.5278865453886638      0.4358368502932206       0.0026857708017008       
-0.5278865453886638      -0.9079503049045567      0.0026857708017008       
-0.8860266507795411      -0.4601309842874875      0.0029462937345013       
0.3461576350670286       -0.4601309842874875      0.0029462937345013       
0.3461576350670286       -0.8860266507795411      0.0029462937345013       
-0.8860266507795410      0.3461576350670286       0.0029462937345013       
-0.4601309842874876      0.3461576350670286       0.0029462937345013       
-0.4601309842874876      -0.8860266507795411      0.0029462937345013       
-0.8951810318655185      -0.3874793402255397      0.0027028900504000       
0.2826603720910582       -0.3874793402255397      0.0027028900504000       
0.2826603720910581       -0.8951810318655182      0.0027028900504000       
-0.8951810318655183      0.2826603720910581       0.0027028900504000       
-0.3874793402255398      0.2826603720910581       0.0027028900504000       
-0.3874793402255398      -0.8951810318655182      0.0027028900504000       
-0.9022825474858908      -0.3101277612589344      0.0028455357419168       
0.2124103087448252       -0.3101277612589344      0.0028455357419168       
0.2124103087448253       -0.9022825474858908      0.0028455357419168       
-0.9022825474858908      0.2124103087448252       0.0028455357419168       
-0.3101277612589344      0.2124103087448252       0.0028455357419168       
-0.3101277612589344      -0.9022825474858908      0.0028455357419168       
-0.9064697142446771      -0.2264192656103645      0.0029410703501817       
0.1328889798550417       -0.2264192656103645      0.0029410703501817       
0.1328889798550417       -0.9064697142446771      0.0029410703501817       
-0.9064697142446771      0.1328889798550417       0.0029410703501817       
-0.2264192656103645      0.1328889798550417       0.0029410703501817       
-0.2264192656103645      -0.9064697142446771      0.0029410703501817       
-0.9065543751850836      -0.1413374983682158      0.0027003561094999       
0.0478918735532994       -0.1413374983682158      0.0027003561094999       
0.0478918735532994       -0.9065543751850836      0.0027003561094999       
-0.9065543751850836      0.0478918735532994       0.0027003561094999       
-0.1413374983682158      0.0478918735532994       0.0027003561094999       
-0.1413374983682158      -0.9065543751850836      0.0027003561094999       
-0.8354382306974366      -0.7874190734073965      0.0024471178781351       
0.6228573041048331       -0.7874190734073965      0.0024471178781351       
0.6228573041048331       -0.8354382306974366      0.0024471178781351       
-0.8354382306974365      0.6228573041048331       0.0024471178781351       
-0.7874190734073966      0.6228573041048331       0.0024471178781351       
-0.7874190734073965      -0.8354382306974366      0.0024471178781351       
-0.8324533336145237      -0.7324082740946567      0.0027861502405504       
0.5648616077091804       -0.7324082740946567      0.0027861502405504       
0.5648616077091804       -0.8324533336145237      0.0027861502405504       
-0.8324533336145236      0.5648616077091804       0.0027861502405504       
-0.7324082740946568      0.5648616077091804       0.0027861502405504       
-0.7324082740946567      -0.8324533336145237      0.0027861502405504       
-0.8385966554592912      -0.6715805060241347      0.0030103001780918       
0.5101771614834258       -0.6715805060241347      0.0030103001780918       
0.5101771614834258       -0.8385966554592912      0.0030103001780918       
-0.8385966554592912      0.5101771614834258       0.0030103001780918       
-0.6715805060241347      0.5101771614834258       0.0030103001780918       
-0.6715805060241347      -0.8385966554592912      0.0030103001780918       
-0.8436726160810082      -0.6059221038071783      0.0028060919871844       
0.4495947198881865       -0.6059221038071783      0.0028060919871844       
0.4495947198881864       -0.8436726160810082      0.0028060919871844       
-0.8436726160810081      0.4495947198881864       0.0028060919871844       
-0.6059221038071784      0.4495947198881864       0.0028060919871844       
-0.6059221038071783      -0.8436726160810082      0.0028060919871844       
-0.8672759896567726      -0.5338761566322465      0.0030804361082340       
0.4011521462890190       -0.5338761566322465      0.0030804361082340       
0.4011521462890190       -0.8672759896567726      0.0030804361082340       
-0.8672759896567726      0.4011521462890190       0.0030804361082340       
-0.5338761566322465      0.4011521462890190       0.0030804361082340       
-0.5338761566322465      -0.8672759896567726      0.0030804361082340       
-0.8422177844955547      -0.4619787322136080      0.0036941032965986       
0.3041965167091627       -0.4619787322136080      0.0036941032965986       
0.3041965167091627       -0.8422177844955547      0.0036941032965986       
-0.8422177844955547      0.3041965167091627       0.0036941032965986       
-0.4619787322136080      0.3041965167091627       0.0036941032965986       
-0.4619787322136080      -0.8422177844955547      0.0036941032965986       
-0.8563970519808572      -0.3799456091911035      0.0035878105151353       
0.2363426611719608       -0.3799456091911035      0.0035878105151353       
0.2363426611719608       -0.8563970519808572      0.0035878105151353       
-0.8563970519808574      0.2363426611719608       0.0035878105151353       
-0.3799456091911034      0.2363426611719608       0.0035878105151353       
-0.3799456091911034      -0.8563970519808572      0.0035878105151353       
-0.8653784622031475      -0.2953030033852682      0.0034569308824652       
0.1606814655884157       -0.2953030033852682      0.0034569308824652       
0.1606814655884157       -0.8653784622031475      0.0034569308824652       
-0.8653784622031475      0.1606814655884157       0.0034569308824652       
-0.2953030033852682      0.1606814655884157       0.0034569308824652       
-0.2953030033852682      -0.8653784622031475      0.0034569308824652       
-0.8693628595138614      -0.2112143056412426      0.0033932004113199       
0.0805771651551039       -0.2112143056412426      0.0033932004113199       
0.0805771651551039       -0.8693628595138614      0.0033932004113199       
-0.8693628595138614      0.0805771651551039       0.0033932004113199       
-0.2112143056412426      0.0805771651551039       0.0033932004113199       
-0.2112143056412426      -0.8693628595138614      0.0033932004113199       
-0.8762581581511978      -0.1246326587551496      0.0027045100632661       
0.0008908169063473       -0.1246326587551496      0.0027045100632661       
0.0008908169063473       -0.8762581581511978      0.0027045100632661       
-0.8762581581511978      0.0008908169063473       0.0027045100632661       
-0.1246326587551495      0.0008908169063473       0.0027045100632661       
-0.1246326587551495      -0.8762581581511978      0.0027045100632661       
-0.7812154428990490      -0.7305599085289523      0.0030796962104778       
0.5117753514280012       -0.7305599085289523      0.0030796962104778       
0.5117753514280012       -0.7812154428990490      0.0030796962104778       
-0.7812154428990491      0.5117753514280012       0.0030796962104778       
-0.7305599085289521      0.5117753514280012       0.0030796962104778       
-0.7305599085289523      -0.7812154428990490      0.0030796962104778       
-0.7879628341989229      -0.6728945956752921      0.0031694256879856       
0.4608574298742149       -0.6728945956752921      0.0031694256879856       
0.4608574298742149       -0.7879628341989231      0.0031694256879856       
-0.7879628341989230      0.4608574298742150       0.0031694256879856       
-0.6728945956752920      0.4608574298742150       0.0031694256879856       
-0.6728945956752919      -0.7879628341989231      0.0031694256879856       
-0.7997654685121032      -0.6104026312866819      0.0030201271085221       
0.4101680997987851       -0.6104026312866819      0.0030201271085221       
0.4101680997987851       -0.7997654685121032      0.0030201271085221       
-0.7997654685121032      0.4101680997987851       0.0030201271085221       
-0.6104026312866819      0.4101680997987851       0.0030201271085221       
-0.6104026312866819      -0.7997654685121032      0.0030201271085221       
-0.8210995533845611      -0.5393826059477520      0.0035232850709809       
0.3604821593323131       -0.5393826059477520      0.0035232850709809       
0.3604821593323131       -0.8210995533845611      0.0035232850709809       
-0.8210995533845611      0.3604821593323131       0.0035232850709809       
-0.5393826059477520      0.3604821593323131       0.0035232850709809       
-0.5393826059477520      -0.8210995533845611      0.0035232850709809       
-0.7920271406603814      -0.4683780426028821      0.0030563724821597       
0.2604051832632634       -0.4683780426028821      0.0030563724821597       
0.2604051832632634       -0.7920271406603814      0.0030563724821597       
-0.7920271406603814      0.2604051832632634       0.0030563724821597       
-0.4683780426028821      0.2604051832632634       0.0030563724821597       
-0.4683780426028821      -0.7920271406603814      0.0030563724821597       
-0.8066345306955669      -0.4008565780965532      0.0036619539505552       
0.2074911087921201       -0.4008565780965532      0.0036619539505552       
0.2074911087921201       -0.8066345306955669      0.0036619539505552       
-0.8066345306955669      0.2074911087921201       0.0036619539505552       
-0.4008565780965532      0.2074911087921201       0.0036619539505552       
-0.4008565780965532      -0.8066345306955669      0.0036619539505552       
-0.8191380487344599      -0.3240841362094234      0.0036293902811029       
0.1432221849438833       -0.3240841362094234      0.0036293902811029       
0.1432221849438832       -0.8191380487344599      0.0036293902811029       
-0.8191380487344599      0.1432221849438833       0.0036293902811029       
-0.3240841362094234      0.1432221849438833       0.0036293902811029       
-0.3240841362094234      -0.8191380487344599      0.0036293902811029       
-0.8240555338013927      -0.2467589936590396      0.0036429682920838       
0.0708145274604324       -0.2467589936590396      0.0036429682920838       
0.0708145274604324       -0.8240555338013928      0.0036429682920838       
-0.8240555338013927      0.0708145274604324       0.0036429682920838       
-0.2467589936590396      0.0708145274604324       0.0036429682920838       
-0.2467589936590396      -0.8240555338013928      0.0036429682920838       
-0.8346170092424987      -0.1623495256186367      0.0036098781488350       
-0.0030334651388646      -0.1623495256186367      0.0036098781488350       
-0.0030334651388646      -0.8346170092424987      0.0036098781488350       
-0.8346170092424987      -0.0030334651388646      0.0036098781488350       
-0.1623495256186367      -0.0030334651388646      0.0036098781488350       
-0.1623495256186367      -0.8346170092424987      0.0036098781488350       
-0.7368354582608698      -0.6571608574084948      0.0038609130124798       
0.3939963156693646       -0.6571608574084948      0.0038609130124798       
0.3939963156693646       -0.7368354582608698      0.0038609130124798       
-0.7368354582608698      0.3939963156693646       0.0038609130124798       
-0.6571608574084948      0.3939963156693646       0.0038609130124798       
-0.6571608574084948      -0.7368354582608698      0.0038609130124798       
-0.7579538583283243      -0.5868304393143786      0.0036220056748350       
0.3447842976427029       -0.5868304393143786      0.0036220056748350       
0.3447842976427029       -0.7579538583283243      0.0036220056748350       
-0.7579538583283243      0.3447842976427029       0.0036220056748350       
-0.5868304393143786      0.3447842976427029       0.0036220056748350       
-0.5868304393143786      -0.7579538583283243      0.0036220056748350       
-0.7757155010576555      -0.5230621301602159      0.0029436635782445       
0.2987776312178713       -0.5230621301602159      0.0029436635782445       
0.2987776312178714       -0.7757155010576557      0.0029436635782445       
-0.7757155010576556      0.2987776312178714       0.0029436635782445       
-0.5230621301602157      0.2987776312178714       0.0029436635782445       
-0.5230621301602157      -0.7757155010576557      0.0029436635782445       
-0.7452471909767056      -0.4397657946959484      0.0046442310984753       
0.1850129856726539       -0.4397657946959484      0.0046442310984753       
0.1850129856726539       -0.7452471909767056      0.0046442310984753       
-0.7452471909767056      0.1850129856726539       0.0046442310984753       
-0.4397657946959484      0.1850129856726539       0.0046442310984753       
-0.4397657946959484      -0.7452471909767056      0.0046442310984753       
-0.7644576387126529      -0.3556584211266960      0.0044407772574789       
0.1201160598393489       -0.3556584211266960      0.0044407772574789       
0.1201160598393489       -0.7644576387126529      0.0044407772574789       
-0.7644576387126529      0.1201160598393489       0.0044407772574789       
-0.3556584211266960      0.1201160598393489       0.0044407772574789       
-0.3556584211266960      -0.7644576387126529      0.0044407772574789       
-0.7741812453673766      -0.2733706999287089      0.0041213603113660       
0.0475519452960855       -0.2733706999287089      0.0041213603113660       
0.0475519452960855       -0.7741812453673766      0.0041213603113660       
-0.7741812453673766      0.0475519452960855       0.0041213603113660       
-0.2733706999287089      0.0475519452960855       0.0041213603113660       
-0.2733706999287089      -0.7741812453673766      0.0041213603113660       
-0.7854817874086866      -0.1882334586442184      0.0042043935038028       
-0.0262847539470950      -0.1882334586442184      0.0042043935038028       
-0.0262847539470950      -0.7854817874086866      0.0042043935038028       
-0.7854817874086866      -0.0262847539470950      0.0042043935038028       
-0.1882334586442184      -0.0262847539470950      0.0042043935038028       
-0.1882334586442184      -0.7854817874086866      0.0042043935038028       
-0.6979651524194020      -0.6004109338075851      0.0044841757134015       
0.2983760862269871       -0.6004109338075851      0.0044841757134015       
0.2983760862269871       -0.6979651524194019      0.0044841757134015       
-0.6979651524194020      0.2983760862269871       0.0044841757134015       
-0.6004109338075850      0.2983760862269871       0.0044841757134015       
-0.6004109338075850      -0.6979651524194019      0.0044841757134015       
-0.7220355285931523      -0.5217929360238125      0.0045850723854613       
0.2438284646169648       -0.5217929360238125      0.0045850723854613       
0.2438284646169648       -0.7220355285931523      0.0045850723854613       
-0.7220355285931523      0.2438284646169648       0.0045850723854613       
-0.5217929360238125      0.2438284646169648       0.0045850723854613       
-0.5217929360238125      -0.7220355285931523      0.0045850723854613       
-0.7028996981856739      -0.3827317116662978      0.0049825679357062       
0.0856314098519717       -0.3827317116662978      0.0049825679357062       
0.0856314098519717       -0.7028996981856739      0.0049825679357062       
-0.7028996981856739      0.0856314098519717       0.0049825679357062       
-0.3827317116662978      0.0856314098519717       0.0049825679357062       
-0.3827317116662978      -0.7028996981856739      0.0049825679357062       
-0.7189427095040779      -0.2981677561036926      0.0045938359945079       
0.0171104656077705       -0.2981677561036926      0.0045938359945079       
0.0171104656077705       -0.7189427095040779      0.0045938359945079       
-0.7189427095040779      0.0171104656077705       0.0045938359945079       
-0.2981677561036926      0.0171104656077705       0.0045938359945079       
-0.2981677561036926      -0.7189427095040779      0.0045938359945079       
-0.7308721349038257      -0.2138581109218482      0.0045002629338441       
-0.0552697541743261      -0.2138581109218482      0.0045002629338441       
-0.0552697541743261      -0.7308721349038256      0.0045002629338441       
-0.7308721349038257      -0.0552697541743261      0.0045002629338441       
-0.2138581109218482      -0.0552697541743261      0.0045002629338441       
-0.2138581109218482      -0.7308721349038256      0.0045002629338441       
-0.6537453467297047      -0.5498056642125013      0.0049847023834335       
0.2035510109422061       -0.5498056642125013      0.0049847023834335       
0.2035510109422061       -0.6537453467297047      0.0049847023834335       
-0.6537453467297047      0.2035510109422061       0.0049847023834335       
-0.5498056642125013      0.2035510109422061       0.0049847023834335       
-0.5498056642125013      -0.6537453467297047      0.0049847023834335       
-0.6793547222746416      -0.4676725938202391      0.0050614829779512       
0.1470273160948807       -0.4676725938202391      0.0050614829779512       
0.1470273160948807       -0.6793547222746414      0.0050614829779512       
-0.6793547222746416      0.1470273160948807       0.0050614829779512       
-0.4676725938202392      0.1470273160948807       0.0050614829779512       
-0.4676725938202392      -0.6793547222746414      0.0050614829779512       
-0.6070753719354317      -0.4982867802753384      0.0053836434924150       
0.1053621522107702       -0.4982867802753384      0.0053836434924150       
0.1053621522107702       -0.6070753719354318      0.0053836434924150       
-0.6070753719354317      0.1053621522107702       0.0053836434924150       
-0.4982867802753385      0.1053621522107702       0.0053836434924150       
-0.4982867802753385      -0.6070753719354318      0.0053836434924150       
-0.6339441820825564      -0.4135996599554124      0.0053809704709128       
0.0475438420379688       -0.4135996599554124      0.0053809704709128       
0.0475438420379688       -0.6339441820825564      0.0053809704709128       
-0.6339441820825564      0.0475438420379688       0.0053809704709128       
-0.4135996599554124      0.0475438420379688       0.0053809704709128       
-0.4135996599554124      -0.6339441820825564      0.0053809704709128       
-0.6561863188188103      -0.3277496370754051      0.0051180830733474       
-0.0160640441057847      -0.3277496370754051      0.0051180830733474       
-0.0160640441057847      -0.6561863188188104      0.0051180830733474       
-0.6561863188188103      -0.0160640441057847      0.0051180830733474       
-0.3277496370754050      -0.0160640441057847      0.0051180830733474       
-0.3277496370754050      -0.6561863188188104      0.0051180830733474       
-0.6719213474859114      -0.2426076776462496      0.0047888139349485       
-0.0854709748678390      -0.2426076776462496      0.0047888139349485       
-0.0854709748678391      -0.6719213474859114      0.0047888139349485       
-0.6719213474859114      -0.0854709748678390      0.0047888139349485       
-0.2426076776462496      -0.0854709748678390      0.0047888139349485       
-0.2426076776462496      -0.6719213474859114      0.0047888139349485       
-0.5590367043006530      -0.4458945444927991      0.0056669781900613       
0.0049312487934521       -0.4458945444927991      0.0056669781900613       
0.0049312487934521       -0.5590367043006530      0.0056669781900613       
-0.5590367043006530      0.0049312487934521       0.0056669781900613       
-0.4458945444927991      0.0049312487934521       0.0056669781900613       
-0.4458945444927991      -0.5590367043006530      0.0056669781900613       
-0.5861206668570539      -0.3597297919677445      0.0055370797464344       
-0.0541495411752015      -0.3597297919677445      0.0055370797464344       
-0.0541495411752015      -0.5861206668570538      0.0055370797464344       
-0.5861206668570539      -0.0541495411752015      0.0055370797464344       
-0.3597297919677446      -0.0541495411752015      0.0055370797464344       
-0.3597297919677446      -0.5861206668570538      0.0055370797464344       
-0.6079474961276315      -0.2732958866597494      0.0051701864421684       
-0.1187566172126190      -0.2732958866597494      0.0051701864421684       
-0.1187566172126190      -0.6079474961276315      0.0051701864421684       
-0.6079474961276315      -0.1187566172126190      0.0051701864421684       
-0.2732958866597494      -0.1187566172126190      0.0051701864421684       
-0.2732958866597494      -0.6079474961276315      0.0051701864421684       
-0.5098149320629137      -0.3938978524022516      0.0057978110726627       
-0.0962872155348346      -0.3938978524022516      0.0057978110726627       
-0.0962872155348346      -0.5098149320629137      0.0057978110726627       
-0.5098149320629137      -0.0962872155348347      0.0057978110726627       
-0.3938978524022516      -0.0962872155348347      0.0057978110726627       
-0.3938978524022516      -0.5098149320629137      0.0057978110726627       
-0.5374408066271661      -0.3068241408837930      0.0055559052092440       
-0.1557350524890409      -0.3068241408837930      0.0055559052092440       
-0.1557350524890409      -0.5374408066271661      0.0055559052092440       
-0.5374408066271661      -0.1557350524890408      0.0055559052092440       
-0.3068241408837930      -0.1557350524890408      0.0055559052092440       
-0.3068241408837930      -0.5374408066271661      0.0055559052092440       
-0.4608256252717854      -0.3427316171820226      0.0057721687290374       
-0.1964427575461920      -0.3427316171820226      0.0057721687290374       
-0.1964427575461920      -0.4608256252717853      0.0057721687290374       
-0.4608256252717854      -0.1964427575461920      0.0057721687290374       
-0.3427316171820226      -0.1964427575461920      0.0057721687290374       
-0.3427316171820226      -0.4608256252717853      0.0057721687290374       
-0.3333333333333333      -0.3333333333333333      0.0057684020072270       
