centroid    numS21      numS111     
true (1)    42 (3)      189 (6)     

x                        y                        w                        
-0.9985059332687662      0.9970118665375322       0.0000147113284391       
-0.9985059332687662      -0.9985059332687662      0.0000147113284391       
0.9970118665375322       -0.9985059332687662      0.0000147113284391       
-0.9920689762409702      0.9841379524819402       0.0000802417320862       
-0.9920689762409702      -0.9920689762409702      0.0000802417320862       
0.9841379524819402       -0.9920689762409702      0.0000802417320862       
-0.9805881723877362      0.9611763447754722       0.0001983393179919       
-0.9805881723877362      -0.9805881723877362      0.0001983393179919       
0.9611763447754722       -0.9805881723877362      0.0001983393179919       
-0.9633579918749176      0.9267159837498352       0.0003744996016328       
-0.9633579918749176      -0.9633579918749176      0.0003744996016328       
0.9267159837498352       -0.9633579918749176      0.0003744996016328       
-0.9424729674592388      0.8849459349184776       0.0005721395147656       
-0.9424729674592388      -0.9424729674592388      0.0005721395147656       
0.8849459349184775       -0.9424729674592388      0.0005721395147656       
-0.9181087095721928      0.8362174191443856       0.0007991863216499       
-0.9181087095721930      -0.9181087095721928      0.0007991863216499       
0.8362174191443856       -0.9181087095721928      0.0007991863216499       
-0.8899426755502017      0.7798853511004034       0.0010120717444410       
-0.8899426755502017      -0.8899426755502017      0.0010120717444410       
0.7798853511004035       -0.8899426755502017      0.0010120717444410       
-0.8555395485953696      0.7110790971907393       0.0013284398720238       
-0.8555395485953696      -0.8555395485953696      0.0013284398720238       
0.7110790971907393       -0.8555395485953696      0.0013284398720238       
-0.8116686008773615      0.6233372017547230       0.0017871094081932       
-0.8116686008773615      -0.8116686008773615      0.0017871094081932       
0.6233372017547230       -0.8116686008773615      0.0017871094081932       
-0.7669856431716059      0.5339712863432118       0.0020910972517329       
-0.7669856431716059      -0.7669856431716059      0.0020910972517329       
0.5339712863432117       -0.7669856431716059      0.0020910972517329       
-0.7295131092725105      0.4590262185450209       0.0019299606521320       
-0.7295131092725105      -0.7295131092725105      0.0019299606521320       
0.4590262185450209       -0.7295131092725105      0.0019299606521320       
-0.7047281348334837      0.4094562696669674       0.0019023614694737       
-0.7047281348334837      -0.7047281348334837      0.0019023614694737       
0.4094562696669674       -0.7047281348334837      0.0019023614694737       
-0.6608044604504536      0.3216089209009072       0.0024809580290386       
-0.6608044604504536      -0.6608044604504535      0.0024809580290386       
0.3216089209009072       -0.6608044604504535      0.0024809580290386       
-0.6114509482025546      0.2229018964051093       0.0033764675332157       
-0.6114509482025546      -0.6114509482025547      0.0033764675332157       
0.2229018964051093       -0.6114509482025547      0.0033764675332157       
-0.5674895287924182      0.1349790575848364       0.0030151099355964       
-0.5674895287924182      -0.5674895287924182      0.0030151099355964       
0.1349790575848364       -0.5674895287924182      0.0030151099355964       
-0.5320123271672497      0.0640246543344993       0.0033383440453174       
-0.5320123271672497      -0.5320123271672497      0.0033383440453174       
0.0640246543344993       -0.5320123271672497      0.0033383440453174       
-0.4924803254380625      -0.0150393491238749      0.0033820238497813       
-0.4924803254380625      -0.4924803254380625      0.0033820238497813       
-0.0150393491238749      -0.4924803254380625      0.0033820238497813       
-0.4566291595728542      -0.0867416808542916      0.0033035003962985       
-0.4566291595728542      -0.4566291595728542      0.0033035003962985       
-0.0867416808542916      -0.4566291595728542      0.0033035003962985       
-0.3963360906520431      -0.2073278186959138      0.0013518983935543       
-0.3963360906520431      -0.3963360906520430      0.0013518983935543       
-0.2073278186959138      -0.3963360906520430      0.0013518983935543       
-0.3963800948944184      -0.2072398102111632      0.0027531845710205       
-0.3963800948944184      -0.3963800948944184      0.0027531845710205       
-0.2072398102111632      -0.3963800948944184      0.0027531845710205       
-0.3557596018516936      -0.2884807962966127      0.0026830855634676       
-0.3557596018516936      -0.3557596018516937      0.0026830855634676       
-0.2884807962966127      -0.3557596018516937      0.0026830855634676       
-0.0006940350518779      -0.9986119298962443      0.0002601035882755       
-0.0006940350518779      -0.0006940350518780      0.0002601035882755       
-0.9986119298962443      -0.0006940350518780      0.0002601035882755       
-0.0036922806129407      -0.9926154387741186      0.0006097065088711       
-0.0036922806129407      -0.0036922806129407      0.0006097065088711       
-0.9926154387741186      -0.0036922806129407      0.0006097065088711       
-0.0091769849432403      -0.9816460301135194      0.0004697206979354       
-0.0091769849432403      -0.0091769849432403      0.0004697206979354       
-0.9816460301135194      -0.0091769849432403      0.0004697206979354       
-0.0092319709857033      -0.9815360580285934      0.0005133212575397       
-0.0092319709857033      -0.0092319709857032      0.0005133212575397       
-0.9815360580285934      -0.0092319709857032      0.0005133212575397       
-0.0173729803195022      -0.9652540393609956      0.0013144060359687       
-0.0173729803195022      -0.0173729803195022      0.0013144060359687       
-0.9652540393609956      -0.0173729803195022      0.0013144060359687       
-0.0280628403287015      -0.9438743193425970      0.0016812201283594       
-0.0280628403287015      -0.0280628403287015      0.0016812201283594       
-0.9438743193425970      -0.0280628403287015      0.0016812201283594       
-0.0412343502980452      -0.9175312994039097      0.0019367062234542       
-0.0412343502980452      -0.0412343502980452      0.0019367062234542       
-0.9175312994039097      -0.0412343502980452      0.0019367062234542       
-0.0558519122249080      -0.8882961755501839      0.0012977895937250       
-0.0558519122249080      -0.0558519122249081      0.0012977895937250       
-0.8882961755501839      -0.0558519122249081      0.0012977895937250       
-0.0558137896080090      -0.8883724207839820      0.0006787218039433       
-0.0558137896080090      -0.0558137896080089      0.0006787218039433       
-0.8883724207839820      -0.0558137896080089      0.0006787218039433       
-0.0806435101530520      -0.8387129796938959      0.0021639045066930       
-0.0806435101530520      -0.0806435101530520      0.0021639045066930       
-0.8387129796938959      -0.0806435101530520      0.0021639045066930       
-0.0974968765288870      -0.8050062469422261      0.0024839496475882       
-0.0974968765288870      -0.0974968765288869      0.0024839496475882       
-0.8050062469422261      -0.0974968765288869      0.0024839496475882       
-0.1203466459819384      -0.7593067080361231      0.0012222224701298       
-0.1203466459819384      -0.1203466459819384      0.0012222224701298       
-0.7593067080361231      -0.1203466459819384      0.0012222224701298       
-0.1208820126348357      -0.7582359747303287      0.0011889025988021       
-0.1208820126348357      -0.1208820126348357      0.0011889025988021       
-0.7582359747303287      -0.1208820126348357      0.0011889025988021       
-0.1461606365734841      -0.7076787268530318      0.0031214339179736       
-0.1461606365734841      -0.1461606365734842      0.0031214339179736       
-0.7076787268530318      -0.1461606365734842      0.0031214339179736       
-0.1694798228011910      -0.6610403543976180      0.0030531416153688       
-0.1694798228011910      -0.1694798228011910      0.0030531416153688       
-0.6610403543976180      -0.1694798228011910      0.0030531416153688       
-0.2005923308265512      -0.5988153383468977      0.0035032711863881       
-0.2005923308265512      -0.2005923308265512      0.0035032711863881       
-0.5988153383468977      -0.2005923308265512      0.0035032711863881       
-0.2290258972535457      -0.5419482054929086      0.0017741182921333       
-0.2290258972535457      -0.2290258972535457      0.0017741182921333       
-0.5419482054929086      -0.2290258972535457      0.0017741182921333       
-0.2290539772361291      -0.5418920455277418      0.0018379378283633       
-0.2290539772361291      -0.2290539772361291      0.0018379378283633       
-0.5418920455277418      -0.2290539772361291      0.0018379378283633       
-0.2612936953420052      -0.4774126093159896      0.0025535439205990       
-0.2612936953420052      -0.2612936953420052      0.0025535439205990       
-0.4774126093159896      -0.2612936953420052      0.0025535439205990       
-0.2609994795198810      -0.4780010409602380      0.0015225272079233       
-0.2609994795198810      -0.2609994795198810      0.0015225272079233       
-0.4780010409602380      -0.2609994795198810      0.0015225272079233       
-0.2896577265132798      -0.4206845469734404      0.0014064109610514       
-0.2896577265132798      -0.2896577265132798      0.0014064109610514       
-0.4206845469734404      -0.2896577265132798      0.0014064109610514       
-0.9984897587653074      -0.9921187006759365      0.0000346421747096       
0.9906084594412440       -0.9921187006759365      0.0000346421747096       
0.9906084594412440       -0.9984897587653074      0.0000346421747096       
-0.9984897587653074      0.9906084594412440       0.0000346421747096       
-0.9921187006759368      0.9906084594412440       0.0000346421747096       
-0.9921187006759365      -0.9984897587653074      0.0000346421747096       
-0.9985046900085376      -0.9806125121188900      0.0000539816386149       
0.9791172021274276       -0.9806125121188900      0.0000539816386149       
0.9791172021274276       -0.9985046900085376      0.0000539816386149       
-0.9985046900085376      0.9791172021274276       0.0000539816386149       
-0.9806125121188900      0.9791172021274276       0.0000539816386149       
-0.9806125121188900      -0.9985046900085376      0.0000539816386149       
-0.9984585519951588      -0.9640200520877442      0.0000755227428307       
0.9624786040829030       -0.9640200520877442      0.0000755227428307       
0.9624786040829030       -0.9984585519951588      0.0000755227428307       
-0.9984585519951588      0.9624786040829030       0.0000755227428307       
-0.9640200520877442      0.9624786040829030       0.0000755227428307       
-0.9640200520877442      -0.9984585519951588      0.0000755227428307       
-0.9984962993334214      -0.9424486937785062      0.0000926682109907       
0.9409449931119276       -0.9424486937785062      0.0000926682109907       
0.9409449931119276       -0.9984962993334214      0.0000926682109907       
-0.9984962993334214      0.9409449931119276       0.0000926682109907       
-0.9424486937785062      0.9409449931119276       0.0000926682109907       
-0.9424486937785062      -0.9984962993334214      0.0000926682109907       
-0.9985319056592094      -0.9160585194755162      0.0001082097547159       
0.9145904251347255       -0.9160585194755162      0.0001082097547159       
0.9145904251347255       -0.9985319056592094      0.0001082097547159       
-0.9985319056592094      0.9145904251347255       0.0001082097547159       
-0.9160585194755164      0.9145904251347255       0.0001082097547159       
-0.9160585194755162      -0.9985319056592094      0.0001082097547159       
-0.9985677997509030      -0.8850018686170611      0.0001226774042380       
0.8835696683679641       -0.8850018686170611      0.0001226774042380       
0.8835696683679640       -0.9985677997509032      0.0001226774042380       
-0.9985677997509032      0.8835696683679641       0.0001226774042380       
-0.8850018686170610      0.8835696683679641       0.0001226774042380       
-0.8850018686170610      -0.9985677997509032      0.0001226774042380       
-0.9985215177961114      -0.8493868334477170      0.0001434333583878       
0.8479083512438284       -0.8493868334477170      0.0001434333583878       
0.8479083512438284       -0.9985215177961114      0.0001434333583878       
-0.9985215177961112      0.8479083512438284       0.0001434333583878       
-0.8493868334477171      0.8479083512438284       0.0001434333583878       
-0.8493868334477170      -0.9985215177961114      0.0001434333583878       
-0.9985483688294378      -0.8093324775318285      0.0001574750960525       
0.8078808463612663       -0.8093324775318285      0.0001574750960525       
0.8078808463612662       -0.9985483688294380      0.0001574750960525       
-0.9985483688294380      0.8078808463612663       0.0001574750960525       
-0.8093324775318284      0.8078808463612663       0.0001574750960525       
-0.8093324775318284      -0.9985483688294380      0.0001574750960525       
-0.9984799005208937      -0.7650199548644969      0.0001805992893365       
0.7634998553853907       -0.7650199548644969      0.0001805992893365       
0.7634998553853907       -0.9984799005208937      0.0001805992893365       
-0.9984799005208937      0.7634998553853907       0.0001805992893365       
-0.7650199548644968      0.7634998553853907       0.0001805992893365       
-0.7650199548644969      -0.9984799005208937      0.0001805992893365       
-0.9985741591569109      -0.7166878144626214      0.0001843522835859       
0.7152619736195325       -0.7166878144626214      0.0001843522835859       
0.7152619736195326       -0.9985741591569109      0.0001843522835859       
-0.9985741591569109      0.7152619736195325       0.0001843522835859       
-0.7166878144626215      0.7152619736195325       0.0001843522835859       
-0.7166878144626215      -0.9985741591569109      0.0001843522835859       
-0.9984116394023120      -0.6645559964352084      0.0002195844377634       
0.6629676358375203       -0.6645559964352084      0.0002195844377634       
0.6629676358375203       -0.9984116394023120      0.0002195844377634       
-0.9984116394023120      0.6629676358375203       0.0002195844377634       
-0.6645559964352084      0.6629676358375203       0.0002195844377634       
-0.6645559964352084      -0.9984116394023120      0.0002195844377634       
-0.9986829854931266      -0.6088906888528369      0.0001948958109345       
0.6075736743459634       -0.6088906888528369      0.0001948958109345       
0.6075736743459634       -0.9986829854931266      0.0001948958109345       
-0.9986829854931266      0.6075736743459634       0.0001948958109345       
-0.6088906888528369      0.6075736743459634       0.0001948958109345       
-0.6088906888528369      -0.9986829854931266      0.0001948958109345       
-0.9984337811073734      -0.5498744991153892      0.0002434382496124       
0.5483082802227626       -0.5498744991153892      0.0002434382496124       
0.5483082802227626       -0.9984337811073734      0.0002434382496124       
-0.9984337811073732      0.5483082802227626       0.0002434382496124       
-0.5498744991153893      0.5483082802227626       0.0002434382496124       
-0.5498744991153892      -0.9984337811073734      0.0002434382496124       
-0.9985374772351128      -0.4878465722062120      0.0002377646547545       
0.4863840494413248       -0.4878465722062120      0.0002377646547545       
0.4863840494413247       -0.9985374772351125      0.0002377646547545       
-0.9985374772351125      0.4863840494413247       0.0002377646547545       
-0.4878465722062121      0.4863840494413247       0.0002377646547545       
-0.4878465722062121      -0.9985374772351125      0.0002377646547545       
-0.9985504218835534      -0.4231403167152330      0.0002456425622264       
0.4216907385987864       -0.4231403167152330      0.0002456425622264       
0.4216907385987864       -0.9985504218835534      0.0002456425622264       
-0.9985504218835534      0.4216907385987864       0.0002456425622264       
-0.4231403167152330      0.4216907385987864       0.0002456425622264       
-0.4231403167152330      -0.9985504218835534      0.0002456425622264       
-0.9990381182457274      -0.2873171120761168      0.0001802177404787       
0.2863552303218441       -0.2873171120761168      0.0001802177404787       
0.2863552303218442       -0.9990381182457274      0.0001802177404787       
-0.9990381182457274      0.2863552303218442       0.0001802177404787       
-0.2873171120761168      0.2863552303218442       0.0001802177404787       
-0.2873171120761168      -0.9990381182457274      0.0001802177404787       
-0.9986529496078604      -0.2171825555848288      0.0002433960864023       
0.2158355051926892       -0.2171825555848288      0.0002433960864023       
0.2158355051926893       -0.9986529496078604      0.0002433960864023       
-0.9986529496078604      0.2158355051926892       0.0002433960864023       
-0.2171825555848288      0.2158355051926892       0.0002433960864023       
-0.2171825555848288      -0.9986529496078604      0.0002433960864023       
-0.9988068378940412      -0.1457247872811118      0.0002229106871913       
0.1445316251751530       -0.1457247872811118      0.0002229106871913       
0.1445316251751530       -0.9988068378940412      0.0002229106871913       
-0.9988068378940412      0.1445316251751530       0.0002229106871913       
-0.1457247872811118      0.1445316251751530       0.0002229106871913       
-0.1457247872811118      -0.9988068378940412      0.0002229106871913       
-0.9985638968189774      -0.0734775590315641      0.0002666666677619       
0.0720414558505415       -0.0734775590315641      0.0002666666677619       
0.0720414558505415       -0.9985638968189776      0.0002666666677619       
-0.9985638968189776      0.0720414558505416       0.0002666666677619       
-0.0734775590315640      0.0720414558505416       0.0002666666677619       
-0.0734775590315641      -0.9985638968189776      0.0002666666677619       
-0.9921113160687228      -0.9806021680754350      0.0001250707632151       
0.9727134841441578       -0.9806021680754350      0.0001250707632151       
0.9727134841441578       -0.9921113160687228      0.0001250707632151       
-0.9921113160687228      0.9727134841441578       0.0001250707632151       
-0.9806021680754350      0.9727134841441578       0.0001250707632151       
-0.9806021680754350      -0.9921113160687228      0.0001250707632151       
-0.9919011457998314      -0.9641527472330654      0.0001732790690137       
0.9560538930328968       -0.9641527472330654      0.0001732790690137       
0.9560538930328968       -0.9919011457998314      0.0001732790690137       
-0.9919011457998314      0.9560538930328968       0.0001732790690137       
-0.9641527472330654      0.9560538930328968       0.0001732790690137       
-0.9641527472330654      -0.9919011457998314      0.0001732790690137       
-0.9920710094078318      -0.9427316681725814      0.0002149524160802       
0.9348026775804132       -0.9427316681725814      0.0002149524160802       
0.9348026775804132       -0.9920710094078318      0.0002149524160802       
-0.9920710094078318      0.9348026775804132       0.0002149524160802       
-0.9427316681725814      0.9348026775804132       0.0002149524160802       
-0.9427316681725814      -0.9920710094078318      0.0002149524160802       
-0.9922862888785082      -0.9163590845845596      0.0002512403670137       
0.9086453734630678       -0.9163590845845596      0.0002512403670137       
0.9086453734630678       -0.9922862888785082      0.0002512403670137       
-0.9922862888785082      0.9086453734630678       0.0002512403670137       
-0.9163590845845596      0.9086453734630678       0.0002512403670137       
-0.9163590845845596      -0.9922862888785082      0.0002512403670137       
-0.9924341693641334      -0.8851541465554267      0.0002884350420974       
0.8775883159195601       -0.8851541465554267      0.0002884350420974       
0.8775883159195601       -0.9924341693641334      0.0002884350420974       
-0.9924341693641334      0.8775883159195601       0.0002884350420974       
-0.8851541465554268      0.8775883159195601       0.0002884350420974       
-0.8851541465554267      -0.9924341693641334      0.0002884350420974       
-0.9922561791933684      -0.8493490934383969      0.0003316505005255       
0.8416052726317653       -0.8493490934383969      0.0003316505005255       
0.8416052726317653       -0.9922561791933684      0.0003316505005255       
-0.9922561791933686      0.8416052726317653       0.0003316505005255       
-0.8493490934383968      0.8416052726317653       0.0003316505005255       
-0.8493490934383969      -0.9922561791933684      0.0003316505005255       
-0.9923166753851128      -0.8091766703584493      0.0003701339370645       
0.8014933457435620       -0.8091766703584493      0.0003701339370645       
0.8014933457435620       -0.9923166753851128      0.0003701339370645       
-0.9923166753851126      0.8014933457435620       0.0003701339370645       
-0.8091766703584494      0.8014933457435620       0.0003701339370645       
-0.8091766703584493      -0.9923166753851128      0.0003701339370645       
-0.9920378705816338      -0.7648122610853605      0.0004159935820111       
0.7568501316669942       -0.7648122610853605      0.0004159935820111       
0.7568501316669942       -0.9920378705816338      0.0004159935820111       
-0.9920378705816338      0.7568501316669942       0.0004159935820111       
-0.7648122610853604      0.7568501316669942       0.0004159935820111       
-0.7648122610853605      -0.9920378705816338      0.0004159935820111       
-0.9924248365109982      -0.7164489961631868      0.0004359819752863       
0.7088738326741850       -0.7164489961631868      0.0004359819752863       
0.7088738326741849       -0.9924248365109984      0.0004359819752863       
-0.9924248365109984      0.7088738326741850       0.0004359819752863       
-0.7164489961631867      0.7088738326741850       0.0004359819752863       
-0.7164489961631867      -0.9924248365109984      0.0004359819752863       
-0.9916790028904696      -0.6642365114321380      0.0005058320652490       
0.6559155143226076       -0.6642365114321380      0.0005058320652490       
0.6559155143226076       -0.9916790028904696      0.0005058320652490       
-0.9916790028904696      0.6559155143226076       0.0005058320652490       
-0.6642365114321381      0.6559155143226076       0.0005058320652490       
-0.6642365114321380      -0.9916790028904696      0.0005058320652490       
-0.9929351968608116      -0.6085868295646308      0.0004681592526656       
0.6015220264254424       -0.6085868295646308      0.0004681592526656       
0.6015220264254425       -0.9929351968608114      0.0004681592526656       
-0.9929351968608114      0.6015220264254424       0.0004681592526656       
-0.6085868295646309      0.6015220264254424       0.0004681592526656       
-0.6085868295646309      -0.9929351968608114      0.0004681592526656       
-0.9917507622922388      -0.5496964601936452      0.0005635624063857       
0.5414472224858839       -0.5496964601936452      0.0005635624063857       
0.5414472224858839       -0.9917507622922388      0.0005635624063857       
-0.9917507622922390      0.5414472224858839       0.0005635624063857       
-0.5496964601936450      0.5414472224858839       0.0005635624063857       
-0.5496964601936452      -0.9917507622922388      0.0005635624063857       
-0.9923331146510042      -0.4880229118891704      0.0005445473176701       
0.4803560265401746       -0.4880229118891704      0.0005445473176701       
0.4803560265401745       -0.9923331146510042      0.0005445473176701       
-0.9923331146510040      0.4803560265401745       0.0005445473176701       
-0.4880229118891705      0.4803560265401745       0.0005445473176701       
-0.4880229118891705      -0.9923331146510042      0.0005445473176701       
-0.9923053056813108      -0.4238360331307822      0.0005749069113304       
0.4161413388120930       -0.4238360331307822      0.0005749069113304       
0.4161413388120929       -0.9923053056813106      0.0005749069113304       
-0.9923053056813106      0.4161413388120929       0.0005749069113304       
-0.4238360331307824      0.4161413388120929       0.0005749069113304       
-0.4238360331307824      -0.9923053056813106      0.0005749069113304       
-0.9983937420527568      -0.3562199939428851      0.0002795936737666       
0.3546137359956420       -0.3562199939428851      0.0002795936737666       
0.3546137359956420       -0.9983937420527570      0.0002795936737666       
-0.9983937420527570      0.3546137359956420       0.0002795936737666       
-0.3562199939428850      0.3546137359956420       0.0002795936737666       
-0.3562199939428850      -0.9983937420527570      0.0002795936737666       
-0.9941961636709014      -0.2883969884601576      0.0005063200131134       
0.2825931521310590       -0.2883969884601576      0.0005063200131134       
0.2825931521310590       -0.9941961636709014      0.0005063200131134       
-0.9941961636709014      0.2825931521310590       0.0005063200131134       
-0.2883969884601576      0.2825931521310590       0.0005063200131134       
-0.2883969884601576      -0.9941961636709014      0.0005063200131134       
-0.9930788102344908      -0.2184455647029014      0.0005401597995125       
0.2115243749373921       -0.2184455647029014      0.0005401597995125       
0.2115243749373921       -0.9930788102344908      0.0005401597995125       
-0.9930788102344906      0.2115243749373921       0.0005401597995125       
-0.2184455647029014      0.2115243749373921       0.0005401597995125       
-0.2184455647029014      -0.9930788102344908      0.0005401597995125       
-0.9934562686181370      -0.1471147200643172      0.0005517118920131       
0.1405709886824542       -0.1471147200643172      0.0005517118920131       
0.1405709886824542       -0.9934562686181370      0.0005517118920131       
-0.9934562686181370      0.1405709886824542       0.0005517118920131       
-0.1471147200643172      0.1405709886824542       0.0005517118920131       
-0.1471147200643172      -0.9934562686181370      0.0005517118920131       
-0.9925504168575852      -0.0756829293869167      0.0005948446402136       
0.0682333462445019       -0.0756829293869167      0.0005948446402136       
0.0682333462445019       -0.9925504168575852      0.0005948446402136       
-0.9925504168575852      0.0682333462445020       0.0005948446402136       
-0.0756829293869167      0.0682333462445020       0.0005948446402136       
-0.0756829293869167      -0.9925504168575852      0.0005948446402136       
-0.9801813864048272      -0.9639681384073406      0.0002729590935457       
0.9441495248121679       -0.9639681384073406      0.0002729590935457       
0.9441495248121679       -0.9801813864048272      0.0002729590935457       
-0.9801813864048274      0.9441495248121679       0.0002729590935457       
-0.9639681384073406      0.9441495248121679       0.0002729590935457       
-0.9639681384073406      -0.9801813864048272      0.0002729590935457       
-0.9805301764804384      -0.9424281471590692      0.0003370866819180       
0.9229583236395076       -0.9424281471590692      0.0003370866819180       
0.9229583236395076       -0.9805301764804384      0.0003370866819180       
-0.9805301764804382      0.9229583236395076       0.0003370866819180       
-0.9424281471590694      0.9229583236395076       0.0003370866819180       
-0.9424281471590692      -0.9805301764804384      0.0003370866819180       
-0.9811154559678466      -0.9161411455460930      0.0003902122811910       
0.8972566015139396       -0.9161411455460930      0.0003902122811910       
0.8972566015139396       -0.9811154559678466      0.0003902122811910       
-0.9811154559678466      0.8972566015139396       0.0003902122811910       
-0.9161411455460930      0.8972566015139396       0.0003902122811910       
-0.9161411455460930      -0.9811154559678466      0.0003902122811910       
-0.9813728128782127      -0.8851460752739047      0.0004507451319063       
0.8665188881521173       -0.8851460752739047      0.0004507451319063       
0.8665188881521173       -0.9813728128782127      0.0004507451319063       
-0.9813728128782127      0.8665188881521173       0.0004507451319063       
-0.8851460752739048      0.8665188881521173       0.0004507451319063       
-0.8851460752739047      -0.9813728128782127      0.0004507451319063       
-0.9811229339282028      -0.8494497034753374      0.0005143367624746       
0.8305726374035403       -0.8494497034753374      0.0005143367624746       
0.8305726374035403       -0.9811229339282028      0.0005143367624746       
-0.9811229339282028      0.8305726374035403       0.0005143367624746       
-0.8494497034753374      0.8305726374035403       0.0005143367624746       
-0.8494497034753374      -0.9811229339282028      0.0005143367624746       
-0.9810234984927784      -0.8091659683448509      0.0005878363065315       
0.7901894668376293       -0.8091659683448509      0.0005878363065315       
0.7901894668376293       -0.9810234984927784      0.0005878363065315       
-0.9810234984927784      0.7901894668376293       0.0005878363065315       
-0.8091659683448509      0.7901894668376293       0.0005878363065315       
-0.8091659683448509      -0.9810234984927784      0.0005878363065315       
-0.9806032781614844      -0.7645769976173915      0.0006471620841034       
0.7451802757788759       -0.7645769976173915      0.0006471620841034       
0.7451802757788759       -0.9806032781614844      0.0006471620841034       
-0.9806032781614844      0.7451802757788759       0.0006471620841034       
-0.7645769976173915      0.7451802757788759       0.0006471620841034       
-0.7645769976173915      -0.9806032781614844      0.0006471620841034       
-0.9811956814121998      -0.7160587839068500      0.0006956309211225       
0.6972544653190498       -0.7160587839068500      0.0006956309211225       
0.6972544653190499       -0.9811956814121998      0.0006956309211225       
-0.9811956814121998      0.6972544653190498       0.0006956309211225       
-0.7160587839068501      0.6972544653190498       0.0006956309211225       
-0.7160587839068501      -0.9811956814121998      0.0006956309211225       
-0.9797538924863530      -0.6638999050283352      0.0007763486520151       
0.6436537975146881       -0.6638999050283352      0.0007763486520151       
0.6436537975146881       -0.9797538924863530      0.0007763486520151       
-0.9797538924863528      0.6436537975146881       0.0007763486520151       
-0.6638999050283353      0.6436537975146881       0.0007763486520151       
-0.6638999050283352      -0.9797538924863530      0.0007763486520151       
-0.9822437842613612      -0.6084652198949037      0.0007567451351122       
0.5907090041562648       -0.6084652198949037      0.0007567451351122       
0.5907090041562648       -0.9822437842613612      0.0007567451351122       
-0.9822437842613611      0.5907090041562648       0.0007567451351122       
-0.6084652198949038      0.5907090041562648       0.0007567451351122       
-0.6084652198949037      -0.9822437842613612      0.0007567451351122       
-0.9797709146492488      -0.5500784144504474      0.0008735308212469       
0.5298493290996962       -0.5500784144504474      0.0008735308212469       
0.5298493290996962       -0.9797709146492488      0.0008735308212469       
-0.9797709146492488      0.5298493290996962       0.0008735308212469       
-0.5500784144504474      0.5298493290996962       0.0008735308212469       
-0.5500784144504474      -0.9797709146492488      0.0008735308212469       
-0.9812559474795192      -0.4886900760915948      0.0008463898745479       
0.4699460235711141       -0.4886900760915948      0.0008463898745479       
0.4699460235711141       -0.9812559474795192      0.0008463898745479       
-0.9812559474795194      0.4699460235711141       0.0008463898745479       
-0.4886900760915948      0.4699460235711141       0.0008463898745479       
-0.4886900760915948      -0.9812559474795192      0.0008463898745479       
-0.9809080849772174      -0.4249259988506113      0.0009093524579712       
0.4058340838278286       -0.4249259988506113      0.0009093524579712       
0.4058340838278287       -0.9809080849772174      0.0009093524579712       
-0.9809080849772174      0.4058340838278287       0.0009093524579712       
-0.4249259988506112      0.4058340838278287       0.0009093524579712       
-0.4249259988506112      -0.9809080849772174      0.0009093524579712       
-0.9915850215941806      -0.3574866912059736      0.0006394728355676       
0.3490717128001542       -0.3574866912059736      0.0006394728355676       
0.3490717128001542       -0.9915850215941806      0.0006394728355676       
-0.9915850215941806      0.3490717128001542       0.0006394728355676       
-0.3574866912059736      0.3490717128001542       0.0006394728355676       
-0.3574866912059736      -0.9915850215941806      0.0006394728355676       
-0.9843034961379782      -0.2909071109316792      0.0008573180651406       
0.2752106070696574       -0.2909071109316792      0.0008573180651406       
0.2752106070696574       -0.9843034961379780      0.0008573180651406       
-0.9843034961379780      0.2752106070696574       0.0008573180651406       
-0.2909071109316793      0.2752106070696574       0.0008573180651406       
-0.2909071109316793      -0.9843034961379780      0.0008573180651406       
-0.9835251759641832      -0.2222006210131895      0.0007999200440147       
0.2057257969773727       -0.2222006210131895      0.0007999200440147       
0.2057257969773727       -0.9835251759641832      0.0007999200440147       
-0.9835251759641832      0.2057257969773727       0.0007999200440147       
-0.2222006210131895      0.2057257969773727       0.0007999200440147       
-0.2222006210131895      -0.9835251759641832      0.0007999200440147       
-0.9832503629754258      -0.1518213796034469      0.0009047782095463       
0.1350717425788728       -0.1518213796034469      0.0009047782095463       
0.1350717425788728       -0.9832503629754258      0.0009047782095463       
-0.9832503629754258      0.1350717425788728       0.0009047782095463       
-0.1518213796034469      0.1350717425788728       0.0009047782095463       
-0.1518213796034468      -0.9832503629754258      0.0009047782095463       
-0.9822316614274748      -0.0809859515838580      0.0008815816007197       
0.0632176130113329       -0.0809859515838580      0.0008815816007197       
0.0632176130113329       -0.9822316614274748      0.0008815816007197       
-0.9822316614274748      0.0632176130113329       0.0008815816007197       
-0.0809859515838580      0.0632176130113329       0.0008815816007197       
-0.0809859515838580      -0.9822316614274748      0.0008815816007197       
-0.9639905728611347      -0.9414992907091130      0.0004635695546583       
0.9054898635702479       -0.9414992907091130      0.0004635695546583       
0.9054898635702479       -0.9639905728611347      0.0004635695546583       
-0.9639905728611347      0.9054898635702479       0.0004635695546583       
-0.9414992907091130      0.9054898635702479       0.0004635695546583       
-0.9414992907091130      -0.9639905728611347      0.0004635695546583       
-0.9650751527161756      -0.9146847517886010      0.0005415667936517       
0.8797599045047766       -0.9146847517886010      0.0005415667936517       
0.8797599045047766       -0.9650751527161758      0.0005415667936517       
-0.9650751527161758      0.8797599045047766       0.0005415667936517       
-0.9146847517886008      0.8797599045047766       0.0005415667936517       
-0.9146847517886008      -0.9650751527161758      0.0005415667936517       
-0.9654517163671757      -0.8830936570574861      0.0006198975712458       
0.8485453734246620       -0.8830936570574861      0.0006198975712458       
0.8485453734246620       -0.9654517163671757      0.0006198975712458       
-0.9654517163671757      0.8485453734246620       0.0006198975712458       
-0.8830936570574862      0.8485453734246620       0.0006198975712458       
-0.8830936570574861      -0.9654517163671757      0.0006198975712458       
-0.9651929949382237      -0.8470337605928469      0.0006974546713293       
0.8122267555310707       -0.8470337605928469      0.0006974546713293       
0.8122267555310707       -0.9651929949382237      0.0006974546713293       
-0.9651929949382240      0.8122267555310707       0.0006974546713293       
-0.8470337605928467      0.8122267555310707       0.0006974546713293       
-0.8470337605928469      -0.9651929949382237      0.0006974546713293       
-0.9646429773483820      -0.8069699754132713      0.0007925289429065       
0.7716129527616533       -0.8069699754132713      0.0007925289429065       
0.7716129527616533       -0.9646429773483820      0.0007925289429065       
-0.9646429773483820      0.7716129527616533       0.0007925289429065       
-0.8069699754132713      0.7716129527616533       0.0007925289429065       
-0.8069699754132713      -0.9646429773483820      0.0007925289429065       
-0.9642975792879134      -0.7630780470814533      0.0008556331500388       
0.7273756263693667       -0.7630780470814533      0.0008556331500388       
0.7273756263693667       -0.9642975792879134      0.0008556331500388       
-0.9642975792879134      0.7273756263693667       0.0008556331500388       
-0.7630780470814533      0.7273756263693667       0.0008556331500388       
-0.7630780470814533      -0.9642975792879134      0.0008556331500388       
-0.9648350164958523      -0.7155299815613625      0.0009354078225268       
0.6803649980572148       -0.7155299815613625      0.0009354078225268       
0.6803649980572148       -0.9648350164958523      0.0009354078225268       
-0.9648350164958523      0.6803649980572148       0.0009354078225268       
-0.7155299815613625      0.6803649980572148       0.0009354078225268       
-0.7155299815613625      -0.9648350164958523      0.0009354078225268       
-0.9629305818659846      -0.6643035714526950      0.0010152386851744       
0.6272341533186796       -0.6643035714526950      0.0010152386851744       
0.6272341533186795       -0.9629305818659846      0.0010152386851744       
-0.9629305818659846      0.6272341533186796       0.0010152386851744       
-0.6643035714526949      0.6272341533186796       0.0010152386851744       
-0.6643035714526949      -0.9629305818659846      0.0010152386851744       
-0.9663299172552020      -0.6092303082294792      0.0010502600108263       
0.5755602254846812       -0.6092303082294792      0.0010502600108263       
0.5755602254846812       -0.9663299172552020      0.0010502600108263       
-0.9663299172552018      0.5755602254846812       0.0010502600108263       
-0.6092303082294793      0.5755602254846812       0.0010502600108263       
-0.6092303082294792      -0.9663299172552020      0.0010502600108263       
-0.9626847553257412      -0.5515490711899775      0.0011594519623535       
0.5142338265157187       -0.5515490711899775      0.0011594519623535       
0.5142338265157187       -0.9626847553257414      0.0011594519623535       
-0.9626847553257412      0.5142338265157187       0.0011594519623535       
-0.5515490711899774      0.5142338265157187       0.0011594519623535       
-0.5515490711899773      -0.9626847553257414      0.0011594519623535       
-0.9652467723468618      -0.4904733516991652      0.0011502873979599       
0.4557201240460271       -0.4904733516991652      0.0011502873979599       
0.4557201240460271       -0.9652467723468620      0.0011502873979599       
-0.9652467723468620      0.4557201240460271       0.0011502873979599       
-0.4904733516991652      0.4557201240460271       0.0011502873979599       
-0.4904733516991652      -0.9652467723468620      0.0011502873979599       
-0.9643036758200983      -0.4274791476635209      0.0012306793714496       
0.3917828234836194       -0.4274791476635209      0.0012306793714496       
0.3917828234836194       -0.9643036758200983      0.0012306793714496       
-0.9643036758200983      0.3917828234836194       0.0012306793714496       
-0.4274791476635209      0.3917828234836194       0.0012306793714496       
-0.4274791476635209      -0.9643036758200983      0.0012306793714496       
-0.9795199099988792      -0.3592936985400556      0.0009719894913287       
0.3388136085389348       -0.3592936985400556      0.0009719894913287       
0.3388136085389348       -0.9795199099988792      0.0009719894913287       
-0.9795199099988792      0.3388136085389348       0.0009719894913287       
-0.3592936985400556      0.3388136085389348       0.0009719894913287       
-0.3592936985400556      -0.9795199099988792      0.0009719894913287       
-0.9691195969634900      -0.2937617363714914      0.0012153479624351       
0.2628813333349815       -0.2937617363714914      0.0012153479624351       
0.2628813333349816       -0.9691195969634901      0.0012153479624351       
-0.9691195969634901      0.2628813333349816       0.0012153479624351       
-0.2937617363714914      0.2628813333349816       0.0012153479624351       
-0.2937617363714914      -0.9691195969634901      0.0012153479624351       
-0.9699294760518224      -0.2245135005979355      0.0011005975277382       
0.1944429766497580       -0.2245135005979355      0.0011005975277382       
0.1944429766497580       -0.9699294760518224      0.0011005975277382       
-0.9699294760518224      0.1944429766497580       0.0011005975277382       
-0.2245135005979355      0.1944429766497580       0.0011005975277382       
-0.2245135005979355      -0.9699294760518224      0.0011005975277382       
-0.9678923292926124      -0.1555483977908160      0.0012508197744202       
0.1234407270834285       -0.1555483977908160      0.0012508197744202       
0.1234407270834286       -0.9678923292926126      0.0012508197744202       
-0.9678923292926126      0.1234407270834286       0.0012508197744202       
-0.1555483977908160      0.1234407270834286       0.0012508197744202       
-0.1555483977908160      -0.9678923292926126      0.0012508197744202       
-0.9680367954903822      -0.0854181162271870      0.0011278584122349       
0.0534549117175692       -0.0854181162271870      0.0011278584122349       
0.0534549117175691       -0.9680367954903822      0.0011278584122349       
-0.9680367954903820      0.0534549117175691       0.0011278584122349       
-0.0854181162271871      0.0534549117175691       0.0011278584122349       
-0.0854181162271871      -0.9680367954903822      0.0011278584122349       
-0.9440474432564948      -0.9161178024075142      0.0006721481792701       
0.8601652456640090       -0.9161178024075142      0.0006721481792701       
0.8601652456640090       -0.9440474432564948      0.0006721481792701       
-0.9440474432564948      0.8601652456640090       0.0006721481792701       
-0.9161178024075142      0.8601652456640090       0.0006721481792701       
-0.9161178024075142      -0.9440474432564948      0.0006721481792701       
-0.9448369989284676      -0.8851387898265370      0.0007612353711761       
0.8299757887550046       -0.8851387898265370      0.0007612353711761       
0.8299757887550046       -0.9448369989284676      0.0007612353711761       
-0.9448369989284676      0.8299757887550046       0.0007612353711761       
-0.8851387898265370      0.8299757887550046       0.0007612353711761       
-0.8851387898265370      -0.9448369989284676      0.0007612353711761       
-0.9445894604946676      -0.8496599904334921      0.0008668520588084       
0.7942494509281597       -0.8496599904334921      0.0008668520588084       
0.7942494509281597       -0.9445894604946676      0.0008668520588084       
-0.9445894604946676      0.7942494509281597       0.0008668520588084       
-0.8496599904334922      0.7942494509281597       0.0008668520588084       
-0.8496599904334921      -0.9445894604946676      0.0008668520588084       
-0.9433905954004922      -0.8097539110903667      0.0009985806814063       
0.7531445064908588       -0.8097539110903667      0.0009985806814063       
0.7531445064908588       -0.9433905954004922      0.0009985806814063       
-0.9433905954004922      0.7531445064908588       0.0009985806814063       
-0.8097539110903667      0.7531445064908588       0.0009985806814063       
-0.8097539110903667      -0.9433905954004922      0.0009985806814063       
-0.9431433838946496      -0.7654450843432921      0.0010948349044794       
0.7085884682379417       -0.7654450843432921      0.0010948349044794       
0.7085884682379416       -0.9431433838946498      0.0010948349044794       
-0.9431433838946498      0.7085884682379417       0.0010948349044794       
-0.7654450843432919      0.7085884682379417       0.0010948349044794       
-0.7654450843432919      -0.9431433838946498      0.0010948349044794       
-0.9434195445003228      -0.7172099247845953      0.0011887735228399       
0.6606294692849182       -0.7172099247845953      0.0011887735228399       
0.6606294692849182       -0.9434195445003228      0.0011887735228399       
-0.9434195445003228      0.6606294692849182       0.0011887735228399       
-0.7172099247845953      0.6606294692849182       0.0011887735228399       
-0.7172099247845953      -0.9434195445003228      0.0011887735228399       
-0.9416736884776388      -0.6660829479887600      0.0012318566224878       
0.6077566364663989       -0.6660829479887600      0.0012318566224878       
0.6077566364663989       -0.9416736884776388      0.0012318566224878       
-0.9416736884776388      0.6077566364663989       0.0012318566224878       
-0.6660829479887600      0.6077566364663989       0.0012318566224878       
-0.6660829479887600      -0.9416736884776388      0.0012318566224878       
-0.9451382031717263      -0.6113936022561015      0.0013262538860843       
0.5565318054278277       -0.6113936022561015      0.0013262538860843       
0.5565318054278277       -0.9451382031717263      0.0013262538860843       
-0.9451382031717263      0.5565318054278277       0.0013262538860843       
-0.6113936022561015      0.5565318054278277       0.0013262538860843       
-0.6113936022561015      -0.9451382031717263      0.0013262538860843       
-0.9409156049390012      -0.5550685032901859      0.0013935278992494       
0.4959841082291872       -0.5550685032901859      0.0013935278992494       
0.4959841082291872       -0.9409156049390012      0.0013935278992494       
-0.9409156049390012      0.4959841082291871       0.0013935278992494       
-0.5550685032901860      0.4959841082291871       0.0013935278992494       
-0.5550685032901860      -0.9409156049390012      0.0013935278992494       
-0.9440782256511380      -0.4945828278650428      0.0014571768948994       
0.4386610535161808       -0.4945828278650428      0.0014571768948994       
0.4386610535161808       -0.9440782256511380      0.0014571768948994       
-0.9440782256511380      0.4386610535161808       0.0014571768948994       
-0.4945828278650428      0.4386610535161808       0.0014571768948994       
-0.4945828278650428      -0.9440782256511380      0.0014571768948994       
-0.9427465995861380      -0.4325925514974698      0.0015132229093342       
0.3753391510836077       -0.4325925514974698      0.0015132229093342       
0.3753391510836077       -0.9427465995861380      0.0015132229093342       
-0.9427465995861380      0.3753391510836077       0.0015132229093342       
-0.4325925514974698      0.3753391510836077       0.0015132229093342       
-0.4325925514974698      -0.9427465995861380      0.0015132229093342       
-0.9625937942997016      -0.3625515047991481      0.0012740911358287       
0.3251452990988497       -0.3625515047991481      0.0012740911358287       
0.3251452990988497       -0.9625937942997016      0.0012740911358287       
-0.9625937942997016      0.3251452990988497       0.0012740911358287       
-0.3625515047991481      0.3251452990988497       0.0012740911358287       
-0.3625515047991481      -0.9625937942997016      0.0012740911358287       
-0.9487042570059921      -0.3003654305947024      0.0015300742810595       
0.2490696876006946       -0.3003654305947024      0.0015300742810595       
0.2490696876006946       -0.9487042570059921      0.0015300742810595       
-0.9487042570059921      0.2490696876006946       0.0015300742810595       
-0.3003654305947024      0.2490696876006946       0.0015300742810595       
-0.3003654305947024      -0.9487042570059921      0.0015300742810595       
-0.9515738568075118      -0.2320328733021960      0.0014266364177397       
0.1836067301097078       -0.2320328733021960      0.0014266364177397       
0.1836067301097078       -0.9515738568075118      0.0014266364177397       
-0.9515738568075118      0.1836067301097078       0.0014266364177397       
-0.2320328733021960      0.1836067301097078       0.0014266364177397       
-0.2320328733021960      -0.9515738568075118      0.0014266364177397       
-0.9476262057966564      -0.1657323623863254      0.0015460396857871       
0.1133585681829818       -0.1657323623863254      0.0015460396857871       
0.1133585681829819       -0.9476262057966564      0.0015460396857871       
-0.9476262057966564      0.1133585681829818       0.0015460396857871       
-0.1657323623863254      0.1133585681829818       0.0015460396857871       
-0.1657323623863254      -0.9476262057966564      0.0015460396857871       
-0.9495280735285586      -0.0956046810024442      0.0014688073723231       
0.0451327545310027       -0.0956046810024442      0.0014688073723231       
0.0451327545310027       -0.9495280735285586      0.0014688073723231       
-0.9495280735285586      0.0451327545310027       0.0014688073723231       
-0.0956046810024441      0.0451327545310027       0.0014688073723231       
-0.0956046810024442      -0.9495280735285586      0.0014688073723231       
-0.9196375935291998      -0.8874686868606196      0.0009008688938574       
0.8071062803898195       -0.8874686868606196      0.0009008688938574       
0.8071062803898195       -0.9196375935291998      0.0009008688938574       
-0.9196375935291998      0.8071062803898195       0.0009008688938574       
-0.8874686868606197      0.8071062803898195       0.0009008688938574       
-0.8874686868606196      -0.9196375935291998      0.0009008688938574       
-0.9193870635016956      -0.8525437097732169      0.0010165011327304       
0.7719307732749126       -0.8525437097732169      0.0010165011327304       
0.7719307732749126       -0.9193870635016954      0.0010165011327304       
-0.9193870635016956      0.7719307732749126       0.0010165011327304       
-0.8525437097732170      0.7719307732749126       0.0010165011327304       
-0.8525437097732171      -0.9193870635016954      0.0010165011327304       
-0.9174605975774064      -0.8137885109435290      0.0011559221823900       
0.7312491085209354       -0.8137885109435290      0.0011559221823900       
0.7312491085209354       -0.9174605975774064      0.0011559221823900       
-0.9174605975774066      0.7312491085209354       0.0011559221823900       
-0.8137885109435289      0.7312491085209354       0.0011559221823900       
-0.8137885109435290      -0.9174605975774064      0.0011559221823900       
-0.9170673879151792      -0.7708250356271433      0.0012859789602028       
0.6878924235423225       -0.7708250356271433      0.0012859789602028       
0.6878924235423225       -0.9170673879151792      0.0012859789602028       
-0.9170673879151792      0.6878924235423225       0.0012859789602028       
-0.7708250356271433      0.6878924235423225       0.0012859789602028       
-0.7708250356271433      -0.9170673879151792      0.0012859789602028       
-0.9172791154186632      -0.7235986638399217      0.0014011245073383       
0.6408777792585849       -0.7235986638399217      0.0014011245073383       
0.6408777792585849       -0.9172791154186632      0.0014011245073383       
-0.9172791154186632      0.6408777792585849       0.0014011245073383       
-0.7235986638399218      0.6408777792585849       0.0014011245073383       
-0.7235986638399217      -0.9172791154186632      0.0014011245073383       
-0.9163313114231902      -0.6726300670154564      0.0014577852076866       
0.5889613784386465       -0.6726300670154564      0.0014577852076866       
0.5889613784386465       -0.9163313114231902      0.0014577852076866       
-0.9163313114231902      0.5889613784386465       0.0014577852076866       
-0.6726300670154564      0.5889613784386465       0.0014577852076866       
-0.6726300670154564      -0.9163313114231902      0.0014577852076866       
-0.9187758303647744      -0.6170071903548029      0.0016124589877290       
0.5357830207195773       -0.6170071903548029      0.0016124589877290       
0.5357830207195773       -0.9187758303647744      0.0016124589877290       
-0.9187758303647744      0.5357830207195773       0.0016124589877290       
-0.6170071903548029      0.5357830207195773       0.0016124589877290       
-0.6170071903548029      -0.9187758303647744      0.0016124589877290       
-0.9152505965490692      -0.5607981642968340      0.0015914665319501       
0.4760487608459032       -0.5607981642968340      0.0015914665319501       
0.4760487608459032       -0.9152505965490692      0.0015914665319501       
-0.9152505965490692      0.4760487608459032       0.0015914665319501       
-0.5607981642968340      0.4760487608459032       0.0015914665319501       
-0.5607981642968340      -0.9152505965490692      0.0015914665319501       
-0.9410950895078942      -0.3690086352821008      0.0015399209765723       
0.3101037247899951       -0.3690086352821008      0.0015399209765723       
0.3101037247899952       -0.9410950895078942      0.0015399209765723       
-0.9410950895078944      0.3101037247899952       0.0015399209765723       
-0.3690086352821008      0.3101037247899952       0.0015399209765723       
-0.3690086352821008      -0.9410950895078942      0.0015399209765723       
-0.9234063187565750      -0.3110742776826916      0.0018074535574983       
0.2344805964392667       -0.3110742776826916      0.0018074535574983       
0.2344805964392667       -0.9234063187565750      0.0018074535574983       
-0.9234063187565750      0.2344805964392666       0.0018074535574983       
-0.3110742776826917      0.2344805964392666       0.0018074535574983       
-0.3110742776826917      -0.9234063187565750      0.0018074535574983       
-0.9276222218604278      -0.2424246807375076      0.0018130338069643       
0.1700469025979354       -0.2424246807375076      0.0018130338069643       
0.1700469025979354       -0.9276222218604278      0.0018130338069643       
-0.9276222218604278      0.1700469025979354       0.0018130338069643       
-0.2424246807375076      0.1700469025979354       0.0018130338069643       
-0.2424246807375076      -0.9276222218604278      0.0018130338069643       
-0.8897586308651799      -0.8560888908614948      0.0011453730934807       
0.7458475217266747       -0.8560888908614948      0.0011453730934807       
0.7458475217266747       -0.8897586308651799      0.0011453730934807       
-0.8897586308651799      0.7458475217266747       0.0011453730934807       
-0.8560888908614948      0.7458475217266747       0.0011453730934807       
-0.8560888908614948      -0.8897586308651799      0.0011453730934807       
-0.8870641634107461      -0.8183887317843899      0.0013010858752464       
0.7054528951951360       -0.8183887317843899      0.0013010858752464       
0.7054528951951360       -0.8870641634107461      0.0013010858752464       
-0.8870641634107461      0.7054528951951360       0.0013010858752464       
-0.8183887317843899      0.7054528951951360       0.0013010858752464       
-0.8183887317843899      -0.8870641634107461      0.0013010858752464       
-0.8861479773638017      -0.7769325770216897      0.0014370726583170       
0.6630805543854914       -0.7769325770216897      0.0014370726583170       
0.6630805543854914       -0.8861479773638017      0.0014370726583170       
-0.8861479773638016      0.6630805543854914       0.0014370726583170       
-0.7769325770216898      0.6630805543854914       0.0014370726583170       
-0.7769325770216897      -0.8861479773638017      0.0014370726583170       
-0.8865299782276259      -0.7321477647230232      0.0015283943089769       
0.6186777429506491       -0.7321477647230232      0.0015283943089769       
0.6186777429506491       -0.8865299782276259      0.0015283943089769       
-0.8865299782276260      0.6186777429506491       0.0015283943089769       
-0.7321477647230231      0.6186777429506491       0.0015283943089769       
-0.7321477647230232      -0.8865299782276259      0.0015283943089769       
-0.8868868253286775      -0.6841158827643978      0.0015678252567255       
0.5710027080930753       -0.6841158827643978      0.0015678252567255       
0.5710027080930753       -0.8868868253286775      0.0015678252567255       
-0.8868868253286776      0.5710027080930753       0.0015678252567255       
-0.6841158827643977      0.5710027080930753       0.0015678252567255       
-0.6841158827643978      -0.8868868253286775      0.0015678252567255       
-0.8881689467030462      -0.6309363658392371      0.0017813248203639       
0.5191053125422833       -0.6309363658392371      0.0017813248203639       
0.5191053125422833       -0.8881689467030462      0.0017813248203639       
-0.8881689467030462      0.5191053125422833       0.0017813248203639       
-0.6309363658392371      0.5191053125422833       0.0017813248203639       
-0.6309363658392371      -0.8881689467030462      0.0017813248203639       
-0.8861269760646426      -0.5748000275677088      0.0018535528165845       
0.4609270036323514       -0.5748000275677088      0.0018535528165845       
0.4609270036323514       -0.8861269760646426      0.0018535528165845       
-0.8861269760646426      0.4609270036323514       0.0018535528165845       
-0.5748000275677088      0.4609270036323514       0.0018535528165845       
-0.5748000275677088      -0.8861269760646426      0.0018535528165845       
-0.9176531732483953      -0.5012837715103444      0.0017309500649432       
0.4189369447587400       -0.5012837715103444      0.0017309500649432       
0.4189369447587399       -0.9176531732483953      0.0017309500649432       
-0.9176531732483953      0.4189369447587399       0.0017309500649432       
-0.5012837715103445      0.4189369447587399       0.0017309500649432       
-0.5012837715103445      -0.9176531732483953      0.0017309500649432       
-0.9166197629597674      -0.4411110306173607      0.0017415073664693       
0.3577307935771281       -0.4411110306173607      0.0017415073664693       
0.3577307935771281       -0.9166197629597674      0.0017415073664693       
-0.9166197629597674      0.3577307935771281       0.0017415073664693       
-0.4411110306173607      0.3577307935771281       0.0017415073664693       
-0.4411110306173607      -0.9166197629597674      0.0017415073664693       
-0.9151294268028594      -0.3791201317559218      0.0017897044886475       
0.2942495585587812       -0.3791201317559218      0.0017897044886475       
0.2942495585587812       -0.9151294268028594      0.0017897044886475       
-0.9151294268028594      0.2942495585587812       0.0017897044886475       
-0.3791201317559218      0.2942495585587812       0.0017897044886475       
-0.3791201317559218      -0.9151294268028594      0.0017897044886475       
-0.8944541648711015      -0.3186464836359636      0.0019937932253725       
0.2131006485070650       -0.3186464836359636      0.0019937932253725       
0.2131006485070650       -0.8944541648711013      0.0019937932253725       
-0.8944541648711014      0.2131006485070650       0.0019937932253725       
-0.3186464836359636      0.2131006485070650       0.0019937932253725       
-0.3186464836359636      -0.8944541648711013      0.0019937932253725       
-0.8983564455882926      -0.2520173419630734      0.0021012272874211       
0.1503737875513660       -0.2520173419630734      0.0021012272874211       
0.1503737875513660       -0.8983564455882926      0.0021012272874211       
-0.8983564455882926      0.1503737875513660       0.0021012272874211       
-0.2520173419630734      0.1503737875513660       0.0021012272874211       
-0.2520173419630734      -0.8983564455882926      0.0021012272874211       
-0.9230932856702466      -0.1757384357371644      0.0018220000220607       
0.0988317214074109       -0.1757384357371644      0.0018220000220607       
0.0988317214074108       -0.9230932856702464      0.0018220000220607       
-0.9230932856702464      0.0988317214074108       0.0018220000220607       
-0.1757384357371644      0.0988317214074108       0.0018220000220607       
-0.1757384357371644      -0.9230932856702464      0.0018220000220607       
-0.9258587970930670      -0.1057190318170726      0.0018146131447080       
0.0315778289101396       -0.1057190318170726      0.0018146131447080       
0.0315778289101396       -0.9258587970930670      0.0018146131447080       
-0.9258587970930670      0.0315778289101396       0.0018146131447080       
-0.1057190318170725      0.0315778289101396       0.0018146131447080       
-0.1057190318170725      -0.9258587970930670      0.0018146131447080       
-0.8518397696880093      -0.8166809822814016      0.0015349917733375       
0.6685207519694110       -0.8166809822814016      0.0015349917733375       
0.6685207519694110       -0.8518397696880093      0.0015349917733375       
-0.8518397696880095      0.6685207519694110       0.0015349917733375       
-0.8166809822814015      0.6685207519694110       0.0015349917733375       
-0.8166809822814016      -0.8518397696880093      0.0015349917733375       
-0.8505596664126120      -0.7736284971723424      0.0017070591107725       
0.6241881635849544       -0.7736284971723424      0.0017070591107725       
0.6241881635849544       -0.8505596664126120      0.0017070591107725       
-0.8505596664126119      0.6241881635849544       0.0017070591107725       
-0.7736284971723425      0.6241881635849544       0.0017070591107725       
-0.7736284971723424      -0.8505596664126120      0.0017070591107725       
-0.8517284149859659      -0.7264311807338208      0.0018143092315019       
0.5781595957197867       -0.7264311807338208      0.0018143092315019       
0.5781595957197867       -0.8517284149859659      0.0018143092315019       
-0.8517284149859659      0.5781595957197867       0.0018143092315019       
-0.7264311807338208      0.5781595957197867       0.0018143092315019       
-0.7264311807338208      -0.8517284149859659      0.0018143092315019       
-0.8546942191123590      -0.6749162244443112      0.0017882116584386       
0.5296104435566702       -0.6749162244443112      0.0017882116584386       
0.5296104435566701       -0.8546942191123591      0.0017882116584386       
-0.8546942191123591      0.5296104435566702       0.0017882116584386       
-0.6749162244443111      0.5296104435566702       0.0017882116584386       
-0.6749162244443111      -0.8546942191123591      0.0017882116584386       
-0.8540901406694901      -0.6200686285452310      0.0019683348261035       
0.4741587692147211       -0.6200686285452310      0.0019683348261035       
0.4741587692147211       -0.8540901406694901      0.0019683348261035       
-0.8540901406694901      0.4741587692147211       0.0019683348261035       
-0.6200686285452310      0.4741587692147211       0.0019683348261035       
-0.6200686285452310      -0.8540901406694901      0.0019683348261035       
-0.8862395459008103      -0.5131825147694911      0.0021007585761233       
0.3994220606703014       -0.5131825147694911      0.0021007585761233       
0.3994220606703014       -0.8862395459008103      0.0021007585761233       
-0.8862395459008103      0.3994220606703014       0.0021007585761233       
-0.5131825147694911      0.3994220606703014       0.0021007585761233       
-0.5131825147694911      -0.8862395459008103      0.0021007585761233       
-0.8859318088857007      -0.4498109044299998      0.0021318611151844       
0.3357427133157005       -0.4498109044299998      0.0021318611151844       
0.3357427133157005       -0.8859318088857007      0.0021318611151844       
-0.8859318088857007      0.3357427133157005       0.0021318611151844       
-0.4498109044299998      0.3357427133157005       0.0021318611151844       
-0.4498109044299998      -0.8859318088857007      0.0021318611151844       
-0.8853661684778000      -0.3844142644196522      0.0020527597834203       
0.2697804328974522       -0.3844142644196522      0.0020527597834203       
0.2697804328974522       -0.8853661684778000      0.0020527597834203       
-0.8853661684778000      0.2697804328974522       0.0020527597834203       
-0.3844142644196522      0.2697804328974522       0.0020527597834203       
-0.3844142644196522      -0.8853661684778000      0.0020527597834203       
-0.8631463538258681      -0.3115710057105134      0.0021393598519758       
0.1747173595363816       -0.3115710057105134      0.0021393598519758       
0.1747173595363816       -0.8631463538258681      0.0021393598519758       
-0.8631463538258681      0.1747173595363816       0.0021393598519758       
-0.3115710057105134      0.1747173595363816       0.0021393598519758       
-0.3115710057105134      -0.8631463538258681      0.0021393598519758       
-0.8639219107745330      -0.2474500261827837      0.0024198882462684       
0.1113719369573167       -0.2474500261827837      0.0024198882462684       
0.1113719369573168       -0.8639219107745331      0.0024198882462684       
-0.8639219107745330      0.1113719369573167       0.0024198882462684       
-0.2474500261827838      0.1113719369573167       0.0024198882462684       
-0.2474500261827838      -0.8639219107745331      0.0024198882462684       
-0.8947378460376915      -0.1872274608108195      0.0019899503448956       
0.0819653068485109       -0.1872274608108195      0.0019899503448956       
0.0819653068485109       -0.8947378460376915      0.0019899503448956       
-0.8947378460376915      0.0819653068485109       0.0019899503448956       
-0.1872274608108194      0.0819653068485109       0.0019899503448956       
-0.1872274608108194      -0.8947378460376915      0.0019899503448956       
-0.8968414266281465      -0.1195820618983976      0.0021312090007095       
0.0164234885265440       -0.1195820618983976      0.0021312090007095       
0.0164234885265440       -0.8968414266281464      0.0021312090007095       
-0.8968414266281465      0.0164234885265440       0.0021312090007095       
-0.1195820618983975      0.0164234885265440       0.0021312090007095       
-0.1195820618983975      -0.8968414266281464      0.0021312090007095       
-0.8107229619685477      -0.7672533306174254      0.0019389392613214       
0.5779762925859731       -0.7672533306174254      0.0019389392613214       
0.5779762925859731       -0.8107229619685477      0.0019389392613214       
-0.8107229619685478      0.5779762925859731       0.0019389392613214       
-0.7672533306174253      0.5779762925859731       0.0019389392613214       
-0.7672533306174254      -0.8107229619685477      0.0019389392613214       
-0.8139033996045453      -0.7194239313668422      0.0019464648042287       
0.5333273309713875       -0.7194239313668422      0.0019464648042287       
0.5333273309713875       -0.8139033996045453      0.0019464648042287       
-0.8139033996045454      0.5333273309713875       0.0019464648042287       
-0.7194239313668421      0.5333273309713875       0.0019464648042287       
-0.7194239313668422      -0.8139033996045453      0.0019464648042287       
-0.8222096377476056      -0.6700361231364209      0.0015973511223083       
0.4922457608840266       -0.6700361231364209      0.0015973511223083       
0.4922457608840266       -0.8222096377476055      0.0015973511223083       
-0.8222096377476055      0.4922457608840265       0.0015973511223083       
-0.6700361231364210      0.4922457608840265       0.0015973511223083       
-0.6700361231364210      -0.8222096377476055      0.0015973511223083       
-0.8206371445161618      -0.6138795654882938      0.0018114525671485       
0.4345167100044556       -0.6138795654882938      0.0018114525671485       
0.4345167100044556       -0.8206371445161618      0.0018114525671485       
-0.8206371445161618      0.4345167100044556       0.0018114525671485       
-0.6138795654882938      0.4345167100044556       0.0018114525671485       
-0.6138795654882938      -0.8206371445161618      0.0018114525671485       
-0.8521958721786549      -0.5599451614656803      0.0022307719730097       
0.4121410336443352       -0.5599451614656803      0.0022307719730097       
0.4121410336443352       -0.8521958721786549      0.0022307719730097       
-0.8521958721786549      0.4121410336443352       0.0022307719730097       
-0.5599451614656803      0.4121410336443352       0.0022307719730097       
-0.5599451614656803      -0.8521958721786549      0.0022307719730097       
-0.8500323601739184      -0.4976577999624406      0.0024296947829825       
0.3476901601363590       -0.4976577999624406      0.0024296947829825       
0.3476901601363589       -0.8500323601739184      0.0024296947829825       
-0.8500323601739183      0.3476901601363589       0.0024296947829825       
-0.4976577999624406      0.3476901601363589       0.0024296947829825       
-0.4976577999624406      -0.8500323601739184      0.0024296947829825       
-0.8516842551175956      -0.4340773719749113      0.0022492843091880       
0.2857616270925069       -0.4340773719749113      0.0022492843091880       
0.2857616270925070       -0.8516842551175956      0.0022492843091880       
-0.8516842551175957      0.2857616270925070       0.0022492843091880       
-0.4340773719749112      0.2857616270925070       0.0022492843091880       
-0.4340773719749112      -0.8516842551175956      0.0022492843091880       
-0.8535833545763238      -0.3709700288505093      0.0020722242345940       
0.2245533834268331       -0.3709700288505093      0.0020722242345940       
0.2245533834268332       -0.8535833545763238      0.0020722242345940       
-0.8535833545763239      0.2245533834268332       0.0020722242345940       
-0.3709700288505092      0.2245533834268332       0.0020722242345940       
-0.3709700288505092      -0.8535833545763238      0.0020722242345940       
-0.8625849612911457      -0.1778846219075282      0.0024064994813373       
0.0404695831986739       -0.1778846219075282      0.0024064994813373       
0.0404695831986739       -0.8625849612911458      0.0024064994813373       
-0.8625849612911457      0.0404695831986739       0.0024064994813373       
-0.1778846219075282      0.0404695831986739       0.0024064994813373       
-0.1778846219075282      -0.8625849612911458      0.0024064994813373       
-0.8631152534333049      -0.1117011278864593      0.0022074748551809       
-0.0251836186802357      -0.1117011278864593      0.0022074748551809       
-0.0251836186802357      -0.8631152534333050      0.0022074748551809       
-0.8631152534333049      -0.0251836186802357      0.0022074748551809       
-0.1117011278864593      -0.0251836186802357      0.0022074748551809       
-0.1117011278864593      -0.8631152534333050      0.0022074748551809       
-0.7734458597758580      -0.7185332061110463      0.0021063871178630       
0.4919790658869043       -0.7185332061110463      0.0021063871178630       
0.4919790658869043       -0.7734458597758582      0.0021063871178630       
-0.7734458597758581      0.4919790658869043       0.0021063871178630       
-0.7185332061110462      0.4919790658869043       0.0021063871178630       
-0.7185332061110461      -0.7734458597758582      0.0021063871178630       
-0.7924207372078496      -0.6643293379379387      0.0018158238167961       
0.4567500751457883       -0.6643293379379387      0.0018158238167961       
0.4567500751457883       -0.7924207372078494      0.0018158238167961       
-0.7924207372078494      0.4567500751457882       0.0018158238167961       
-0.6643293379379388      0.4567500751457882       0.0018158238167961       
-0.6643293379379388      -0.7924207372078494      0.0018158238167961       
-0.7920804216421142      -0.6088401043122409      0.0014677461603034       
0.4009205259543550       -0.6088401043122409      0.0014677461603034       
0.4009205259543550       -0.7920804216421145      0.0014677461603034       
-0.7920804216421143      0.4009205259543551       0.0014677461603034       
-0.6088401043122408      0.4009205259543551       0.0014677461603034       
-0.6088401043122407      -0.7920804216421145      0.0014677461603034       
-0.8132623056787278      -0.5558361364396123      0.0023594013481076       
0.3690984421183402       -0.5558361364396123      0.0023594013481076       
0.3690984421183401       -0.8132623056787276      0.0023594013481076       
-0.8132623056787277      0.3690984421183401       0.0023594013481076       
-0.5558361364396124      0.3690984421183401       0.0023594013481076       
-0.5558361364396124      -0.8132623056787276      0.0023594013481076       
-0.8090020695086486      -0.4989152763415409      0.0024749778915410       
0.3079173458501896       -0.4989152763415409      0.0024749778915410       
0.3079173458501896       -0.8090020695086486      0.0024749778915410       
-0.8090020695086487      0.3079173458501896       0.0024749778915410       
-0.4989152763415409      0.3079173458501896       0.0024749778915410       
-0.4989152763415409      -0.8090020695086486      0.0024749778915410       
-0.8152563792393996      -0.4392737504818862      0.0023140454763549       
0.2545301297212858       -0.4392737504818862      0.0023140454763549       
0.2545301297212858       -0.8152563792393996      0.0023140454763549       
-0.8152563792393996      0.2545301297212858       0.0023140454763549       
-0.4392737504818862      0.2545301297212858       0.0023140454763549       
-0.4392737504818862      -0.8152563792393996      0.0023140454763549       
-0.8183206992392640      -0.3737816537903000      0.0025084726382521       
0.1921023530295640       -0.3737816537903000      0.0025084726382521       
0.1921023530295640       -0.8183206992392640      0.0025084726382521       
-0.8183206992392640      0.1921023530295640       0.0025084726382521       
-0.3737816537903000      0.1921023530295640       0.0025084726382521       
-0.3737816537903000      -0.8183206992392640      0.0025084726382521       
-0.8255197029399404      -0.3043175387405932      0.0028251919475894       
0.1298372416805336       -0.3043175387405932      0.0028251919475894       
0.1298372416805336       -0.8255197029399404      0.0028251919475894       
-0.8255197029399404      0.1298372416805336       0.0028251919475894       
-0.3043175387405932      0.1298372416805336       0.0028251919475894       
-0.3043175387405932      -0.8255197029399404      0.0028251919475894       
-0.8264403297497180      -0.2322822271973704      0.0028561882938477       
0.0587225569470884       -0.2322822271973704      0.0028561882938477       
0.0587225569470884       -0.8264403297497180      0.0028561882938477       
-0.8264403297497180      0.0587225569470884       0.0028561882938477       
-0.2322822271973704      0.0587225569470884       0.0028561882938477       
-0.2322822271973704      -0.8264403297497180      0.0028561882938477       
-0.8248579116383157      -0.1599192662408274      0.0028984804097735       
-0.0152228221208568      -0.1599192662408274      0.0028984804097735       
-0.0152228221208569      -0.8248579116383157      0.0028984804097735       
-0.8248579116383157      -0.0152228221208568      0.0028984804097735       
-0.1599192662408274      -0.0152228221208568      0.0028984804097735       
-0.1599192662408274      -0.8248579116383157      0.0028984804097735       
-0.7526792511239415      -0.6741595569003225      0.0022400961259070       
0.4268388080242640       -0.6741595569003225      0.0022400961259070       
0.4268388080242640       -0.7526792511239414      0.0022400961259070       
-0.7526792511239414      0.4268388080242640       0.0022400961259070       
-0.6741595569003226      0.4268388080242640       0.0022400961259070       
-0.6741595569003226      -0.7526792511239414      0.0022400961259070       
-0.7595131484030733      -0.6194458293886393      0.0022515226468919       
0.3789589777917126       -0.6194458293886393      0.0022515226468919       
0.3789589777917126       -0.7595131484030735      0.0022515226468919       
-0.7595131484030734      0.3789589777917126       0.0022515226468919       
-0.6194458293886392      0.3789589777917126       0.0022515226468919       
-0.6194458293886392      -0.7595131484030735      0.0022515226468919       
-0.7679808548507252      -0.5571769397614093      0.0028595544047983       
0.3251577946121344       -0.5571769397614093      0.0028595544047983       
0.3251577946121344       -0.7679808548507252      0.0028595544047983       
-0.7679808548507252      0.3251577946121344       0.0028595544047983       
-0.5571769397614093      0.3251577946121344       0.0028595544047983       
-0.5571769397614093      -0.7679808548507252      0.0028595544047983       
-0.7662654222025824      -0.4936396621333188      0.0028680585210266       
0.2599050843359012       -0.4936396621333188      0.0028680585210266       
0.2599050843359012       -0.7662654222025824      0.0028680585210266       
-0.7662654222025824      0.2599050843359012       0.0028680585210266       
-0.4936396621333188      0.2599050843359012       0.0028680585210266       
-0.4936396621333188      -0.7662654222025824      0.0028680585210266       
-0.7785209341307600      -0.4281268781977208      0.0025625780724499       
0.2066478123284807       -0.4281268781977208      0.0025625780724499       
0.2066478123284807       -0.7785209341307600      0.0025625780724499       
-0.7785209341307600      0.2066478123284807       0.0025625780724499       
-0.4281268781977208      0.2066478123284807       0.0025625780724499       
-0.4281268781977208      -0.7785209341307600      0.0025625780724499       
-0.7798853082834661      -0.3591038075278906      0.0028993601410636       
0.1389891158113568       -0.3591038075278906      0.0028993601410636       
0.1389891158113568       -0.7798853082834660      0.0028993601410636       
-0.7798853082834661      0.1389891158113568       0.0028993601410636       
-0.3591038075278906      0.1389891158113568       0.0028993601410636       
-0.3591038075278906      -0.7798853082834660      0.0028993601410636       
-0.7846557748298110      -0.2915356229262320      0.0029000409947065       
0.0761913977560429       -0.2915356229262320      0.0029000409947065       
0.0761913977560429       -0.7846557748298109      0.0029000409947065       
-0.7846557748298110      0.0761913977560429       0.0029000409947065       
-0.2915356229262319      0.0761913977560429       0.0029000409947065       
-0.2915356229262319      -0.7846557748298109      0.0029000409947065       
-0.7844442404629254      -0.2253853678545585      0.0028802587860282       
0.0098296083174838       -0.2253853678545585      0.0028802587860282       
0.0098296083174838       -0.7844442404629253      0.0028802587860282       
-0.7844442404629254      0.0098296083174838       0.0028802587860282       
-0.2253853678545584      0.0098296083174838       0.0028802587860282       
-0.2253853678545584      -0.7844442404629253      0.0028802587860282       
-0.7827897814299797      -0.1629647854174156      0.0025664573934029       
-0.0542454331526048      -0.1629647854174156      0.0025664573934029       
-0.0542454331526048      -0.7827897814299796      0.0025664573934029       
-0.7827897814299797      -0.0542454331526048      0.0025664573934029       
-0.1629647854174156      -0.0542454331526048      0.0025664573934029       
-0.1629647854174156      -0.7827897814299796      0.0025664573934029       
-0.7100839278794899      -0.6567305690814662      0.0024772784954834       
0.3668144969609562       -0.6567305690814662      0.0024772784954834       
0.3668144969609562       -0.7100839278794899      0.0024772784954834       
-0.7100839278794899      0.3668144969609562       0.0024772784954834       
-0.6567305690814662      0.3668144969609562       0.0024772784954834       
-0.6567305690814662      -0.7100839278794899      0.0024772784954834       
-0.7185472076240236      -0.6016274309786080      0.0026943363381398       
0.3201746386026316       -0.6016274309786080      0.0026943363381398       
0.3201746386026316       -0.7185472076240238      0.0026943363381398       
-0.7185472076240237      0.3201746386026316       0.0026943363381398       
-0.6016274309786079      0.3201746386026316       0.0026943363381398       
-0.6016274309786079      -0.7185472076240238      0.0026943363381398       
-0.7206665453451230      -0.5442803735982027      0.0028924885883982       
0.2649469189433258       -0.5442803735982027      0.0028924885883982       
0.2649469189433258       -0.7206665453451229      0.0028924885883982       
-0.7206665453451230      0.2649469189433258       0.0028924885883982       
-0.5442803735982028      0.2649469189433258       0.0028924885883982       
-0.5442803735982028      -0.7206665453451229      0.0028924885883982       
-0.7219713954491519      -0.4834647172644755      0.0026240285670670       
0.2054361127136275       -0.4834647172644755      0.0026240285670670       
0.2054361127136275       -0.7219713954491520      0.0026240285670670       
-0.7219713954491519      0.2054361127136275       0.0026240285670670       
-0.4834647172644756      0.2054361127136275       0.0026240285670670       
-0.4834647172644756      -0.7219713954491520      0.0026240285670670       
-0.7404830807048366      -0.4271258222756815      0.0023513806539350       
0.1676089029805181       -0.4271258222756815      0.0023513806539350       
0.1676089029805181       -0.7404830807048366      0.0023513806539350       
-0.7404830807048366      0.1676089029805181       0.0023513806539350       
-0.4271258222756815      0.1676089029805181       0.0023513806539350       
-0.4271258222756815      -0.7404830807048366      0.0023513806539350       
-0.7344589346699547      -0.3707289232437266      0.0027919941177587       
0.1051878579136814       -0.3707289232437266      0.0027919941177587       
0.1051878579136814       -0.7344589346699548      0.0027919941177587       
-0.7344589346699547      0.1051878579136814       0.0027919941177587       
-0.3707289232437266      0.1051878579136814       0.0027919941177587       
-0.3707289232437266      -0.7344589346699548      0.0027919941177587       
-0.7389601486888978      -0.3071871292434057      0.0030362551742437       
0.0461472779323036       -0.3071871292434057      0.0030362551742437       
0.0461472779323036       -0.7389601486888977      0.0030362551742437       
-0.7389601486888978      0.0461472779323036       0.0030362551742437       
-0.3071871292434058      0.0461472779323036       0.0030362551742437       
-0.3071871292434058      -0.7389601486888977      0.0030362551742437       
-0.7384669185941632      -0.2440139409718802      0.0029941541859292       
-0.0175191404339565      -0.2440139409718802      0.0029941541859292       
-0.0175191404339565      -0.7384669185941632      0.0029941541859292       
-0.7384669185941632      -0.0175191404339565      0.0029941541859292       
-0.2440139409718803      -0.0175191404339565      0.0029941541859292       
-0.2440139409718803      -0.7384669185941632      0.0029941541859292       
-0.7378802160484050      -0.1841744964857190      0.0026524042245639       
-0.0779452874658759      -0.1841744964857190      0.0026524042245639       
-0.0779452874658760      -0.7378802160484050      0.0026524042245639       
-0.7378802160484050      -0.0779452874658759      0.0026524042245639       
-0.1841744964857190      -0.0779452874658759      0.0026524042245639       
-0.1841744964857191      -0.7378802160484050      0.0026524042245639       
-0.6673794974640048      -0.6096454642113844      0.0027904631040354       
0.2770249616753892       -0.6096454642113844      0.0027904631040354       
0.2770249616753892       -0.6673794974640048      0.0027904631040354       
-0.6673794974640048      0.2770249616753892       0.0027904631040354       
-0.6096454642113844      0.2770249616753892       0.0027904631040354       
-0.6096454642113844      -0.6673794974640048      0.0027904631040354       
-0.6699400986290702      -0.5562472471029867      0.0027780866317140       
0.2261873457320570       -0.5562472471029867      0.0027780866317140       
0.2261873457320568       -0.6699400986290702      0.0027780866317140       
-0.6699400986290702      0.2261873457320569       0.0027780866317140       
-0.5562472471029867      0.2261873457320569       0.0027780866317140       
-0.5562472471029867      -0.6699400986290702      0.0027780866317140       
-0.6785673415443323      -0.4995016664678202      0.0024878429345812       
0.1780690080121525       -0.4995016664678202      0.0024878429345812       
0.1780690080121525       -0.6785673415443323      0.0024878429345812       
-0.6785673415443323      0.1780690080121525       0.0024878429345812       
-0.4995016664678202      0.1780690080121525       0.0024878429345812       
-0.4995016664678202      -0.6785673415443323      0.0024878429345812       
-0.6934698438109710      -0.4304510933861878      0.0030835633627490       
0.1239209371971588       -0.4304510933861878      0.0030835633627490       
0.1239209371971588       -0.6934698438109710      0.0030835633627490       
-0.6934698438109710      0.1239209371971588       0.0030835633627490       
-0.4304510933861878      0.1239209371971588       0.0030835633627490       
-0.4304510933861878      -0.6934698438109710      0.0030835633627490       
-0.6882868509511005      -0.3611449373375613      0.0032975074214077       
0.0494317882886619       -0.3611449373375613      0.0032975074214077       
0.0494317882886619       -0.6882868509511004      0.0032975074214077       
-0.6882868509511005      0.0494317882886619       0.0032975074214077       
-0.3611449373375614      0.0494317882886619       0.0032975074214077       
-0.3611449373375614      -0.6882868509511004      0.0032975074214077       
-0.6890740460515683      -0.2945110328194424      0.0035117154484914       
-0.0164149211289893      -0.2945110328194424      0.0035117154484914       
-0.0164149211289893      -0.6890740460515682      0.0035117154484914       
-0.6890740460515683      -0.0164149211289893      0.0035117154484914       
-0.2945110328194424      -0.0164149211289893      0.0035117154484914       
-0.2945110328194424      -0.6890740460515682      0.0035117154484914       
-0.6889926025201177      -0.2252439850251406      0.0035533934287855       
-0.0857634124547416      -0.2252439850251406      0.0035533934287855       
-0.0857634124547416      -0.6889926025201177      0.0035533934287855       
-0.6889926025201177      -0.0857634124547416      0.0035533934287855       
-0.2252439850251406      -0.0857634124547416      0.0035533934287855       
-0.2252439850251406      -0.6889926025201177      0.0035533934287855       
-0.6215043675904319      -0.5496761433330646      0.0031184572652105       
0.1711805109234965       -0.5496761433330646      0.0031184572652105       
0.1711805109234965       -0.6215043675904319      0.0031184572652105       
-0.6215043675904319      0.1711805109234965       0.0031184572652105       
-0.5496761433330646      0.1711805109234965       0.0031184572652105       
-0.5496761433330646      -0.6215043675904319      0.0031184572652105       
-0.6427243101057640      -0.4830877455066775      0.0027840176115885       
0.1258120556124416       -0.4830877455066775      0.0027840176115885       
0.1258120556124416       -0.6427243101057640      0.0027840176115885       
-0.6427243101057640      0.1258120556124416       0.0027840176115885       
-0.4830877455066775      0.1258120556124416       0.0027840176115885       
-0.4830877455066775      -0.6427243101057640      0.0027840176115885       
-0.6501271535623765      -0.4202355322736460      0.0026401670032942       
0.0703626858360224       -0.4202355322736460      0.0026401670032942       
0.0703626858360224       -0.6501271535623765      0.0026401670032942       
-0.6501271535623765      0.0703626858360224       0.0026401670032942       
-0.4202355322736460      0.0703626858360224       0.0026401670032942       
-0.4202355322736460      -0.6501271535623765      0.0026401670032942       
-0.6347834829315284      -0.3603904832553692      0.0036354770887356       
-0.0048260338131023      -0.3603904832553692      0.0036354770887356       
-0.0048260338131023      -0.6347834829315284      0.0036354770887356       
-0.6347834829315284      -0.0048260338131023      0.0036354770887356       
-0.3603904832553692      -0.0048260338131023      0.0036354770887356       
-0.3603904832553692      -0.6347834829315284      0.0036354770887356       
-0.6359405594982732      -0.2337928962457458      0.0031193467210910       
-0.1302665442559810      -0.2337928962457458      0.0031193467210910       
-0.1302665442559810      -0.6359405594982732      0.0031193467210910       
-0.6359405594982732      -0.1302665442559810      0.0031193467210910       
-0.2337928962457458      -0.1302665442559810      0.0031193467210910       
-0.2337928962457458      -0.6359405594982732      0.0031193467210910       
-0.5916926946855707      -0.5014848932382170      0.0032322505051593       
0.0931775879237877       -0.5014848932382170      0.0032322505051593       
0.0931775879237878       -0.5916926946855707      0.0032322505051593       
-0.5916926946855707      0.0931775879237877       0.0032322505051593       
-0.5014848932382170      0.0931775879237877       0.0032322505051593       
-0.5014848932382170      -0.5916926946855707      0.0032322505051593       
-0.6064894462341996      -0.4356608953881454      0.0028850901390097       
0.0421503416223450       -0.4356608953881454      0.0028850901390097       
0.0421503416223450       -0.6064894462341996      0.0028850901390097       
-0.6064894462341996      0.0421503416223450       0.0028850901390097       
-0.4356608953881454      0.0421503416223450       0.0028850901390097       
-0.4356608953881454      -0.6064894462341996      0.0028850901390097       
-0.6365570070393326      -0.2946034581617241      0.0034629850569489       
-0.0688395347989432      -0.2946034581617241      0.0034629850569489       
-0.0688395347989432      -0.6365570070393325      0.0034629850569489       
-0.6365570070393326      -0.0688395347989432      0.0034629850569489       
-0.2946034581617242      -0.0688395347989432      0.0034629850569489       
-0.2946034581617242      -0.6365570070393325      0.0034629850569489       
-0.5512931206245808      -0.4663604593792703      0.0033642199615513       
0.0176535800038511       -0.4663604593792703      0.0033642199615513       
0.0176535800038511       -0.5512931206245808      0.0033642199615513       
-0.5512931206245808      0.0176535800038511       0.0033642199615513       
-0.4663604593792703      0.0176535800038511       0.0033642199615513       
-0.4663604593792703      -0.5512931206245808      0.0033642199615513       
-0.5763296765529562      -0.3959120373249770      0.0033628353657396       
-0.0277582861220669      -0.3959120373249770      0.0033628353657396       
-0.0277582861220668      -0.5763296765529562      0.0033628353657396       
-0.5763296765529562      -0.0277582861220669      0.0033628353657396       
-0.3959120373249770      -0.0277582861220669      0.0033628353657396       
-0.3959120373249770      -0.5763296765529562      0.0033628353657396       
-0.5807738300107146      -0.3353135194670110      0.0034439938584605       
-0.0839126505222744      -0.3353135194670110      0.0034439938584605       
-0.0839126505222744      -0.5807738300107146      0.0034439938584605       
-0.5807738300107146      -0.0839126505222744      0.0034439938584605       
-0.3353135194670110      -0.0839126505222744      0.0034439938584605       
-0.3353135194670110      -0.5807738300107146      0.0034439938584605       
-0.5800153570838580      -0.2740497688613352      0.0036253189269914       
-0.1459348740548068      -0.2740497688613352      0.0036253189269914       
-0.1459348740548068      -0.5800153570838580      0.0036253189269914       
-0.5800153570838580      -0.1459348740548068      0.0036253189269914       
-0.2740497688613352      -0.1459348740548068      0.0036253189269914       
-0.2740497688613352      -0.5800153570838580      0.0036253189269914       
-0.5173001253255736      -0.4219809714629832      0.0036664842100162       
-0.0607189032114432      -0.4219809714629832      0.0036664842100162       
-0.0607189032114432      -0.5173001253255736      0.0036664842100162       
-0.5173001253255736      -0.0607189032114432      0.0036664842100162       
-0.4219809714629832      -0.0607189032114432      0.0036664842100162       
-0.4219809714629832      -0.5173001253255736      0.0036664842100162       
-0.5218566991489247      -0.3584866478815289      0.0037223742923925       
-0.1196566529695464      -0.3584866478815289      0.0037223742923925       
-0.1196566529695464      -0.5218566991489246      0.0037223742923925       
-0.5218566991489247      -0.1196566529695464      0.0037223742923925       
-0.3584866478815288      -0.1196566529695464      0.0037223742923925       
-0.3584866478815288      -0.5218566991489246      0.0037223742923925       
-0.4594225622335841      -0.3967818858429958      0.0038234363796525       
-0.1437955519234202      -0.3967818858429958      0.0038234363796525       
-0.1437955519234202      -0.4594225622335841      0.0038234363796525       
-0.4594225622335841      -0.1437955519234202      0.0038234363796525       
-0.3967818858429958      -0.1437955519234202      0.0038234363796525       
-0.3967818858429958      -0.4594225622335841      0.0038234363796525       
-0.5215219800998199      -0.2976565177499418      0.0035413165612569       
-0.1808215021502384      -0.2976565177499418      0.0035413165612569       
-0.1808215021502384      -0.5215219800998199      0.0035413165612569       
-0.5215219800998199      -0.1808215021502384      0.0035413165612569       
-0.2976565177499418      -0.1808215021502384      0.0035413165612569       
-0.2976565177499418      -0.5215219800998199      0.0035413165612569       
-0.4620443579727476      -0.3342057065263452      0.0037702748811403       
-0.2037499355009072      -0.3342057065263452      0.0037702748811403       
-0.2037499355009072      -0.4620443579727476      0.0037702748811403       
-0.4620443579727476      -0.2037499355009072      0.0037702748811403       
-0.3342057065263452      -0.2037499355009072      0.0037702748811403       
-0.3342057065263452      -0.4620443579727476      0.0037702748811403       
-0.4090821502476528      -0.3293593614512588      0.0030707836084526       
-0.2615584883010884      -0.3293593614512588      0.0030707836084526       
-0.2615584883010884      -0.4090821502476528      0.0030707836084526       
-0.4090821502476528      -0.2615584883010884      0.0030707836084526       
-0.3293593614512588      -0.2615584883010884      0.0030707836084526       
-0.3293593614512588      -0.4090821502476528      0.0030707836084526       
-0.3333333333333333      -0.3333333333333333      0.0020083279702603       
