centroid       numS31         numS22         numS211        numS1111       
false (1)      7 (4)          4 (6)          33 (12)        19 (24)        

x                        y                        z                        w                        
-0.9846234705648184      -0.9846234705648184      0.9538704116944550       0.0000609125981256       
-0.9846234705648184      0.9538704116944547       -0.9846234705648184      0.0000609125981256       
-0.9846234705648184      -0.9846234705648184      -0.9846234705648184      0.0000609125981256       
0.9538704116944547       -0.9846234705648184      -0.9846234705648184      0.0000609125981256       
-0.9244298722081769      -0.9244298722081769      0.7732896166245307       0.0005997780809012       
-0.9244298722081769      0.7732896166245307       -0.9244298722081770      0.0005997780809012       
-0.9244298722081769      -0.9244298722081769      -0.9244298722081769      0.0005997780809012       
0.7732896166245308       -0.9244298722081769      -0.9244298722081769      0.0005997780809012       
-0.8426470230615893      -0.8426470230615893      0.5279410691847679       0.0014139432201527       
-0.8426470230615893      0.5279410691847678       -0.8426470230615893      0.0014139432201527       
-0.8426470230615893      -0.8426470230615893      -0.8426470230615893      0.0014139432201527       
0.5279410691847678       -0.8426470230615893      -0.8426470230615893      0.0014139432201527       
-0.4179762509085543      -0.4179762509085543      -0.7460712472743372      0.0047805659422105       
-0.4179762509085543      -0.7460712472743372      -0.4179762509085543      0.0047805659422105       
-0.4179762509085543      -0.4179762509085543      -0.4179762509085543      0.0047805659422105       
-0.7460712472743372      -0.4179762509085543      -0.4179762509085543      0.0047805659422105       
-0.7511200108952260      -0.7511200108952260      0.2533600326856780       0.0036916432152687       
-0.7511200108952260      0.2533600326856779       -0.7511200108952261      0.0036916432152687       
-0.7511200108952260      -0.7511200108952260      -0.7511200108952260      0.0036916432152687       
0.2533600326856780       -0.7511200108952260      -0.7511200108952260      0.0036916432152687       
-0.5725733836846371      -0.5725733836846371      -0.2822798489460890      0.0044545764773465       
-0.5725733836846371      -0.2822798489460890      -0.5725733836846371      0.0044545764773465       
-0.5725733836846371      -0.5725733836846371      -0.5725733836846371      0.0044545764773465       
-0.2822798489460890      -0.5725733836846371      -0.5725733836846371      0.0044545764773465       
-0.4628016951008716      -0.4628016951008716      -0.6115949146973851      0.0038040149864851       
-0.4628016951008716      -0.6115949146973851      -0.4628016951008716      0.0038040149864851       
-0.4628016951008716      -0.4628016951008716      -0.4628016951008716      0.0038040149864851       
-0.6115949146973851      -0.4628016951008716      -0.4628016951008716      0.0038040149864851       
-0.0024016753641443      -0.9975983246358558      -0.9975983246358558      0.0000446516360970       
-0.9975983246358558      -0.0024016753641443      -0.9975983246358558      0.0000446516360970       
-0.9975983246358558      -0.9975983246358558      -0.0024016753641443      0.0000446516360970       
-0.0024016753641443      -0.0024016753641443      -0.9975983246358558      0.0000446516360970       
-0.0024016753641443      -0.9975983246358558      -0.0024016753641443      0.0000446516360970       
-0.9975983246358558      -0.0024016753641443      -0.0024016753641443      0.0000446516360970       
-0.1350102290301707      -0.8649897709698293      -0.8649897709698293      0.0028439555492294       
-0.8649897709698293      -0.1350102290301707      -0.8649897709698293      0.0028439555492294       
-0.8649897709698293      -0.8649897709698293      -0.1350102290301707      0.0028439555492294       
-0.1350102290301707      -0.1350102290301707      -0.8649897709698293      0.0028439555492294       
-0.1350102290301707      -0.8649897709698293      -0.1350102290301707      0.0028439555492294       
-0.8649897709698293      -0.1350102290301707      -0.1350102290301707      0.0028439555492294       
-0.2333876589883360      -0.7666123410116639      -0.7666123410116641      0.0029223705072170       
-0.7666123410116639      -0.2333876589883360      -0.7666123410116641      0.0029223705072170       
-0.7666123410116640      -0.7666123410116640      -0.2333876589883360      0.0029223705072170       
-0.2333876589883360      -0.2333876589883360      -0.7666123410116641      0.0029223705072170       
-0.2333876589883360      -0.7666123410116640      -0.2333876589883360      0.0029223705072170       
-0.7666123410116640      -0.2333876589883360      -0.2333876589883360      0.0029223705072170       
-0.3527065664293083      -0.6472934335706917      -0.6472934335706917      0.0053996861581073       
-0.6472934335706917      -0.3527065664293083      -0.6472934335706917      0.0053996861581073       
-0.6472934335706917      -0.6472934335706917      -0.3527065664293083      0.0053996861581073       
-0.3527065664293083      -0.3527065664293083      -0.6472934335706917      0.0053996861581073       
-0.3527065664293083      -0.6472934335706917      -0.3527065664293083      0.0053996861581073       
-0.6472934335706917      -0.3527065664293083      -0.3527065664293083      0.0053996861581073       
-0.9848054074014464      -0.9198778312197095      0.8894886460226021       0.0001360179299606       
-0.9848054074014464      -0.9848054074014464      0.8894886460226021       0.0001360179299606       
-0.9198778312197095      -0.9848054074014464      0.8894886460226021       0.0001360179299606       
-0.9198778312197095      0.8894886460226021       -0.9848054074014464      0.0001360179299606       
-0.9848054074014464      0.8894886460226021       -0.9848054074014464      0.0001360179299606       
-0.9848054074014464      0.8894886460226021       -0.9198778312197095      0.0001360179299606       
-0.9848054074014464      -0.9198778312197095      -0.9848054074014464      0.0001360179299606       
-0.9198778312197095      -0.9848054074014464      -0.9848054074014464      0.0001360179299606       
-0.9848054074014464      -0.9848054074014464      -0.9198778312197095      0.0001360179299606       
0.8894886460226021       -0.9848054074014464      -0.9198778312197095      0.0001360179299606       
0.8894886460226021       -0.9848054074014464      -0.9848054074014464      0.0001360179299606       
0.8894886460226021       -0.9198778312197095      -0.9848054074014464      0.0001360179299606       
-0.9854757900385168      -0.8062157052785173      0.7771672853555509       0.0001881846972473       
-0.9854757900385168      -0.9854757900385168      0.7771672853555509       0.0001881846972473       
-0.8062157052785173      -0.9854757900385168      0.7771672853555509       0.0001881846972473       
-0.8062157052785173      0.7771672853555509       -0.9854757900385168      0.0001881846972473       
-0.9854757900385168      0.7771672853555509       -0.9854757900385168      0.0001881846972473       
-0.9854757900385168      0.7771672853555509       -0.8062157052785173      0.0001881846972473       
-0.9854757900385168      -0.8062157052785173      -0.9854757900385168      0.0001881846972473       
-0.8062157052785173      -0.9854757900385168      -0.9854757900385168      0.0001881846972473       
-0.9854757900385168      -0.9854757900385168      -0.8062157052785173      0.0001881846972473       
0.7771672853555509       -0.9854757900385168      -0.8062157052785173      0.0001881846972473       
0.7771672853555509       -0.9854757900385168      -0.9854757900385168      0.0001881846972473       
0.7771672853555509       -0.8062157052785173      -0.9854757900385168      0.0001881846972473       
-0.9863977420338668      -0.6476279428730880      0.6204234269408215       0.0002192856528086       
-0.9863977420338668      -0.9863977420338668      0.6204234269408215       0.0002192856528086       
-0.6476279428730880      -0.9863977420338668      0.6204234269408215       0.0002192856528086       
-0.6476279428730880      0.6204234269408215       -0.9863977420338668      0.0002192856528086       
-0.9863977420338668      0.6204234269408215       -0.9863977420338668      0.0002192856528086       
-0.9863977420338668      0.6204234269408215       -0.6476279428730880      0.0002192856528086       
-0.9863977420338668      -0.6476279428730880      -0.9863977420338668      0.0002192856528086       
-0.6476279428730880      -0.9863977420338668      -0.9863977420338668      0.0002192856528086       
-0.9863977420338668      -0.9863977420338668      -0.6476279428730880      0.0002192856528086       
0.6204234269408215       -0.9863977420338668      -0.6476279428730880      0.0002192856528086       
0.6204234269408215       -0.9863977420338668      -0.9863977420338668      0.0002192856528086       
0.6204234269408215       -0.6476279428730880      -0.9863977420338668      0.0002192856528086       
-0.9880994936363950      -0.4526715249566347      0.4288705122294245       0.0001949767443751       
-0.9880994936363950      -0.9880994936363950      0.4288705122294245       0.0001949767443751       
-0.4526715249566347      -0.9880994936363950      0.4288705122294245       0.0001949767443751       
-0.4526715249566347      0.4288705122294245       -0.9880994936363950      0.0001949767443751       
-0.9880994936363950      0.4288705122294245       -0.9880994936363950      0.0001949767443751       
-0.9880994936363950      0.4288705122294245       -0.4526715249566347      0.0001949767443751       
-0.9880994936363950      -0.4526715249566347      -0.9880994936363950      0.0001949767443751       
-0.4526715249566347      -0.9880994936363950      -0.9880994936363950      0.0001949767443751       
-0.9880994936363950      -0.9880994936363950      -0.4526715249566347      0.0001949767443751       
0.4288705122294245       -0.9880994936363950      -0.4526715249566347      0.0001949767443751       
0.4288705122294245       -0.9880994936363950      -0.9880994936363950      0.0001949767443751       
0.4288705122294245       -0.4526715249566347      -0.9880994936363950      0.0001949767443751       
-0.9875931923766006      -0.2391752499560230      0.2143616347092244       0.0002267954294322       
-0.9875931923766006      -0.9875931923766006      0.2143616347092243       0.0002267954294322       
-0.2391752499560232      -0.9875931923766006      0.2143616347092243       0.0002267954294322       
-0.2391752499560230      0.2143616347092244       -0.9875931923766006      0.0002267954294322       
-0.9875931923766006      0.2143616347092243       -0.9875931923766006      0.0002267954294322       
-0.9875931923766006      0.2143616347092243       -0.2391752499560232      0.0002267954294322       
-0.9875931923766006      -0.2391752499560230      -0.9875931923766006      0.0002267954294322       
-0.2391752499560232      -0.9875931923766006      -0.9875931923766006      0.0002267954294322       
-0.9875931923766006      -0.9875931923766006      -0.2391752499560232      0.0002267954294322       
0.2143616347092244       -0.9875931923766006      -0.2391752499560230      0.0002267954294322       
0.2143616347092243       -0.9875931923766006      -0.9875931923766006      0.0002267954294322       
0.2143616347092243       -0.2391752499560232      -0.9875931923766006      0.0002267954294322       
-0.9205811151942150      0.8266230466291704       -0.9854608162407406      0.0002934495523553       
-0.9205811151942150      -0.9205811151942150      -0.9854608162407406      0.0002934495523553       
0.8266230466291704       -0.9205811151942150      -0.9854608162407406      0.0002934495523553       
0.8266230466291704       -0.9854608162407406      -0.9205811151942150      0.0002934495523553       
-0.9205811151942150      -0.9854608162407406      -0.9205811151942150      0.0002934495523553       
-0.9205811151942150      -0.9854608162407406      0.8266230466291704       0.0002934495523553       
-0.9205811151942150      0.8266230466291704       -0.9205811151942150      0.0002934495523553       
0.8266230466291704       -0.9205811151942150      -0.9205811151942150      0.0002934495523553       
-0.9205811151942150      -0.9205811151942150      0.8266230466291704       0.0002934495523553       
-0.9854608162407406      -0.9205811151942150      0.8266230466291704       0.0002934495523553       
-0.9854608162407406      -0.9205811151942150      -0.9205811151942150      0.0002934495523553       
-0.9854608162407406      0.8266230466291704       -0.9205811151942150      0.0002934495523553       
-0.0277651391669534      -0.9552872836402758      -0.9891824380258174      0.0004323261921000       
-0.0277651391669534      -0.0277651391669534      -0.9891824380258174      0.0004323261921000       
-0.9552872836402758      -0.0277651391669534      -0.9891824380258174      0.0004323261921000       
-0.9552872836402758      -0.9891824380258174      -0.0277651391669534      0.0004323261921000       
-0.0277651391669534      -0.9891824380258174      -0.0277651391669534      0.0004323261921000       
-0.0277651391669534      -0.9891824380258174      -0.9552872836402758      0.0004323261921000       
-0.0277651391669534      -0.9552872836402758      -0.0277651391669534      0.0004323261921000       
-0.9552872836402758      -0.0277651391669534      -0.0277651391669534      0.0004323261921000       
-0.0277651391669534      -0.0277651391669534      -0.9552872836402758      0.0004323261921000       
-0.9891824380258174      -0.0277651391669534      -0.9552872836402758      0.0004323261921000       
-0.9891824380258174      -0.0277651391669534      -0.0277651391669534      0.0004323261921000       
-0.9891824380258174      -0.9552872836402758      -0.0277651391669534      0.0004323261921000       
-0.8188311320186361      0.6247051662357694       -0.9870429021984972      0.0005305192823478       
-0.8188311320186361      -0.8188311320186361      -0.9870429021984972      0.0005305192823478       
0.6247051662357694       -0.8188311320186361      -0.9870429021984972      0.0005305192823478       
0.6247051662357694       -0.9870429021984972      -0.8188311320186361      0.0005305192823478       
-0.8188311320186361      -0.9870429021984972      -0.8188311320186361      0.0005305192823478       
-0.8188311320186361      -0.9870429021984972      0.6247051662357694       0.0005305192823478       
-0.8188311320186361      0.6247051662357694       -0.8188311320186361      0.0005305192823478       
0.6247051662357694       -0.8188311320186361      -0.8188311320186361      0.0005305192823478       
-0.8188311320186361      -0.8188311320186361      0.6247051662357694       0.0005305192823478       
-0.9870429021984972      -0.8188311320186361      0.6247051662357694       0.0005305192823478       
-0.9870429021984972      -0.8188311320186361      -0.8188311320186361      0.0005305192823478       
-0.9870429021984972      0.6247051662357694       -0.8188311320186361      0.0005305192823478       
-0.6911591932048927      0.3632644798330320       -0.9809460934232466      0.0010959916148585       
-0.6911591932048927      -0.6911591932048927      -0.9809460934232463      0.0010959916148585       
0.3632644798330320       -0.6911591932048927      -0.9809460934232463      0.0010959916148585       
0.3632644798330320       -0.9809460934232466      -0.6911591932048927      0.0010959916148585       
-0.6911591932048927      -0.9809460934232463      -0.6911591932048927      0.0010959916148585       
-0.6911591932048927      -0.9809460934232463      0.3632644798330320       0.0010959916148585       
-0.6911591932048927      0.3632644798330320       -0.6911591932048927      0.0010959916148585       
0.3632644798330320       -0.6911591932048927      -0.6911591932048927      0.0010959916148585       
-0.6911591932048927      -0.6911591932048927      0.3632644798330320       0.0010959916148585       
-0.9809460934232466      -0.6911591932048927      0.3632644798330320       0.0010959916148585       
-0.9809460934232463      -0.6911591932048927      -0.6911591932048927      0.0010959916148585       
-0.9809460934232463      0.3632644798330320       -0.6911591932048927      0.0010959916148585       
-0.0800266525048864      -0.8467384405417053      -0.9932082544485218      0.0005717014087475       
-0.0800266525048864      -0.0800266525048864      -0.9932082544485218      0.0005717014087475       
-0.8467384405417053      -0.0800266525048864      -0.9932082544485218      0.0005717014087475       
-0.8467384405417053      -0.9932082544485218      -0.0800266525048864      0.0005717014087475       
-0.0800266525048864      -0.9932082544485218      -0.0800266525048864      0.0005717014087475       
-0.0800266525048864      -0.9932082544485218      -0.8467384405417053      0.0005717014087475       
-0.0800266525048864      -0.8467384405417053      -0.0800266525048864      0.0005717014087475       
-0.8467384405417053      -0.0800266525048864      -0.0800266525048864      0.0005717014087475       
-0.0800266525048864      -0.0800266525048864      -0.8467384405417053      0.0005717014087475       
-0.9932082544485218      -0.0800266525048864      -0.8467384405417053      0.0005717014087475       
-0.9932082544485218      -0.0800266525048864      -0.0800266525048864      0.0005717014087475       
-0.9932082544485218      -0.8467384405417053      -0.0800266525048864      0.0005717014087475       
-0.5367799676183361      0.0561196363735293       -0.9825597011368570      0.0009210350376272       
-0.5367799676183361      -0.5367799676183361      -0.9825597011368568      0.0009210350376272       
0.0561196363735293       -0.5367799676183361      -0.9825597011368568      0.0009210350376272       
0.0561196363735293       -0.9825597011368570      -0.5367799676183361      0.0009210350376272       
-0.5367799676183361      -0.9825597011368568      -0.5367799676183361      0.0009210350376272       
-0.5367799676183361      -0.9825597011368568      0.0561196363735293       0.0009210350376272       
-0.5367799676183361      0.0561196363735293       -0.5367799676183361      0.0009210350376272       
0.0561196363735293       -0.5367799676183361      -0.5367799676183361      0.0009210350376272       
-0.5367799676183361      -0.5367799676183361      0.0561196363735293       0.0009210350376272       
-0.9825597011368570      -0.5367799676183361      0.0561196363735293       0.0009210350376272       
-0.9825597011368568      -0.5367799676183361      -0.5367799676183361      0.0009210350376272       
-0.9825597011368568      0.0561196363735293       -0.5367799676183361      0.0009210350376272       
-0.1628189273671118      -0.6861446461779936      -0.9882174990877828      0.0008904408779053       
-0.1628189273671118      -0.1628189273671118      -0.9882174990877828      0.0008904408779053       
-0.6861446461779936      -0.1628189273671118      -0.9882174990877828      0.0008904408779053       
-0.6861446461779936      -0.9882174990877828      -0.1628189273671118      0.0008904408779053       
-0.1628189273671118      -0.9882174990877828      -0.1628189273671118      0.0008904408779053       
-0.1628189273671118      -0.9882174990877828      -0.6861446461779936      0.0008904408779053       
-0.1628189273671118      -0.6861446461779936      -0.1628189273671118      0.0008904408779053       
-0.6861446461779936      -0.1628189273671118      -0.1628189273671118      0.0008904408779053       
-0.1628189273671118      -0.1628189273671118      -0.6861446461779936      0.0008904408779053       
-0.9882174990877828      -0.1628189273671118      -0.6861446461779936      0.0008904408779053       
-0.9882174990877828      -0.1628189273671118      -0.1628189273671118      0.0008904408779053       
-0.9882174990877828      -0.6861446461779936      -0.1628189273671118      0.0008904408779053       
-0.3937589206858350      -0.2147744050596411      -0.9977077535686890      0.0003412972636146       
-0.3937589206858350      -0.3937589206858350      -0.9977077535686892      0.0003412972636146       
-0.2147744050596411      -0.3937589206858350      -0.9977077535686892      0.0003412972636146       
-0.2147744050596411      -0.9977077535686890      -0.3937589206858350      0.0003412972636146       
-0.3937589206858350      -0.9977077535686892      -0.3937589206858350      0.0003412972636146       
-0.3937589206858350      -0.9977077535686892      -0.2147744050596411      0.0003412972636146       
-0.3937589206858350      -0.2147744050596411      -0.3937589206858350      0.0003412972636146       
-0.2147744050596411      -0.3937589206858350      -0.3937589206858350      0.0003412972636146       
-0.3937589206858350      -0.3937589206858350      -0.2147744050596411      0.0003412972636146       
-0.9977077535686890      -0.3937589206858350      -0.2147744050596411      0.0003412972636146       
-0.9977077535686892      -0.3937589206858350      -0.3937589206858350      0.0003412972636146       
-0.9977077535686892      -0.2147744050596411      -0.3937589206858350      0.0003412972636146       
-0.2404145360540121      -0.5313697536098585      -0.9878011742821174      0.0007091525943085       
-0.2404145360540121      -0.2404145360540121      -0.9878011742821174      0.0007091525943085       
-0.5313697536098585      -0.2404145360540121      -0.9878011742821174      0.0007091525943085       
-0.5313697536098585      -0.9878011742821174      -0.2404145360540121      0.0007091525943085       
-0.2404145360540121      -0.9878011742821174      -0.2404145360540121      0.0007091525943085       
-0.2404145360540121      -0.9878011742821174      -0.5313697536098585      0.0007091525943085       
-0.2404145360540121      -0.5313697536098585      -0.2404145360540121      0.0007091525943085       
-0.5313697536098585      -0.2404145360540121      -0.2404145360540121      0.0007091525943085       
-0.2404145360540121      -0.2404145360540121      -0.5313697536098585      0.0007091525943085       
-0.9878011742821174      -0.2404145360540121      -0.5313697536098585      0.0007091525943085       
-0.9878011742821174      -0.2404145360540121      -0.2404145360540121      0.0007091525943085       
-0.9878011742821174      -0.5313697536098585      -0.2404145360540121      0.0007091525943085       
-0.9301846469421639      -0.8163554386089573      0.6767247324932850       0.0008412504808292       
-0.9301846469421639      -0.9301846469421639      0.6767247324932850       0.0008412504808292       
-0.8163554386089573      -0.9301846469421639      0.6767247324932850       0.0008412504808292       
-0.8163554386089573      0.6767247324932850       -0.9301846469421639      0.0008412504808292       
-0.9301846469421639      0.6767247324932850       -0.9301846469421639      0.0008412504808292       
-0.9301846469421639      0.6767247324932850       -0.8163554386089573      0.0008412504808292       
-0.9301846469421639      -0.8163554386089573      -0.9301846469421639      0.0008412504808292       
-0.8163554386089573      -0.9301846469421639      -0.9301846469421639      0.0008412504808292       
-0.9301846469421639      -0.9301846469421639      -0.8163554386089573      0.0008412504808292       
0.6767247324932850       -0.9301846469421639      -0.8163554386089573      0.0008412504808292       
0.6767247324932850       -0.9301846469421639      -0.9301846469421639      0.0008412504808292       
0.6767247324932850       -0.8163554386089573      -0.9301846469421639      0.0008412504808292       
-0.9265867821940604      -0.6672235467215080      0.5203971111096286       0.0009997366859705       
-0.9265867821940604      -0.9265867821940604      0.5203971111096286       0.0009997366859705       
-0.6672235467215080      -0.9265867821940604      0.5203971111096286       0.0009997366859705       
-0.6672235467215080      0.5203971111096286       -0.9265867821940604      0.0009997366859705       
-0.9265867821940604      0.5203971111096286       -0.9265867821940604      0.0009997366859705       
-0.9265867821940604      0.5203971111096286       -0.6672235467215080      0.0009997366859705       
-0.9265867821940604      -0.6672235467215080      -0.9265867821940604      0.0009997366859705       
-0.6672235467215080      -0.9265867821940604      -0.9265867821940604      0.0009997366859705       
-0.9265867821940604      -0.9265867821940604      -0.6672235467215080      0.0009997366859705       
0.5203971111096286       -0.9265867821940604      -0.6672235467215080      0.0009997366859705       
0.5203971111096286       -0.9265867821940604      -0.9265867821940604      0.0009997366859705       
0.5203971111096286       -0.6672235467215080      -0.9265867821940604      0.0009997366859705       
-0.9305952170547586      -0.4844265179975522      0.3456169521070696       0.0011645853142250       
-0.9305952170547586      -0.9305952170547586      0.3456169521070696       0.0011645853142250       
-0.4844265179975522      -0.9305952170547586      0.3456169521070696       0.0011645853142250       
-0.4844265179975522      0.3456169521070696       -0.9305952170547586      0.0011645853142250       
-0.9305952170547586      0.3456169521070696       -0.9305952170547586      0.0011645853142250       
-0.9305952170547586      0.3456169521070696       -0.4844265179975522      0.0011645853142250       
-0.9305952170547586      -0.4844265179975522      -0.9305952170547586      0.0011645853142250       
-0.4844265179975522      -0.9305952170547586      -0.9305952170547586      0.0011645853142250       
-0.9305952170547586      -0.9305952170547586      -0.4844265179975522      0.0011645853142250       
0.3456169521070696       -0.9305952170547586      -0.4844265179975522      0.0011645853142250       
0.3456169521070696       -0.9305952170547586      -0.9305952170547586      0.0011645853142250       
0.3456169521070696       -0.4844265179975522      -0.9305952170547586      0.0011645853142250       
-0.9484320698888304      -0.2741680293205982      0.1710321690982588       0.0008747023037605       
-0.9484320698888304      -0.9484320698888304      0.1710321690982588       0.0008747023037605       
-0.2741680293205982      -0.9484320698888304      0.1710321690982588       0.0008747023037605       
-0.2741680293205982      0.1710321690982588       -0.9484320698888304      0.0008747023037605       
-0.9484320698888304      0.1710321690982588       -0.9484320698888304      0.0008747023037605       
-0.9484320698888304      0.1710321690982588       -0.2741680293205982      0.0008747023037605       
-0.9484320698888304      -0.2741680293205982      -0.9484320698888304      0.0008747023037605       
-0.2741680293205982      -0.9484320698888304      -0.9484320698888304      0.0008747023037605       
-0.9484320698888304      -0.9484320698888304      -0.2741680293205982      0.0008747023037605       
0.1710321690982588       -0.9484320698888304      -0.2741680293205982      0.0008747023037605       
0.1710321690982588       -0.9484320698888304      -0.9484320698888304      0.0008747023037605       
0.1710321690982588       -0.2741680293205982      -0.9484320698888304      0.0008747023037605       
-0.8271833329815672      0.5898571284897789       -0.9354904625266444      0.0010683708222006       
-0.8271833329815672      -0.8271833329815672      -0.9354904625266444      0.0010683708222006       
0.5898571284897789       -0.8271833329815672      -0.9354904625266444      0.0010683708222006       
0.5898571284897789       -0.9354904625266444      -0.8271833329815672      0.0010683708222006       
-0.8271833329815672      -0.9354904625266444      -0.8271833329815672      0.0010683708222006       
-0.8271833329815672      -0.9354904625266444      0.5898571284897789       0.0010683708222006       
-0.8271833329815672      0.5898571284897789       -0.8271833329815672      0.0010683708222006       
0.5898571284897789       -0.8271833329815672      -0.8271833329815672      0.0010683708222006       
-0.8271833329815672      -0.8271833329815672      0.5898571284897789       0.0010683708222006       
-0.9354904625266444      -0.8271833329815672      0.5898571284897789       0.0010683708222006       
-0.9354904625266444      -0.8271833329815672      -0.8271833329815672      0.0010683708222006       
-0.9354904625266444      0.5898571284897789       -0.8271833329815672      0.0010683708222006       
-0.0696896126983984      -0.9035061967492762      -0.9571145778539272      0.0011814200252796       
-0.0696896126983984      -0.0696896126983984      -0.9571145778539272      0.0011814200252796       
-0.9035061967492762      -0.0696896126983984      -0.9571145778539272      0.0011814200252796       
-0.9035061967492762      -0.9571145778539272      -0.0696896126983984      0.0011814200252796       
-0.0696896126983984      -0.9571145778539272      -0.0696896126983984      0.0011814200252796       
-0.0696896126983984      -0.9571145778539272      -0.9035061967492762      0.0011814200252796       
-0.0696896126983984      -0.9035061967492762      -0.0696896126983984      0.0011814200252796       
-0.9035061967492762      -0.0696896126983984      -0.0696896126983984      0.0011814200252796       
-0.0696896126983984      -0.0696896126983984      -0.9035061967492762      0.0011814200252796       
-0.9571145778539272      -0.0696896126983984      -0.9035061967492762      0.0011814200252796       
-0.9571145778539272      -0.0696896126983984      -0.0696896126983984      0.0011814200252796       
-0.9571145778539272      -0.9035061967492762      -0.0696896126983984      0.0011814200252796       
-0.7227616246549624      0.3386107473717850       -0.8930874980618602      0.0023191757908345       
-0.7227616246549624      -0.7227616246549624      -0.8930874980618602      0.0023191757908345       
0.3386107473717850       -0.7227616246549624      -0.8930874980618602      0.0023191757908345       
0.3386107473717850       -0.8930874980618602      -0.7227616246549624      0.0023191757908345       
-0.7227616246549624      -0.8930874980618602      -0.7227616246549624      0.0023191757908345       
-0.7227616246549624      -0.8930874980618602      0.3386107473717850       0.0023191757908345       
-0.7227616246549624      0.3386107473717850       -0.7227616246549624      0.0023191757908345       
0.3386107473717850       -0.7227616246549624      -0.7227616246549624      0.0023191757908345       
-0.7227616246549624      -0.7227616246549624      0.3386107473717850       0.0023191757908345       
-0.8930874980618602      -0.7227616246549624      0.3386107473717850       0.0023191757908345       
-0.8930874980618602      -0.7227616246549624      -0.7227616246549624      0.0023191757908345       
-0.8930874980618602      0.3386107473717850       -0.7227616246549624      0.0023191757908345       
-0.1378696600624255      -0.7765182932525438      -0.9477423866226052      0.0020645633736867       
-0.1378696600624256      -0.1378696600624256      -0.9477423866226052      0.0020645633736867       
-0.7765182932525437      -0.1378696600624256      -0.9477423866226052      0.0020645633736867       
-0.7765182932525438      -0.9477423866226052      -0.1378696600624255      0.0020645633736867       
-0.1378696600624256      -0.9477423866226052      -0.1378696600624256      0.0020645633736867       
-0.1378696600624256      -0.9477423866226052      -0.7765182932525437      0.0020645633736867       
-0.1378696600624255      -0.7765182932525438      -0.1378696600624255      0.0020645633736867       
-0.7765182932525437      -0.1378696600624256      -0.1378696600624256      0.0020645633736867       
-0.1378696600624256      -0.1378696600624256      -0.7765182932525437      0.0020645633736867       
-0.9477423866226052      -0.1378696600624255      -0.7765182932525438      0.0020645633736867       
-0.9477423866226052      -0.1378696600624256      -0.1378696600624256      0.0020645633736867       
-0.9477423866226052      -0.7765182932525437      -0.1378696600624256      0.0020645633736867       
-0.5476171544214612      0.0240014898769611       -0.9287671810340388      0.0024752726356655       
-0.5476171544214612      -0.5476171544214612      -0.9287671810340388      0.0024752726356655       
0.0240014898769611       -0.5476171544214612      -0.9287671810340388      0.0024752726356655       
0.0240014898769611       -0.9287671810340388      -0.5476171544214612      0.0024752726356655       
-0.5476171544214612      -0.9287671810340388      -0.5476171544214612      0.0024752726356655       
-0.5476171544214612      -0.9287671810340388      0.0240014898769611       0.0024752726356655       
-0.5476171544214612      0.0240014898769611       -0.5476171544214612      0.0024752726356655       
0.0240014898769611       -0.5476171544214612      -0.5476171544214612      0.0024752726356655       
-0.5476171544214612      -0.5476171544214612      0.0240014898769611       0.0024752726356655       
-0.9287671810340388      -0.5476171544214612      0.0240014898769611       0.0024752726356655       
-0.9287671810340388      -0.5476171544214612      -0.5476171544214612      0.0024752726356655       
-0.9287671810340388      0.0240014898769611       -0.5476171544214612      0.0024752726356655       
-0.2081151699275380      -0.7129754631149001      -0.8707941970300239      0.0025906388928907       
-0.2081151699275380      -0.2081151699275380      -0.8707941970300239      0.0025906388928907       
-0.7129754631149001      -0.2081151699275380      -0.8707941970300239      0.0025906388928907       
-0.7129754631149001      -0.8707941970300239      -0.2081151699275380      0.0025906388928907       
-0.2081151699275380      -0.8707941970300239      -0.2081151699275380      0.0025906388928907       
-0.2081151699275380      -0.8707941970300239      -0.7129754631149001      0.0025906388928907       
-0.2081151699275380      -0.7129754631149001      -0.2081151699275380      0.0025906388928907       
-0.7129754631149001      -0.2081151699275380      -0.2081151699275380      0.0025906388928907       
-0.2081151699275380      -0.2081151699275380      -0.7129754631149001      0.0025906388928907       
-0.8707941970300239      -0.2081151699275380      -0.7129754631149001      0.0025906388928907       
-0.8707941970300239      -0.2081151699275380      -0.2081151699275380      0.0025906388928907       
-0.8707941970300239      -0.7129754631149001      -0.2081151699275380      0.0025906388928907       
-0.4086459393400384      -0.2206881111280364      -0.9620200101918870      0.0018712086060637       
-0.4086459393400384      -0.4086459393400384      -0.9620200101918870      0.0018712086060637       
-0.2206881111280364      -0.4086459393400384      -0.9620200101918870      0.0018712086060637       
-0.2206881111280364      -0.9620200101918870      -0.4086459393400384      0.0018712086060637       
-0.4086459393400384      -0.9620200101918870      -0.4086459393400384      0.0018712086060637       
-0.4086459393400384      -0.9620200101918870      -0.2206881111280364      0.0018712086060637       
-0.4086459393400384      -0.2206881111280364      -0.4086459393400384      0.0018712086060637       
-0.2206881111280364      -0.4086459393400384      -0.4086459393400384      0.0018712086060637       
-0.4086459393400384      -0.4086459393400384      -0.2206881111280364      0.0018712086060637       
-0.9620200101918870      -0.4086459393400384      -0.2206881111280364      0.0018712086060637       
-0.9620200101918870      -0.4086459393400384      -0.4086459393400384      0.0018712086060637       
-0.9620200101918870      -0.2206881111280364      -0.4086459393400384      0.0018712086060637       
-0.8574510354374265      -0.7080113789684837      0.4229134498433367       0.0018835814467606       
-0.8574510354374265      -0.8574510354374265      0.4229134498433367       0.0018835814467606       
-0.7080113789684837      -0.8574510354374265      0.4229134498433367       0.0018835814467606       
-0.7080113789684837      0.4229134498433367       -0.8574510354374265      0.0018835814467606       
-0.8574510354374265      0.4229134498433367       -0.8574510354374265      0.0018835814467606       
-0.8574510354374265      0.4229134498433367       -0.7080113789684837      0.0018835814467606       
-0.8574510354374265      -0.7080113789684837      -0.8574510354374265      0.0018835814467606       
-0.7080113789684837      -0.8574510354374265      -0.8574510354374265      0.0018835814467606       
-0.8574510354374265      -0.8574510354374265      -0.7080113789684837      0.0018835814467606       
0.4229134498433367       -0.8574510354374265      -0.7080113789684837      0.0018835814467606       
0.4229134498433367       -0.8574510354374265      -0.8574510354374265      0.0018835814467606       
0.4229134498433367       -0.7080113789684837      -0.8574510354374265      0.0018835814467606       
-0.8347040654849285      -0.5704599739426610      0.2398681049125180       0.0021060127856061       
-0.8347040654849285      -0.8347040654849285      0.2398681049125180       0.0021060127856061       
-0.5704599739426610      -0.8347040654849285      0.2398681049125180       0.0021060127856061       
-0.5704599739426610      0.2398681049125180       -0.8347040654849285      0.0021060127856061       
-0.8347040654849285      0.2398681049125180       -0.8347040654849285      0.0021060127856061       
-0.8347040654849285      0.2398681049125180       -0.5704599739426610      0.0021060127856061       
-0.8347040654849285      -0.5704599739426610      -0.8347040654849285      0.0021060127856061       
-0.5704599739426610      -0.8347040654849285      -0.8347040654849285      0.0021060127856061       
-0.8347040654849285      -0.8347040654849285      -0.5704599739426610      0.0021060127856061       
0.2398681049125180       -0.8347040654849285      -0.5704599739426610      0.0021060127856061       
0.2398681049125180       -0.8347040654849285      -0.8347040654849285      0.0021060127856061       
0.2398681049125180       -0.5704599739426610      -0.8347040654849285      0.0021060127856061       
-0.8449634515117881      -0.3974285048560338      0.0873554078796099       0.0014787746734273       
-0.8449634515117881      -0.8449634515117881      0.0873554078796099       0.0014787746734273       
-0.3974285048560338      -0.8449634515117881      0.0873554078796099       0.0014787746734273       
-0.3974285048560338      0.0873554078796099       -0.8449634515117881      0.0014787746734273       
-0.8449634515117881      0.0873554078796099       -0.8449634515117881      0.0014787746734273       
-0.8449634515117881      0.0873554078796099       -0.3974285048560338      0.0014787746734273       
-0.8449634515117881      -0.3974285048560338      -0.8449634515117881      0.0014787746734273       
-0.3974285048560338      -0.8449634515117881      -0.8449634515117881      0.0014787746734273       
-0.8449634515117881      -0.8449634515117881      -0.3974285048560338      0.0014787746734273       
0.0873554078796099       -0.8449634515117881      -0.3974285048560338      0.0014787746734273       
0.0873554078796099       -0.8449634515117881      -0.8449634515117881      0.0014787746734273       
0.0873554078796099       -0.3974285048560338      -0.8449634515117881      0.0014787746734273       
-0.4336093053868368      -0.2472164751185880      -0.8855649141077385      0.0032530116057068       
-0.4336093053868368      -0.4336093053868368      -0.8855649141077385      0.0032530116057068       
-0.2472164751185880      -0.4336093053868368      -0.8855649141077385      0.0032530116057068       
-0.2472164751185880      -0.8855649141077385      -0.4336093053868368      0.0032530116057068       
-0.4336093053868368      -0.8855649141077385      -0.4336093053868368      0.0032530116057068       
-0.4336093053868368      -0.8855649141077385      -0.2472164751185880      0.0032530116057068       
-0.4336093053868368      -0.2472164751185880      -0.4336093053868368      0.0032530116057068       
-0.2472164751185880      -0.4336093053868368      -0.4336093053868368      0.0032530116057068       
-0.4336093053868368      -0.4336093053868368      -0.2472164751185880      0.0032530116057068       
-0.8855649141077385      -0.4336093053868368      -0.2472164751185880      0.0032530116057068       
-0.8855649141077385      -0.4336093053868368      -0.4336093053868368      0.0032530116057068       
-0.8855649141077385      -0.2472164751185880      -0.4336093053868368      0.0032530116057068       
-0.3044335840405292      -0.5785055078217328      -0.8126273240972087      0.0043378609748776       
-0.3044335840405292      -0.3044335840405292      -0.8126273240972087      0.0043378609748776       
-0.5785055078217328      -0.3044335840405292      -0.8126273240972087      0.0043378609748776       
-0.5785055078217328      -0.8126273240972087      -0.3044335840405292      0.0043378609748776       
-0.3044335840405292      -0.8126273240972087      -0.3044335840405292      0.0043378609748776       
-0.3044335840405292      -0.8126273240972087      -0.5785055078217328      0.0043378609748776       
-0.3044335840405292      -0.5785055078217328      -0.3044335840405292      0.0043378609748776       
-0.5785055078217328      -0.3044335840405292      -0.3044335840405292      0.0043378609748776       
-0.3044335840405292      -0.3044335840405292      -0.5785055078217328      0.0043378609748776       
-0.8126273240972087      -0.3044335840405292      -0.5785055078217328      0.0043378609748776       
-0.8126273240972087      -0.3044335840405292      -0.3044335840405292      0.0043378609748776       
-0.8126273240972087      -0.5785055078217328      -0.3044335840405292      0.0043378609748776       
-0.6914327106684091      -0.6010889836112930      -0.0160455950518888      0.0025184721657026       
-0.6914327106684091      -0.6914327106684091      -0.0160455950518888      0.0025184721657026       
-0.6010889836112930      -0.6914327106684091      -0.0160455950518888      0.0025184721657026       
-0.6010889836112930      -0.0160455950518888      -0.6914327106684091      0.0025184721657026       
-0.6914327106684091      -0.0160455950518888      -0.6914327106684091      0.0025184721657026       
-0.6914327106684091      -0.0160455950518888      -0.6010889836112930      0.0025184721657026       
-0.6914327106684091      -0.6010889836112930      -0.6914327106684091      0.0025184721657026       
-0.6010889836112930      -0.6914327106684091      -0.6914327106684091      0.0025184721657026       
-0.6914327106684091      -0.6914327106684091      -0.6010889836112930      0.0025184721657026       
-0.0160455950518888      -0.6914327106684091      -0.6010889836112930      0.0025184721657026       
-0.0160455950518888      -0.6914327106684091      -0.6914327106684091      0.0025184721657026       
-0.0160455950518888      -0.6010889836112930      -0.6914327106684091      0.0025184721657026       
-0.7233820196803400      -0.4290872612929333      -0.1241486993463867      0.0040553089958657       
-0.7233820196803400      -0.7233820196803400      -0.1241486993463867      0.0040553089958657       
-0.4290872612929333      -0.7233820196803400      -0.1241486993463867      0.0040553089958657       
-0.4290872612929333      -0.1241486993463867      -0.7233820196803400      0.0040553089958657       
-0.7233820196803400      -0.1241486993463867      -0.7233820196803400      0.0040553089958657       
-0.7233820196803400      -0.1241486993463867      -0.4290872612929333      0.0040553089958657       
-0.7233820196803400      -0.4290872612929333      -0.7233820196803400      0.0040553089958657       
-0.4290872612929333      -0.7233820196803400      -0.7233820196803400      0.0040553089958657       
-0.7233820196803400      -0.7233820196803400      -0.4290872612929333      0.0040553089958657       
-0.1241486993463867      -0.7233820196803400      -0.4290872612929333      0.0040553089958657       
-0.1241486993463867      -0.7233820196803400      -0.7233820196803400      0.0040553089958657       
-0.1241486993463867      -0.4290872612929333      -0.7233820196803400      0.0040553089958657       
-0.5336416235324145      -0.1993734196811358      -0.7333433332540351      0.0047855792603086       
-0.5336416235324145      -0.5336416235324145      -0.7333433332540351      0.0047855792603086       
-0.1993734196811358      -0.5336416235324145      -0.7333433332540351      0.0047855792603086       
-0.1993734196811358      -0.7333433332540351      -0.5336416235324145      0.0047855792603086       
-0.5336416235324145      -0.7333433332540351      -0.5336416235324145      0.0047855792603086       
-0.5336416235324145      -0.7333433332540351      -0.1993734196811358      0.0047855792603086       
-0.5336416235324145      -0.1993734196811358      -0.5336416235324145      0.0047855792603086       
-0.1993734196811358      -0.5336416235324145      -0.5336416235324145      0.0047855792603086       
-0.5336416235324145      -0.5336416235324145      -0.1993734196811358      0.0047855792603086       
-0.7333433332540351      -0.5336416235324145      -0.1993734196811358      0.0047855792603086       
-0.7333433332540351      -0.5336416235324145      -0.5336416235324145      0.0047855792603086       
-0.7333433332540351      -0.1993734196811358      -0.5336416235324145      0.0047855792603086       
0.7209364637730074       -0.9871881432495102      -0.9248627109566850      0.0003674592152245       
-0.8088856095668122      -0.9871881432495102      -0.9248627109566850      0.0003674592152245       
-0.8088856095668122      0.7209364637730074       -0.9248627109566850      0.0003674592152245       
0.7209364637730074       -0.8088856095668122      -0.9248627109566850      0.0003674592152245       
-0.9871881432495102      -0.8088856095668122      -0.9248627109566850      0.0003674592152245       
-0.9871881432495102      0.7209364637730074       -0.9248627109566850      0.0003674592152245       
-0.9871881432495102      -0.9248627109566850      0.7209364637730074       0.0003674592152245       
-0.9871881432495102      -0.9248627109566850      -0.8088856095668122      0.0003674592152245       
0.7209364637730074       -0.9248627109566850      -0.8088856095668122      0.0003674592152245       
-0.8088856095668122      -0.9248627109566850      0.7209364637730074       0.0003674592152245       
-0.8088856095668122      -0.9248627109566850      -0.9871881432495102      0.0003674592152245       
0.7209364637730074       -0.9248627109566850      -0.9871881432495102      0.0003674592152245       
-0.8088856095668122      -0.9871881432495102      0.7209364637730074       0.0003674592152245       
0.7209364637730074       -0.9871881432495102      -0.8088856095668122      0.0003674592152245       
-0.9871881432495102      0.7209364637730074       -0.8088856095668122      0.0003674592152245       
-0.9871881432495102      -0.8088856095668122      0.7209364637730074       0.0003674592152245       
0.7209364637730074       -0.8088856095668122      -0.9871881432495102      0.0003674592152245       
-0.8088856095668122      0.7209364637730074       -0.9871881432495102      0.0003674592152245       
-0.9248627109566850      0.7209364637730074       -0.9871881432495102      0.0003674592152245       
-0.9248627109566850      -0.8088856095668122      -0.9871881432495102      0.0003674592152245       
-0.9248627109566850      -0.8088856095668122      0.7209364637730074       0.0003674592152245       
-0.9248627109566850      0.7209364637730074       -0.8088856095668122      0.0003674592152245       
-0.9248627109566850      -0.9871881432495102      -0.8088856095668122      0.0003674592152245       
-0.9248627109566850      -0.9871881432495102      0.7209364637730074       0.0003674592152245       
0.5716155309330959       -0.9850502750386644      -0.9276880155029708      0.0005145774344832       
-0.6588772403914607      -0.9850502750386644      -0.9276880155029708      0.0005145774344832       
-0.6588772403914607      0.5716155309330959       -0.9276880155029706      0.0005145774344832       
0.5716155309330959       -0.6588772403914607      -0.9276880155029706      0.0005145774344832       
-0.9850502750386648      -0.6588772403914607      -0.9276880155029706      0.0005145774344832       
-0.9850502750386644      0.5716155309330959       -0.9276880155029706      0.0005145774344832       
-0.9850502750386644      -0.9276880155029708      0.5716155309330959       0.0005145774344832       
-0.9850502750386644      -0.9276880155029708      -0.6588772403914607      0.0005145774344832       
0.5716155309330959       -0.9276880155029706      -0.6588772403914607      0.0005145774344832       
-0.6588772403914607      -0.9276880155029706      0.5716155309330959       0.0005145774344832       
-0.6588772403914607      -0.9276880155029706      -0.9850502750386648      0.0005145774344832       
0.5716155309330959       -0.9276880155029706      -0.9850502750386644      0.0005145774344832       
-0.6588772403914607      -0.9850502750386644      0.5716155309330959       0.0005145774344832       
0.5716155309330959       -0.9850502750386644      -0.6588772403914607      0.0005145774344832       
-0.9850502750386644      0.5716155309330959       -0.6588772403914607      0.0005145774344832       
-0.9850502750386648      -0.6588772403914607      0.5716155309330959       0.0005145774344832       
0.5716155309330959       -0.6588772403914607      -0.9850502750386648      0.0005145774344832       
-0.6588772403914607      0.5716155309330959       -0.9850502750386644      0.0005145774344832       
-0.9276880155029708      0.5716155309330959       -0.9850502750386644      0.0005145774344832       
-0.9276880155029708      -0.6588772403914607      -0.9850502750386644      0.0005145774344832       
-0.9276880155029706      -0.6588772403914607      0.5716155309330959       0.0005145774344832       
-0.9276880155029706      0.5716155309330959       -0.6588772403914607      0.0005145774344832       
-0.9276880155029706      -0.9850502750386648      -0.6588772403914607      0.0005145774344832       
-0.9276880155029706      -0.9850502750386644      0.5716155309330959       0.0005145774344832       
0.3955507452520850       -0.9870405073499812      -0.9354078484043338      0.0005073567677850       
-0.4731023894977699      -0.9870405073499812      -0.9354078484043338      0.0005073567677850       
-0.4731023894977699      0.3955507452520850       -0.9354078484043336      0.0005073567677850       
0.3955507452520850       -0.4731023894977700      -0.9354078484043338      0.0005073567677850       
-0.9870405073499812      -0.4731023894977700      -0.9354078484043338      0.0005073567677850       
-0.9870405073499814      0.3955507452520850       -0.9354078484043336      0.0005073567677850       
-0.9870405073499812      -0.9354078484043338      0.3955507452520850       0.0005073567677850       
-0.9870405073499812      -0.9354078484043338      -0.4731023894977699      0.0005073567677850       
0.3955507452520850       -0.9354078484043336      -0.4731023894977699      0.0005073567677850       
-0.4731023894977700      -0.9354078484043338      0.3955507452520850       0.0005073567677850       
-0.4731023894977700      -0.9354078484043338      -0.9870405073499812      0.0005073567677850       
0.3955507452520850       -0.9354078484043336      -0.9870405073499814      0.0005073567677850       
-0.4731023894977699      -0.9870405073499812      0.3955507452520850       0.0005073567677850       
0.3955507452520850       -0.9870405073499812      -0.4731023894977699      0.0005073567677850       
-0.9870405073499814      0.3955507452520850       -0.4731023894977699      0.0005073567677850       
-0.9870405073499812      -0.4731023894977700      0.3955507452520850       0.0005073567677850       
0.3955507452520850       -0.4731023894977700      -0.9870405073499812      0.0005073567677850       
-0.4731023894977699      0.3955507452520850       -0.9870405073499814      0.0005073567677850       
-0.9354078484043338      0.3955507452520850       -0.9870405073499812      0.0005073567677850       
-0.9354078484043338      -0.4731023894977699      -0.9870405073499812      0.0005073567677850       
-0.9354078484043336      -0.4731023894977699      0.3955507452520850       0.0005073567677850       
-0.9354078484043338      0.3955507452520850       -0.4731023894977700      0.0005073567677850       
-0.9354078484043338      -0.9870405073499812      -0.4731023894977700      0.0005073567677850       
-0.9354078484043336      -0.9870405073499814      0.3955507452520850       0.0005073567677850       
0.1834523184799283       -0.9911230138952224      -0.9339089450835724      0.0003636471316668       
-0.2584203595011338      -0.9911230138952224      -0.9339089450835724      0.0003636471316668       
-0.2584203595011338      0.1834523184799283       -0.9339089450835724      0.0003636471316668       
0.1834523184799284       -0.2584203595011338      -0.9339089450835724      0.0003636471316668       
-0.9911230138952224      -0.2584203595011338      -0.9339089450835724      0.0003636471316668       
-0.9911230138952222      0.1834523184799283       -0.9339089450835724      0.0003636471316668       
-0.9911230138952224      -0.9339089450835724      0.1834523184799283       0.0003636471316668       
-0.9911230138952224      -0.9339089450835724      -0.2584203595011338      0.0003636471316668       
0.1834523184799283       -0.9339089450835724      -0.2584203595011338      0.0003636471316668       
-0.2584203595011338      -0.9339089450835724      0.1834523184799284       0.0003636471316668       
-0.2584203595011338      -0.9339089450835724      -0.9911230138952224      0.0003636471316668       
0.1834523184799283       -0.9339089450835724      -0.9911230138952222      0.0003636471316668       
-0.2584203595011338      -0.9911230138952224      0.1834523184799283       0.0003636471316668       
0.1834523184799283       -0.9911230138952224      -0.2584203595011338      0.0003636471316668       
-0.9911230138952222      0.1834523184799283       -0.2584203595011338      0.0003636471316668       
-0.9911230138952224      -0.2584203595011338      0.1834523184799284       0.0003636471316668       
0.1834523184799284       -0.2584203595011338      -0.9911230138952224      0.0003636471316668       
-0.2584203595011338      0.1834523184799283       -0.9911230138952222      0.0003636471316668       
-0.9339089450835724      0.1834523184799283       -0.9911230138952224      0.0003636471316668       
-0.9339089450835724      -0.2584203595011338      -0.9911230138952224      0.0003636471316668       
-0.9339089450835724      -0.2584203595011338      0.1834523184799283       0.0003636471316668       
-0.9339089450835724      0.1834523184799284       -0.2584203595011338      0.0003636471316668       
-0.9339089450835724      -0.9911230138952224      -0.2584203595011338      0.0003636471316668       
-0.9339089450835724      -0.9911230138952222      0.1834523184799283       0.0003636471316668       
0.4917313503424814       -0.9991827322171212      -0.8247816811376076      0.0002572451688343       
-0.6677669369877526      -0.9991827322171212      -0.8247816811376076      0.0002572451688343       
-0.6677669369877527      0.4917313503424814       -0.8247816811376076      0.0002572451688343       
0.4917313503424816       -0.6677669369877527      -0.8247816811376075      0.0002572451688343       
-0.9991827322171210      -0.6677669369877527      -0.8247816811376075      0.0002572451688343       
-0.9991827322171210      0.4917313503424814       -0.8247816811376076      0.0002572451688343       
-0.9991827322171212      -0.8247816811376076      0.4917313503424814       0.0002572451688343       
-0.9991827322171212      -0.8247816811376076      -0.6677669369877526      0.0002572451688343       
0.4917313503424814       -0.8247816811376076      -0.6677669369877527      0.0002572451688343       
-0.6677669369877527      -0.8247816811376075      0.4917313503424816       0.0002572451688343       
-0.6677669369877527      -0.8247816811376075      -0.9991827322171210      0.0002572451688343       
0.4917313503424814       -0.8247816811376076      -0.9991827322171210      0.0002572451688343       
-0.6677669369877526      -0.9991827322171212      0.4917313503424814       0.0002572451688343       
0.4917313503424814       -0.9991827322171212      -0.6677669369877526      0.0002572451688343       
-0.9991827322171210      0.4917313503424814       -0.6677669369877527      0.0002572451688343       
-0.9991827322171210      -0.6677669369877527      0.4917313503424816       0.0002572451688343       
0.4917313503424816       -0.6677669369877527      -0.9991827322171210      0.0002572451688343       
-0.6677669369877527      0.4917313503424814       -0.9991827322171210      0.0002572451688343       
-0.8247816811376076      0.4917313503424814       -0.9991827322171212      0.0002572451688343       
-0.8247816811376076      -0.6677669369877526      -0.9991827322171212      0.0002572451688343       
-0.8247816811376076      -0.6677669369877527      0.4917313503424814       0.0002572451688343       
-0.8247816811376075      0.4917313503424816       -0.6677669369877527      0.0002572451688343       
-0.8247816811376075      -0.9991827322171210      -0.6677669369877527      0.0002572451688343       
-0.8247816811376076      -0.9991827322171210      0.4917313503424814       0.0002572451688343       
0.3139146959467214       -0.9850542439039116      -0.8359267666631425      0.0008622305744216       
-0.4929336853796675      -0.9850542439039116      -0.8359267666631425      0.0008622305744216       
-0.4929336853796675      0.3139146959467214       -0.8359267666631425      0.0008622305744216       
0.3139146959467213       -0.4929336853796675      -0.8359267666631425      0.0008622305744216       
-0.9850542439039114      -0.4929336853796675      -0.8359267666631425      0.0008622305744216       
-0.9850542439039116      0.3139146959467214       -0.8359267666631425      0.0008622305744216       
-0.9850542439039116      -0.8359267666631425      0.3139146959467214       0.0008622305744216       
-0.9850542439039116      -0.8359267666631425      -0.4929336853796675      0.0008622305744216       
0.3139146959467214       -0.8359267666631425      -0.4929336853796675      0.0008622305744216       
-0.4929336853796675      -0.8359267666631425      0.3139146959467213       0.0008622305744216       
-0.4929336853796675      -0.8359267666631425      -0.9850542439039114      0.0008622305744216       
0.3139146959467214       -0.8359267666631425      -0.9850542439039116      0.0008622305744216       
-0.4929336853796675      -0.9850542439039116      0.3139146959467214       0.0008622305744216       
0.3139146959467214       -0.9850542439039116      -0.4929336853796675      0.0008622305744216       
-0.9850542439039116      0.3139146959467214       -0.4929336853796675      0.0008622305744216       
-0.9850542439039114      -0.4929336853796675      0.3139146959467213       0.0008622305744216       
0.3139146959467213       -0.4929336853796675      -0.9850542439039114      0.0008622305744216       
-0.4929336853796675      0.3139146959467214       -0.9850542439039116      0.0008622305744216       
-0.8359267666631425      0.3139146959467214       -0.9850542439039116      0.0008622305744216       
-0.8359267666631425      -0.4929336853796675      -0.9850542439039116      0.0008622305744216       
-0.8359267666631425      -0.4929336853796675      0.3139146959467214       0.0008622305744216       
-0.8359267666631425      0.3139146959467213       -0.4929336853796675      0.0008622305744216       
-0.8359267666631425      -0.9850542439039114      -0.4929336853796675      0.0008622305744216       
-0.8359267666631425      -0.9850542439039116      0.3139146959467214       0.0008622305744216       
0.1372504603775144       -0.9874065148990712      -0.8564209582889772      0.0005921453180073       
-0.2934229871894660      -0.9874065148990712      -0.8564209582889772      0.0005921453180073       
-0.2934229871894660      0.1372504603775144       -0.8564209582889774      0.0005921453180073       
0.1372504603775145       -0.2934229871894660      -0.8564209582889772      0.0005921453180073       
-0.9874065148990712      -0.2934229871894660      -0.8564209582889772      0.0005921453180073       
-0.9874065148990711      0.1372504603775144       -0.8564209582889774      0.0005921453180073       
-0.9874065148990712      -0.8564209582889772      0.1372504603775144       0.0005921453180073       
-0.9874065148990712      -0.8564209582889772      -0.2934229871894660      0.0005921453180073       
0.1372504603775144       -0.8564209582889774      -0.2934229871894660      0.0005921453180073       
-0.2934229871894660      -0.8564209582889772      0.1372504603775145       0.0005921453180073       
-0.2934229871894660      -0.8564209582889772      -0.9874065148990712      0.0005921453180073       
0.1372504603775144       -0.8564209582889774      -0.9874065148990711      0.0005921453180073       
-0.2934229871894660      -0.9874065148990712      0.1372504603775144       0.0005921453180073       
0.1372504603775144       -0.9874065148990712      -0.2934229871894660      0.0005921453180073       
-0.9874065148990711      0.1372504603775144       -0.2934229871894660      0.0005921453180073       
-0.9874065148990712      -0.2934229871894660      0.1372504603775145       0.0005921453180073       
0.1372504603775145       -0.2934229871894660      -0.9874065148990712      0.0005921453180073       
-0.2934229871894660      0.1372504603775144       -0.9874065148990711      0.0005921453180073       
-0.8564209582889772      0.1372504603775144       -0.9874065148990712      0.0005921453180073       
-0.8564209582889772      -0.2934229871894660      -0.9874065148990712      0.0005921453180073       
-0.8564209582889774      -0.2934229871894660      0.1372504603775144       0.0005921453180073       
-0.8564209582889772      0.1372504603775145       -0.2934229871894660      0.0005921453180073       
-0.8564209582889772      -0.9874065148990712      -0.2934229871894660      0.0005921453180073       
-0.8564209582889774      -0.9874065148990711      0.1372504603775144       0.0005921453180073       
0.2046634721723579       -0.9898462858982938      -0.6931307658970416      0.0008129766791218       
-0.5216864203770226      -0.9898462858982938      -0.6931307658970416      0.0008129766791218       
-0.5216864203770226      0.2046634721723580       -0.6931307658970415      0.0008129766791218       
0.2046634721723579       -0.5216864203770226      -0.6931307658970416      0.0008129766791218       
-0.9898462858982938      -0.5216864203770226      -0.6931307658970416      0.0008129766791218       
-0.9898462858982938      0.2046634721723580       -0.6931307658970415      0.0008129766791218       
-0.9898462858982938      -0.6931307658970416      0.2046634721723579       0.0008129766791218       
-0.9898462858982938      -0.6931307658970416      -0.5216864203770226      0.0008129766791218       
0.2046634721723580       -0.6931307658970415      -0.5216864203770226      0.0008129766791218       
-0.5216864203770226      -0.6931307658970416      0.2046634721723579       0.0008129766791218       
-0.5216864203770226      -0.6931307658970416      -0.9898462858982938      0.0008129766791218       
0.2046634721723580       -0.6931307658970415      -0.9898462858982938      0.0008129766791218       
-0.5216864203770226      -0.9898462858982938      0.2046634721723579       0.0008129766791218       
0.2046634721723579       -0.9898462858982938      -0.5216864203770226      0.0008129766791218       
-0.9898462858982938      0.2046634721723580       -0.5216864203770226      0.0008129766791218       
-0.9898462858982938      -0.5216864203770226      0.2046634721723579       0.0008129766791218       
0.2046634721723579       -0.5216864203770226      -0.9898462858982938      0.0008129766791218       
-0.5216864203770226      0.2046634721723580       -0.9898462858982938      0.0008129766791218       
-0.6931307658970416      0.2046634721723579       -0.9898462858982938      0.0008129766791218       
-0.6931307658970416      -0.5216864203770226      -0.9898462858982938      0.0008129766791218       
-0.6931307658970415      -0.5216864203770226      0.2046634721723580       0.0008129766791218       
-0.6931307658970416      0.2046634721723579       -0.5216864203770226      0.0008129766791218       
-0.6931307658970416      -0.9898462858982938      -0.5216864203770226      0.0008129766791218       
-0.6931307658970415      -0.9898462858982938      0.2046634721723580       0.0008129766791218       
0.0498436986918120       -0.9884334433002622      -0.7452120116958521      0.0007800462771694       
-0.3161982436956978      -0.9884334433002622      -0.7452120116958521      0.0007800462771694       
-0.3161982436956978      0.0498436986918120       -0.7452120116958521      0.0007800462771694       
0.0498436986918120       -0.3161982436956978      -0.7452120116958521      0.0007800462771694       
-0.9884334433002622      -0.3161982436956978      -0.7452120116958521      0.0007800462771694       
-0.9884334433002622      0.0498436986918120       -0.7452120116958521      0.0007800462771694       
-0.9884334433002622      -0.7452120116958521      0.0498436986918120       0.0007800462771694       
-0.9884334433002622      -0.7452120116958521      -0.3161982436956978      0.0007800462771694       
0.0498436986918120       -0.7452120116958521      -0.3161982436956978      0.0007800462771694       
-0.3161982436956978      -0.7452120116958521      0.0498436986918120       0.0007800462771694       
-0.3161982436956978      -0.7452120116958521      -0.9884334433002622      0.0007800462771694       
0.0498436986918120       -0.7452120116958521      -0.9884334433002622      0.0007800462771694       
-0.3161982436956978      -0.9884334433002622      0.0498436986918120       0.0007800462771694       
0.0498436986918120       -0.9884334433002622      -0.3161982436956978      0.0007800462771694       
-0.9884334433002622      0.0498436986918120       -0.3161982436956978      0.0007800462771694       
-0.9884334433002622      -0.3161982436956978      0.0498436986918120       0.0007800462771694       
0.0498436986918120       -0.3161982436956978      -0.9884334433002622      0.0007800462771694       
-0.3161982436956978      0.0498436986918120       -0.9884334433002622      0.0007800462771694       
-0.7452120116958521      0.0498436986918120       -0.9884334433002622      0.0007800462771694       
-0.7452120116958521      -0.3161982436956978      -0.9884334433002622      0.0007800462771694       
-0.7452120116958521      -0.3161982436956978      0.0498436986918120       0.0007800462771694       
-0.7452120116958521      0.0498436986918120       -0.3161982436956978      0.0007800462771694       
-0.7452120116958521      -0.9884334433002622      -0.3161982436956978      0.0007800462771694       
-0.7452120116958521      -0.9884334433002622      0.0498436986918120       0.0007800462771694       
-0.0500581095598527      -0.9885041765630562      -0.5785072981684589      0.0008632061140225       
-0.3829304157086320      -0.9885041765630562      -0.5785072981684589      0.0008632061140225       
-0.3829304157086320      -0.0500581095598527      -0.5785072981684589      0.0008632061140225       
-0.0500581095598527      -0.3829304157086320      -0.5785072981684589      0.0008632061140225       
-0.9885041765630562      -0.3829304157086320      -0.5785072981684589      0.0008632061140225       
-0.9885041765630562      -0.0500581095598527      -0.5785072981684589      0.0008632061140225       
-0.9885041765630562      -0.5785072981684589      -0.0500581095598527      0.0008632061140225       
-0.9885041765630562      -0.5785072981684589      -0.3829304157086320      0.0008632061140225       
-0.0500581095598527      -0.5785072981684589      -0.3829304157086320      0.0008632061140225       
-0.3829304157086320      -0.5785072981684589      -0.0500581095598527      0.0008632061140225       
-0.3829304157086320      -0.5785072981684589      -0.9885041765630562      0.0008632061140225       
-0.0500581095598527      -0.5785072981684589      -0.9885041765630562      0.0008632061140225       
-0.3829304157086320      -0.9885041765630562      -0.0500581095598527      0.0008632061140225       
-0.0500581095598527      -0.9885041765630562      -0.3829304157086320      0.0008632061140225       
-0.9885041765630562      -0.0500581095598527      -0.3829304157086320      0.0008632061140225       
-0.9885041765630562      -0.3829304157086320      -0.0500581095598527      0.0008632061140225       
-0.0500581095598527      -0.3829304157086320      -0.9885041765630562      0.0008632061140225       
-0.3829304157086320      -0.0500581095598527      -0.9885041765630562      0.0008632061140225       
-0.5785072981684589      -0.0500581095598527      -0.9885041765630562      0.0008632061140225       
-0.5785072981684589      -0.3829304157086320      -0.9885041765630562      0.0008632061140225       
-0.5785072981684589      -0.3829304157086320      -0.0500581095598527      0.0008632061140225       
-0.5785072981684589      -0.0500581095598527      -0.3829304157086320      0.0008632061140225       
-0.5785072981684589      -0.9885041765630562      -0.3829304157086320      0.0008632061140225       
-0.5785072981684589      -0.9885041765630562      -0.0500581095598527      0.0008632061140225       
0.4650820740425867       -0.9565991297494112      -0.8287445145949439      0.0013066163818361       
-0.6797384296982316      -0.9565991297494112      -0.8287445145949439      0.0013066163818361       
-0.6797384296982316      0.4650820740425867       -0.8287445145949439      0.0013066163818361       
0.4650820740425867       -0.6797384296982316      -0.8287445145949439      0.0013066163818361       
-0.9565991297494112      -0.6797384296982316      -0.8287445145949439      0.0013066163818361       
-0.9565991297494112      0.4650820740425867       -0.8287445145949439      0.0013066163818361       
-0.9565991297494112      -0.8287445145949439      0.4650820740425867       0.0013066163818361       
-0.9565991297494112      -0.8287445145949439      -0.6797384296982316      0.0013066163818361       
0.4650820740425867       -0.8287445145949439      -0.6797384296982316      0.0013066163818361       
-0.6797384296982316      -0.8287445145949439      0.4650820740425867       0.0013066163818361       
-0.6797384296982316      -0.8287445145949439      -0.9565991297494112      0.0013066163818361       
0.4650820740425867       -0.8287445145949439      -0.9565991297494112      0.0013066163818361       
-0.6797384296982316      -0.9565991297494112      0.4650820740425867       0.0013066163818361       
0.4650820740425867       -0.9565991297494112      -0.6797384296982316      0.0013066163818361       
-0.9565991297494112      0.4650820740425867       -0.6797384296982316      0.0013066163818361       
-0.9565991297494112      -0.6797384296982316      0.4650820740425867       0.0013066163818361       
0.4650820740425867       -0.6797384296982316      -0.9565991297494112      0.0013066163818361       
-0.6797384296982316      0.4650820740425867       -0.9565991297494112      0.0013066163818361       
-0.8287445145949439      0.4650820740425867       -0.9565991297494112      0.0013066163818361       
-0.8287445145949439      -0.6797384296982316      -0.9565991297494112      0.0013066163818361       
-0.8287445145949439      -0.6797384296982316      0.4650820740425867       0.0013066163818361       
-0.8287445145949439      0.4650820740425867       -0.6797384296982316      0.0013066163818361       
-0.8287445145949439      -0.9565991297494112      -0.6797384296982316      0.0013066163818361       
-0.8287445145949439      -0.9565991297494112      0.4650820740425867       0.0013066163818361       
0.2790994846926543       -0.9276946610405477      -0.8365420981951622      0.0015175644379479       
-0.5148627254569442      -0.9276946610405477      -0.8365420981951622      0.0015175644379479       
-0.5148627254569442      0.2790994846926543       -0.8365420981951623      0.0015175644379479       
0.2790994846926543       -0.5148627254569442      -0.8365420981951623      0.0015175644379479       
-0.9276946610405477      -0.5148627254569442      -0.8365420981951623      0.0015175644379479       
-0.9276946610405477      0.2790994846926543       -0.8365420981951623      0.0015175644379479       
-0.9276946610405477      -0.8365420981951622      0.2790994846926543       0.0015175644379479       
-0.9276946610405477      -0.8365420981951622      -0.5148627254569442      0.0015175644379479       
0.2790994846926543       -0.8365420981951623      -0.5148627254569442      0.0015175644379479       
-0.5148627254569442      -0.8365420981951623      0.2790994846926543       0.0015175644379479       
-0.5148627254569442      -0.8365420981951623      -0.9276946610405477      0.0015175644379479       
0.2790994846926543       -0.8365420981951623      -0.9276946610405477      0.0015175644379479       
-0.5148627254569442      -0.9276946610405477      0.2790994846926543       0.0015175644379479       
0.2790994846926543       -0.9276946610405477      -0.5148627254569442      0.0015175644379479       
-0.9276946610405477      0.2790994846926543       -0.5148627254569442      0.0015175644379479       
-0.9276946610405477      -0.5148627254569442      0.2790994846926543       0.0015175644379479       
0.2790994846926543       -0.5148627254569442      -0.9276946610405477      0.0015175644379479       
-0.5148627254569442      0.2790994846926543       -0.9276946610405477      0.0015175644379479       
-0.8365420981951622      0.2790994846926543       -0.9276946610405477      0.0015175644379479       
-0.8365420981951622      -0.5148627254569442      -0.9276946610405477      0.0015175644379479       
-0.8365420981951623      -0.5148627254569442      0.2790994846926543       0.0015175644379479       
-0.8365420981951623      0.2790994846926543       -0.5148627254569442      0.0015175644379479       
-0.8365420981951623      -0.9276946610405477      -0.5148627254569442      0.0015175644379479       
-0.8365420981951623      -0.9276946610405477      0.2790994846926543       0.0015175644379479       
0.0968462379266253       -0.9351369724291700      -0.8586474421729839      0.0017446819149453       
-0.3030618233244713      -0.9351369724291700      -0.8586474421729839      0.0017446819149453       
-0.3030618233244713      0.0968462379266253       -0.8586474421729839      0.0017446819149453       
0.0968462379266253       -0.3030618233244712      -0.8586474421729839      0.0017446819149453       
-0.9351369724291700      -0.3030618233244712      -0.8586474421729839      0.0017446819149453       
-0.9351369724291700      0.0968462379266253       -0.8586474421729839      0.0017446819149453       
-0.9351369724291700      -0.8586474421729839      0.0968462379266253       0.0017446819149453       
-0.9351369724291700      -0.8586474421729839      -0.3030618233244713      0.0017446819149453       
0.0968462379266253       -0.8586474421729839      -0.3030618233244713      0.0017446819149453       
-0.3030618233244712      -0.8586474421729839      0.0968462379266253       0.0017446819149453       
-0.3030618233244712      -0.8586474421729839      -0.9351369724291700      0.0017446819149453       
0.0968462379266253       -0.8586474421729839      -0.9351369724291700      0.0017446819149453       
-0.3030618233244713      -0.9351369724291700      0.0968462379266253       0.0017446819149453       
0.0968462379266253       -0.9351369724291700      -0.3030618233244713      0.0017446819149453       
-0.9351369724291700      0.0968462379266253       -0.3030618233244713      0.0017446819149453       
-0.9351369724291700      -0.3030618233244712      0.0968462379266253       0.0017446819149453       
0.0968462379266253       -0.3030618233244712      -0.9351369724291700      0.0017446819149453       
-0.3030618233244713      0.0968462379266253       -0.9351369724291700      0.0017446819149453       
-0.8586474421729839      0.0968462379266253       -0.9351369724291700      0.0017446819149453       
-0.8586474421729839      -0.3030618233244713      -0.9351369724291700      0.0017446819149453       
-0.8586474421729839      -0.3030618233244713      0.0968462379266253       0.0017446819149453       
-0.8586474421729839      0.0968462379266253       -0.3030618233244712      0.0017446819149453       
-0.8586474421729839      -0.9351369724291700      -0.3030618233244712      0.0017446819149453       
-0.8586474421729839      -0.9351369724291700      0.0968462379266253       0.0017446819149453       
0.2031660275221319       -0.9323539317496742      -0.7098081514170045      0.0019765117258076       
-0.5610039443554531      -0.9323539317496742      -0.7098081514170045      0.0019765117258076       
-0.5610039443554531      0.2031660275221319       -0.7098081514170045      0.0019765117258076       
0.2031660275221319       -0.5610039443554531      -0.7098081514170045      0.0019765117258076       
-0.9323539317496742      -0.5610039443554531      -0.7098081514170045      0.0019765117258076       
-0.9323539317496742      0.2031660275221319       -0.7098081514170045      0.0019765117258076       
-0.9323539317496742      -0.7098081514170045      0.2031660275221319       0.0019765117258076       
-0.9323539317496742      -0.7098081514170045      -0.5610039443554531      0.0019765117258076       
0.2031660275221319       -0.7098081514170045      -0.5610039443554531      0.0019765117258076       
-0.5610039443554531      -0.7098081514170045      0.2031660275221319       0.0019765117258076       
-0.5610039443554531      -0.7098081514170045      -0.9323539317496742      0.0019765117258076       
0.2031660275221319       -0.7098081514170045      -0.9323539317496742      0.0019765117258076       
-0.5610039443554531      -0.9323539317496742      0.2031660275221319       0.0019765117258076       
0.2031660275221319       -0.9323539317496742      -0.5610039443554531      0.0019765117258076       
-0.9323539317496742      0.2031660275221319       -0.5610039443554531      0.0019765117258076       
-0.9323539317496742      -0.5610039443554531      0.2031660275221319       0.0019765117258076       
0.2031660275221319       -0.5610039443554531      -0.9323539317496742      0.0019765117258076       
-0.5610039443554531      0.2031660275221319       -0.9323539317496742      0.0019765117258076       
-0.7098081514170045      0.2031660275221319       -0.9323539317496742      0.0019765117258076       
-0.7098081514170045      -0.5610039443554531      -0.9323539317496742      0.0019765117258076       
-0.7098081514170045      -0.5610039443554531      0.2031660275221319       0.0019765117258076       
-0.7098081514170045      0.2031660275221319       -0.5610039443554531      0.0019765117258076       
-0.7098081514170045      -0.9323539317496742      -0.5610039443554531      0.0019765117258076       
-0.7098081514170045      -0.9323539317496742      0.2031660275221319       0.0019765117258076       
0.0476884536358239       -0.9439530979591424      -0.7212032384918594      0.0017629080094858       
-0.3825321171848221      -0.9439530979591424      -0.7212032384918594      0.0017629080094858       
-0.3825321171848221      0.0476884536358239       -0.7212032384918595      0.0017629080094858       
0.0476884536358239       -0.3825321171848221      -0.7212032384918595      0.0017629080094858       
-0.9439530979591426      -0.3825321171848221      -0.7212032384918595      0.0017629080094858       
-0.9439530979591426      0.0476884536358239       -0.7212032384918595      0.0017629080094858       
-0.9439530979591424      -0.7212032384918594      0.0476884536358239       0.0017629080094858       
-0.9439530979591424      -0.7212032384918594      -0.3825321171848221      0.0017629080094858       
0.0476884536358239       -0.7212032384918595      -0.3825321171848221      0.0017629080094858       
-0.3825321171848221      -0.7212032384918595      0.0476884536358239       0.0017629080094858       
-0.3825321171848221      -0.7212032384918595      -0.9439530979591426      0.0017629080094858       
0.0476884536358239       -0.7212032384918595      -0.9439530979591426      0.0017629080094858       
-0.3825321171848221      -0.9439530979591424      0.0476884536358239       0.0017629080094858       
0.0476884536358239       -0.9439530979591424      -0.3825321171848221      0.0017629080094858       
-0.9439530979591426      0.0476884536358239       -0.3825321171848221      0.0017629080094858       
-0.9439530979591426      -0.3825321171848221      0.0476884536358239       0.0017629080094858       
0.0476884536358239       -0.3825321171848221      -0.9439530979591426      0.0017629080094858       
-0.3825321171848221      0.0476884536358239       -0.9439530979591426      0.0017629080094858       
-0.7212032384918594      0.0476884536358239       -0.9439530979591424      0.0017629080094858       
-0.7212032384918594      -0.3825321171848221      -0.9439530979591424      0.0017629080094858       
-0.7212032384918595      -0.3825321171848221      0.0476884536358239       0.0017629080094858       
-0.7212032384918595      0.0476884536358239       -0.3825321171848221      0.0017629080094858       
-0.7212032384918595      -0.9439530979591426      -0.3825321171848221      0.0017629080094858       
-0.7212032384918595      -0.9439530979591426      0.0476884536358239       0.0017629080094858       
-0.1416521108160393      -0.9350437442843436      -0.5962287721397491      0.0024393248832553       
-0.3270753727598677      -0.9350437442843436      -0.5962287721397491      0.0024393248832553       
-0.3270753727598678      -0.1416521108160393      -0.5962287721397492      0.0024393248832553       
-0.1416521108160392      -0.3270753727598676      -0.5962287721397491      0.0024393248832553       
-0.9350437442843436      -0.3270753727598676      -0.5962287721397491      0.0024393248832553       
-0.9350437442843436      -0.1416521108160393      -0.5962287721397492      0.0024393248832553       
-0.9350437442843436      -0.5962287721397491      -0.1416521108160393      0.0024393248832553       
-0.9350437442843436      -0.5962287721397491      -0.3270753727598677      0.0024393248832553       
-0.1416521108160393      -0.5962287721397492      -0.3270753727598678      0.0024393248832553       
-0.3270753727598676      -0.5962287721397491      -0.1416521108160392      0.0024393248832553       
-0.3270753727598676      -0.5962287721397491      -0.9350437442843436      0.0024393248832553       
-0.1416521108160393      -0.5962287721397492      -0.9350437442843436      0.0024393248832553       
-0.3270753727598677      -0.9350437442843436      -0.1416521108160393      0.0024393248832553       
-0.1416521108160393      -0.9350437442843436      -0.3270753727598677      0.0024393248832553       
-0.9350437442843436      -0.1416521108160393      -0.3270753727598678      0.0024393248832553       
-0.9350437442843436      -0.3270753727598676      -0.1416521108160392      0.0024393248832553       
-0.1416521108160392      -0.3270753727598676      -0.9350437442843436      0.0024393248832553       
-0.3270753727598678      -0.1416521108160393      -0.9350437442843436      0.0024393248832553       
-0.5962287721397491      -0.1416521108160393      -0.9350437442843436      0.0024393248832553       
-0.5962287721397491      -0.3270753727598677      -0.9350437442843436      0.0024393248832553       
-0.5962287721397492      -0.3270753727598678      -0.1416521108160393      0.0024393248832553       
-0.5962287721397491      -0.1416521108160392      -0.3270753727598676      0.0024393248832553       
-0.5962287721397491      -0.9350437442843436      -0.3270753727598676      0.0024393248832553       
-0.5962287721397492      -0.9350437442843436      -0.1416521108160393      0.0024393248832553       
0.1090314853239422       -0.8259798751680119      -0.7052986847303178      0.0031513384618812       
-0.5777529254256126      -0.8259798751680119      -0.7052986847303178      0.0031513384618812       
-0.5777529254256126      0.1090314853239423       -0.7052986847303175      0.0031513384618812       
0.1090314853239423       -0.5777529254256126      -0.7052986847303175      0.0031513384618812       
-0.8259798751680119      -0.5777529254256126      -0.7052986847303175      0.0031513384618812       
-0.8259798751680119      0.1090314853239423       -0.7052986847303175      0.0031513384618812       
-0.8259798751680119      -0.7052986847303178      0.1090314853239422       0.0031513384618812       
-0.8259798751680119      -0.7052986847303178      -0.5777529254256126      0.0031513384618812       
0.1090314853239423       -0.7052986847303175      -0.5777529254256126      0.0031513384618812       
-0.5777529254256126      -0.7052986847303175      0.1090314853239423       0.0031513384618812       
-0.5777529254256126      -0.7052986847303175      -0.8259798751680119      0.0031513384618812       
0.1090314853239423       -0.7052986847303175      -0.8259798751680119      0.0031513384618812       
-0.5777529254256126      -0.8259798751680119      0.1090314853239422       0.0031513384618812       
0.1090314853239422       -0.8259798751680119      -0.5777529254256126      0.0031513384618812       
-0.8259798751680119      0.1090314853239423       -0.5777529254256126      0.0031513384618812       
-0.8259798751680119      -0.5777529254256126      0.1090314853239423       0.0031513384618812       
0.1090314853239423       -0.5777529254256126      -0.8259798751680119      0.0031513384618812       
-0.5777529254256126      0.1090314853239423       -0.8259798751680119      0.0031513384618812       
-0.7052986847303178      0.1090314853239422       -0.8259798751680119      0.0031513384618812       
-0.7052986847303178      -0.5777529254256126      -0.8259798751680119      0.0031513384618812       
-0.7052986847303175      -0.5777529254256126      0.1090314853239423       0.0031513384618812       
-0.7052986847303175      0.1090314853239423       -0.5777529254256126      0.0031513384618812       
-0.7052986847303175      -0.8259798751680119      -0.5777529254256126      0.0031513384618812       
-0.7052986847303175      -0.8259798751680119      0.1090314853239423       0.0031513384618812       
-0.0113973633572613      -0.8623273363294142      -0.7604490255939973      0.0024171213036799       
-0.3658262747193272      -0.8623273363294142      -0.7604490255939973      0.0024171213036799       
-0.3658262747193272      -0.0113973633572613      -0.7604490255939972      0.0024171213036799       
-0.0113973633572613      -0.3658262747193274      -0.7604490255939973      0.0024171213036799       
-0.8623273363294143      -0.3658262747193274      -0.7604490255939973      0.0024171213036799       
-0.8623273363294143      -0.0113973633572613      -0.7604490255939972      0.0024171213036799       
-0.8623273363294142      -0.7604490255939973      -0.0113973633572613      0.0024171213036799       
-0.8623273363294142      -0.7604490255939973      -0.3658262747193272      0.0024171213036799       
-0.0113973633572613      -0.7604490255939972      -0.3658262747193272      0.0024171213036799       
-0.3658262747193274      -0.7604490255939973      -0.0113973633572613      0.0024171213036799       
-0.3658262747193274      -0.7604490255939973      -0.8623273363294143      0.0024171213036799       
-0.0113973633572613      -0.7604490255939972      -0.8623273363294143      0.0024171213036799       
-0.3658262747193272      -0.8623273363294142      -0.0113973633572613      0.0024171213036799       
-0.0113973633572613      -0.8623273363294142      -0.3658262747193272      0.0024171213036799       
-0.8623273363294143      -0.0113973633572613      -0.3658262747193272      0.0024171213036799       
-0.8623273363294143      -0.3658262747193274      -0.0113973633572613      0.0024171213036799       
-0.0113973633572613      -0.3658262747193274      -0.8623273363294143      0.0024171213036799       
-0.3658262747193272      -0.0113973633572613      -0.8623273363294143      0.0024171213036799       
-0.7604490255939973      -0.0113973633572613      -0.8623273363294142      0.0024171213036799       
-0.7604490255939973      -0.3658262747193272      -0.8623273363294142      0.0024171213036799       
-0.7604490255939972      -0.3658262747193272      -0.0113973633572613      0.0024171213036799       
-0.7604490255939973      -0.0113973633572613      -0.3658262747193274      0.0024171213036799       
-0.7604490255939973      -0.8623273363294143      -0.3658262747193274      0.0024171213036799       
-0.7604490255939972      -0.8623273363294143      -0.0113973633572613      0.0024171213036799       
-0.0791061208979372      -0.8455871675213341      -0.6153327099993785      0.0030713421478942       
-0.4599740015813501      -0.8455871675213341      -0.6153327099993785      0.0030713421478942       
-0.4599740015813501      -0.0791061208979372      -0.6153327099993785      0.0030713421478942       
-0.0791061208979372      -0.4599740015813501      -0.6153327099993785      0.0030713421478942       
-0.8455871675213341      -0.4599740015813501      -0.6153327099993785      0.0030713421478942       
-0.8455871675213341      -0.0791061208979372      -0.6153327099993785      0.0030713421478942       
-0.8455871675213341      -0.6153327099993785      -0.0791061208979372      0.0030713421478942       
-0.8455871675213341      -0.6153327099993785      -0.4599740015813501      0.0030713421478942       
-0.0791061208979372      -0.6153327099993785      -0.4599740015813501      0.0030713421478942       
-0.4599740015813501      -0.6153327099993785      -0.0791061208979372      0.0030713421478942       
-0.4599740015813501      -0.6153327099993785      -0.8455871675213341      0.0030713421478942       
-0.0791061208979372      -0.6153327099993785      -0.8455871675213341      0.0030713421478942       
-0.4599740015813501      -0.8455871675213341      -0.0791061208979372      0.0030713421478942       
-0.0791061208979372      -0.8455871675213341      -0.4599740015813501      0.0030713421478942       
-0.8455871675213341      -0.0791061208979372      -0.4599740015813501      0.0030713421478942       
-0.8455871675213341      -0.4599740015813501      -0.0791061208979372      0.0030713421478942       
-0.0791061208979372      -0.4599740015813501      -0.8455871675213341      0.0030713421478942       
-0.4599740015813501      -0.0791061208979372      -0.8455871675213341      0.0030713421478942       
-0.6153327099993785      -0.0791061208979372      -0.8455871675213341      0.0030713421478942       
-0.6153327099993785      -0.4599740015813501      -0.8455871675213341      0.0030713421478942       
-0.6153327099993785      -0.4599740015813501      -0.0791061208979372      0.0030713421478942       
-0.6153327099993785      -0.0791061208979372      -0.4599740015813501      0.0030713421478942       
-0.6153327099993785      -0.8455871675213341      -0.4599740015813501      0.0030713421478942       
-0.6153327099993785      -0.8455871675213341      -0.0791061208979372      0.0030713421478942       
