centroid       numS31         numS22         numS211        numS1111       
true (1)       4 (4)          3 (6)          14 (12)        4 (24)         

x                        y                        z                        w                        
-0.9707884196257094      -0.9707884196257094      0.9123652588771284       0.0004235431423745       
-0.9707884196257094      0.9123652588771284       -0.9707884196257094      0.0004235431423745       
-0.9707884196257094      -0.9707884196257094      -0.9707884196257094      0.0004235431423745       
0.9123652588771284       -0.9707884196257094      -0.9707884196257094      0.0004235431423745       
-0.3481871663973810      -0.3481871663973810      -0.9554385008078570      0.0088556169097484       
-0.3481871663973810      -0.9554385008078570      -0.3481871663973810      0.0088556169097484       
-0.3481871663973810      -0.3481871663973810      -0.3481871663973810      0.0088556169097484       
-0.9554385008078570      -0.3481871663973810      -0.3481871663973810      0.0088556169097484       
-0.8097263907627030      -0.8097263907627030      0.4291791722881092       0.0047969483552272       
-0.8097263907627030      0.4291791722881091       -0.8097263907627030      0.0047969483552272       
-0.8097263907627030      -0.8097263907627030      -0.8097263907627030      0.0047969483552272       
0.4291791722881091       -0.8097263907627030      -0.8097263907627030      0.0047969483552272       
-0.6064631361806929      -0.6064631361806929      -0.1806105914579212      0.0109769126568159       
-0.6064631361806929      -0.1806105914579212      -0.6064631361806929      0.0109769126568159       
-0.6064631361806929      -0.6064631361806929      -0.6064631361806929      0.0109769126568159       
-0.1806105914579212      -0.6064631361806929      -0.6064631361806929      0.0109769126568159       
-0.0239400941696640      -0.9760599058303360      -0.9760599058303358      0.0013286708454178       
-0.9760599058303360      -0.0239400941696640      -0.9760599058303358      0.0013286708454178       
-0.9760599058303360      -0.9760599058303360      -0.0239400941696641      0.0013286708454178       
-0.0239400941696640      -0.0239400941696640      -0.9760599058303358      0.0013286708454178       
-0.0239400941696640      -0.9760599058303360      -0.0239400941696641      0.0013286708454178       
-0.9760599058303360      -0.0239400941696640      -0.0239400941696641      0.0013286708454178       
-0.1874063912794632      -0.8125936087205368      -0.8125936087205368      0.0095427925435759       
-0.8125936087205368      -0.1874063912794632      -0.8125936087205368      0.0095427925435759       
-0.8125936087205368      -0.8125936087205368      -0.1874063912794632      0.0095427925435759       
-0.1874063912794632      -0.1874063912794632      -0.8125936087205368      0.0095427925435759       
-0.1874063912794632      -0.8125936087205368      -0.1874063912794632      0.0095427925435759       
-0.8125936087205368      -0.1874063912794632      -0.1874063912794632      0.0095427925435759       
-0.3124763254659504      -0.6875236745340496      -0.6875236745340496      0.0121477165439257       
-0.6875236745340496      -0.3124763254659504      -0.6875236745340496      0.0121477165439257       
-0.6875236745340496      -0.6875236745340496      -0.3124763254659504      0.0121477165439257       
-0.3124763254659504      -0.3124763254659504      -0.6875236745340496      0.0121477165439257       
-0.3124763254659504      -0.6875236745340496      -0.3124763254659504      0.0121477165439257       
-0.6875236745340496      -0.3124763254659504      -0.3124763254659504      0.0121477165439257       
-0.9724648191543050      -0.8225076951343078      0.7674373334429179       0.0008763143716125       
-0.9724648191543050      -0.9724648191543050      0.7674373334429179       0.0008763143716125       
-0.8225076951343078      -0.9724648191543050      0.7674373334429179       0.0008763143716125       
-0.8225076951343078      0.7674373334429179       -0.9724648191543050      0.0008763143716125       
-0.9724648191543050      0.7674373334429179       -0.9724648191543050      0.0008763143716125       
-0.9724648191543050      0.7674373334429179       -0.8225076951343078      0.0008763143716125       
-0.9724648191543050      -0.8225076951343078      -0.9724648191543050      0.0008763143716125       
-0.8225076951343078      -0.9724648191543050      -0.9724648191543050      0.0008763143716125       
-0.9724648191543050      -0.9724648191543050      -0.8225076951343078      0.0008763143716125       
0.7674373334429179       -0.9724648191543050      -0.8225076951343078      0.0008763143716125       
0.7674373334429179       -0.9724648191543050      -0.9724648191543050      0.0008763143716125       
0.7674373334429179       -0.8225076951343078      -0.9724648191543050      0.0008763143716125       
-0.9757594062258584      -0.6029095000126443      0.5544283124643610       0.0010035212257448       
-0.9757594062258584      -0.9757594062258584      0.5544283124643610       0.0010035212257448       
-0.6029095000126443      -0.9757594062258584      0.5544283124643610       0.0010035212257448       
-0.6029095000126443      0.5544283124643610       -0.9757594062258584      0.0010035212257448       
-0.9757594062258584      0.5544283124643610       -0.9757594062258584      0.0010035212257448       
-0.9757594062258584      0.5544283124643610       -0.6029095000126443      0.0010035212257448       
-0.9757594062258584      -0.6029095000126443      -0.9757594062258584      0.0010035212257448       
-0.6029095000126443      -0.9757594062258584      -0.9757594062258584      0.0010035212257448       
-0.9757594062258584      -0.9757594062258584      -0.6029095000126443      0.0010035212257448       
0.5544283124643610       -0.9757594062258584      -0.6029095000126443      0.0010035212257448       
0.5544283124643610       -0.9757594062258584      -0.9757594062258584      0.0010035212257448       
0.5544283124643610       -0.6029095000126443      -0.9757594062258584      0.0010035212257448       
-0.9040237792618626      0.7973946474779321       -0.9893470889542068      0.0003763011848643       
-0.9040237792618626      -0.9040237792618626      -0.9893470889542068      0.0003763011848643       
0.7973946474779321       -0.9040237792618626      -0.9893470889542068      0.0003763011848643       
0.7973946474779321       -0.9893470889542068      -0.9040237792618626      0.0003763011848643       
-0.9040237792618626      -0.9893470889542068      -0.9040237792618626      0.0003763011848643       
-0.9040237792618626      -0.9893470889542068      0.7973946474779321       0.0003763011848643       
-0.9040237792618626      0.7973946474779321       -0.9040237792618626      0.0003763011848643       
0.7973946474779321       -0.9040237792618626      -0.9040237792618626      0.0003763011848643       
-0.9040237792618626      -0.9040237792618626      0.7973946474779321       0.0003763011848643       
-0.9893470889542068      -0.9040237792618626      0.7973946474779321       0.0003763011848643       
-0.9893470889542068      -0.9040237792618626      -0.9040237792618626      0.0003763011848643       
-0.9893470889542068      0.7973946474779321       -0.9040237792618626      0.0003763011848643       
-0.6640861915653657      0.3055703819201762       -0.9773979987894444      0.0026778121391400       
-0.6640861915653657      -0.6640861915653657      -0.9773979987894446      0.0026778121391400       
0.3055703819201761       -0.6640861915653657      -0.9773979987894446      0.0026778121391400       
0.3055703819201762       -0.9773979987894444      -0.6640861915653657      0.0026778121391400       
-0.6640861915653657      -0.9773979987894446      -0.6640861915653657      0.0026778121391400       
-0.6640861915653657      -0.9773979987894446      0.3055703819201761       0.0026778121391400       
-0.6640861915653657      0.3055703819201762       -0.6640861915653657      0.0026778121391400       
0.3055703819201761       -0.6640861915653657      -0.6640861915653657      0.0026778121391400       
-0.6640861915653657      -0.6640861915653657      0.3055703819201761       0.0026778121391400       
-0.9773979987894444      -0.6640861915653657      0.3055703819201762       0.0026778121391400       
-0.9773979987894446      -0.6640861915653657      -0.6640861915653657      0.0026778121391400       
-0.9773979987894446      0.3055703819201761       -0.6640861915653657      0.0026778121391400       
-0.0886222477815841      -0.8566743679373459      -0.9660811364994860      0.0043314763787090       
-0.0886222477815841      -0.0886222477815841      -0.9660811364994860      0.0043314763787090       
-0.8566743679373459      -0.0886222477815841      -0.9660811364994860      0.0043314763787090       
-0.8566743679373459      -0.9660811364994860      -0.0886222477815841      0.0043314763787090       
-0.0886222477815841      -0.9660811364994860      -0.0886222477815841      0.0043314763787090       
-0.0886222477815841      -0.9660811364994860      -0.8566743679373459      0.0043314763787090       
-0.0886222477815841      -0.8566743679373459      -0.0886222477815841      0.0043314763787090       
-0.8566743679373459      -0.0886222477815841      -0.0886222477815841      0.0043314763787090       
-0.0886222477815841      -0.0886222477815841      -0.8566743679373459      0.0043314763787090       
-0.9660811364994860      -0.0886222477815841      -0.8566743679373459      0.0043314763787090       
-0.9660811364994860      -0.0886222477815841      -0.0886222477815841      0.0043314763787090       
-0.9660811364994860      -0.8566743679373459      -0.0886222477815841      0.0043314763787090       
-0.1705079925740899      -0.6620530537281835      -0.9969309611236368      0.0018579572137361       
-0.1705079925740899      -0.1705079925740899      -0.9969309611236368      0.0018579572137361       
-0.6620530537281835      -0.1705079925740899      -0.9969309611236368      0.0018579572137361       
-0.6620530537281835      -0.9969309611236368      -0.1705079925740899      0.0018579572137361       
-0.1705079925740899      -0.9969309611236368      -0.1705079925740899      0.0018579572137361       
-0.1705079925740899      -0.9969309611236368      -0.6620530537281835      0.0018579572137361       
-0.1705079925740899      -0.6620530537281835      -0.1705079925740899      0.0018579572137361       
-0.6620530537281835      -0.1705079925740899      -0.1705079925740899      0.0018579572137361       
-0.1705079925740899      -0.1705079925740899      -0.6620530537281835      0.0018579572137361       
-0.9969309611236368      -0.1705079925740899      -0.6620530537281835      0.0018579572137361       
-0.9969309611236368      -0.1705079925740899      -0.1705079925740899      0.0018579572137361       
-0.9969309611236368      -0.6620530537281835      -0.1705079925740899      0.0018579572137361       
-0.4914973632848697      -0.0227172166651854      -0.9942880567650751      0.0024541994378452       
-0.4914973632848697      -0.4914973632848698      -0.9942880567650751      0.0024541994378452       
-0.0227172166651854      -0.4914973632848698      -0.9942880567650751      0.0024541994378452       
-0.0227172166651854      -0.9942880567650751      -0.4914973632848697      0.0024541994378452       
-0.4914973632848698      -0.9942880567650751      -0.4914973632848697      0.0024541994378452       
-0.4914973632848698      -0.9942880567650751      -0.0227172166651854      0.0024541994378452       
-0.4914973632848697      -0.0227172166651854      -0.4914973632848697      0.0024541994378452       
-0.0227172166651854      -0.4914973632848698      -0.4914973632848697      0.0024541994378452       
-0.4914973632848697      -0.4914973632848698      -0.0227172166651854      0.0024541994378452       
-0.9942880567650751      -0.4914973632848697      -0.0227172166651854      0.0024541994378452       
-0.9942880567650751      -0.4914973632848697      -0.4914973632848698      0.0024541994378452       
-0.9942880567650751      -0.0227172166651854      -0.4914973632848698      0.0024541994378452       
-0.2178890751123928      -0.6422950369744860      -0.9219268128007284      0.0059452348502067       
-0.2178890751123928      -0.2178890751123929      -0.9219268128007284      0.0059452348502067       
-0.6422950369744860      -0.2178890751123929      -0.9219268128007284      0.0059452348502067       
-0.6422950369744860      -0.9219268128007284      -0.2178890751123928      0.0059452348502067       
-0.2178890751123929      -0.9219268128007284      -0.2178890751123928      0.0059452348502067       
-0.2178890751123929      -0.9219268128007284      -0.6422950369744860      0.0059452348502067       
-0.2178890751123928      -0.6422950369744860      -0.2178890751123928      0.0059452348502067       
-0.6422950369744860      -0.2178890751123929      -0.2178890751123928      0.0059452348502067       
-0.2178890751123928      -0.2178890751123929      -0.6422950369744860      0.0059452348502067       
-0.9219268128007284      -0.2178890751123928      -0.6422950369744860      0.0059452348502067       
-0.9219268128007284      -0.2178890751123928      -0.2178890751123929      0.0059452348502067       
-0.9219268128007284      -0.6422950369744860      -0.2178890751123929      0.0059452348502067       
-0.8969982626334836      -0.6115971944527367      0.4055937197197038       0.0047136534879441       
-0.8969982626334836      -0.8969982626334836      0.4055937197197038       0.0047136534879441       
-0.6115971944527367      -0.8969982626334836      0.4055937197197038       0.0047136534879441       
-0.6115971944527367      0.4055937197197038       -0.8969982626334836      0.0047136534879441       
-0.8969982626334836      0.4055937197197038       -0.8969982626334836      0.0047136534879441       
-0.8969982626334836      0.4055937197197038       -0.6115971944527367      0.0047136534879441       
-0.8969982626334836      -0.6115971944527367      -0.8969982626334836      0.0047136534879441       
-0.6115971944527367      -0.8969982626334836      -0.8969982626334836      0.0047136534879441       
-0.8969982626334836      -0.8969982626334836      -0.6115971944527367      0.0047136534879441       
0.4055937197197038       -0.8969982626334836      -0.6115971944527367      0.0047136534879441       
0.4055937197197038       -0.8969982626334836      -0.8969982626334836      0.0047136534879441       
0.4055937197197038       -0.6115971944527367      -0.8969982626334836      0.0047136534879441       
-0.8834104415461698      -0.3617769895113954      0.1285978726037348       0.0056887716018618       
-0.8834104415461698      -0.8834104415461698      0.1285978726037349       0.0056887716018618       
-0.3617769895113954      -0.8834104415461698      0.1285978726037349       0.0056887716018618       
-0.3617769895113954      0.1285978726037348       -0.8834104415461698      0.0056887716018618       
-0.8834104415461698      0.1285978726037349       -0.8834104415461698      0.0056887716018618       
-0.8834104415461698      0.1285978726037349       -0.3617769895113954      0.0056887716018618       
-0.8834104415461698      -0.3617769895113954      -0.8834104415461698      0.0056887716018618       
-0.3617769895113954      -0.8834104415461698      -0.8834104415461698      0.0056887716018618       
-0.8834104415461698      -0.8834104415461698      -0.3617769895113954      0.0056887716018618       
0.1285978726037348       -0.8834104415461698      -0.3617769895113954      0.0056887716018618       
0.1285978726037349       -0.8834104415461698      -0.8834104415461698      0.0056887716018618       
0.1285978726037349       -0.3617769895113954      -0.8834104415461698      0.0056887716018618       
-0.8440990319850991      0.6363127071299362       -0.9481146431597380      0.0025899850890538       
-0.8440990319850991      -0.8440990319850991      -0.9481146431597380      0.0025899850890538       
0.6363127071299363       -0.8440990319850991      -0.9481146431597380      0.0025899850890538       
0.6363127071299362       -0.9481146431597380      -0.8440990319850991      0.0025899850890538       
-0.8440990319850991      -0.9481146431597380      -0.8440990319850991      0.0025899850890538       
-0.8440990319850991      -0.9481146431597380      0.6363127071299363       0.0025899850890538       
-0.8440990319850991      0.6363127071299362       -0.8440990319850991      0.0025899850890538       
0.6363127071299363       -0.8440990319850991      -0.8440990319850991      0.0025899850890538       
-0.8440990319850991      -0.8440990319850991      0.6363127071299363       0.0025899850890538       
-0.9481146431597380      -0.8440990319850991      0.6363127071299362       0.0025899850890538       
-0.9481146431597380      -0.8440990319850991      -0.8440990319850991      0.0025899850890538       
-0.9481146431597380      0.6363127071299363       -0.8440990319850991      0.0025899850890538       
-0.6972983707509912      0.2871853031690842       -0.8925885616671017      0.0063652078883953       
-0.6972983707509912      -0.6972983707509912      -0.8925885616671017      0.0063652078883953       
0.2871853031690841       -0.6972983707509912      -0.8925885616671017      0.0063652078883953       
0.2871853031690842       -0.8925885616671017      -0.6972983707509912      0.0063652078883953       
-0.6972983707509912      -0.8925885616671017      -0.6972983707509912      0.0063652078883953       
-0.6972983707509912      -0.8925885616671017      0.2871853031690841       0.0063652078883953       
-0.6972983707509912      0.2871853031690842       -0.6972983707509912      0.0063652078883953       
0.2871853031690841       -0.6972983707509912      -0.6972983707509912      0.0063652078883953       
-0.6972983707509912      -0.6972983707509912      0.2871853031690841       0.0063652078883953       
-0.8925885616671017      -0.6972983707509912      0.2871853031690842       0.0063652078883953       
-0.8925885616671017      -0.6972983707509912      -0.6972983707509912      0.0063652078883953       
-0.8925885616671017      0.2871853031690841       -0.6972983707509912      0.0063652078883953       
-0.4867883812397512      -0.2258207720818155      -0.8006024654386821      0.0119506127718830       
-0.4867883812397512      -0.4867883812397513      -0.8006024654386822      0.0119506127718830       
-0.2258207720818155      -0.4867883812397513      -0.8006024654386822      0.0119506127718830       
-0.2258207720818155      -0.8006024654386821      -0.4867883812397512      0.0119506127718830       
-0.4867883812397513      -0.8006024654386822      -0.4867883812397512      0.0119506127718830       
-0.4867883812397513      -0.8006024654386822      -0.2258207720818155      0.0119506127718830       
-0.4867883812397512      -0.2258207720818155      -0.4867883812397512      0.0119506127718830       
-0.2258207720818155      -0.4867883812397513      -0.4867883812397512      0.0119506127718830       
-0.4867883812397512      -0.4867883812397513      -0.2258207720818155      0.0119506127718830       
-0.8006024654386821      -0.4867883812397512      -0.2258207720818155      0.0119506127718830       
-0.8006024654386822      -0.4867883812397512      -0.4867883812397513      0.0119506127718830       
-0.8006024654386822      -0.2258207720818155      -0.4867883812397513      0.0119506127718830       
-0.7614495131488954      -0.5404816679273248      0.0633806942251156       0.0115408501519579       
-0.7614495131488954      -0.7614495131488954      0.0633806942251156       0.0115408501519579       
-0.5404816679273248      -0.7614495131488954      0.0633806942251156       0.0115408501519579       
-0.5404816679273248      0.0633806942251156       -0.7614495131488954      0.0115408501519579       
-0.7614495131488954      0.0633806942251156       -0.7614495131488954      0.0115408501519579       
-0.7614495131488954      0.0633806942251156       -0.5404816679273248      0.0115408501519579       
-0.7614495131488954      -0.5404816679273248      -0.7614495131488954      0.0115408501519579       
-0.5404816679273248      -0.7614495131488954      -0.7614495131488954      0.0115408501519579       
-0.7614495131488954      -0.7614495131488954      -0.5404816679273248      0.0115408501519579       
0.0633806942251156       -0.7614495131488954      -0.5404816679273248      0.0115408501519579       
0.0633806942251156       -0.7614495131488954      -0.7614495131488954      0.0115408501519579       
0.0633806942251156       -0.5404816679273248      -0.7614495131488954      0.0115408501519579       
0.5191526612393307       -0.9850365487298858      -0.8627017726318695      0.0016608576495562       
-0.6714143398775754      -0.9850365487298858      -0.8627017726318695      0.0016608576495562       
-0.6714143398775754      0.5191526612393307       -0.8627017726318695      0.0016608576495562       
0.5191526612393307       -0.6714143398775754      -0.8627017726318695      0.0016608576495562       
-0.9850365487298858      -0.6714143398775754      -0.8627017726318695      0.0016608576495562       
-0.9850365487298858      0.5191526612393307       -0.8627017726318695      0.0016608576495562       
-0.9850365487298858      -0.8627017726318695      0.5191526612393307       0.0016608576495562       
-0.9850365487298858      -0.8627017726318695      -0.6714143398775754      0.0016608576495562       
0.5191526612393307       -0.8627017726318695      -0.6714143398775754      0.0016608576495562       
-0.6714143398775754      -0.8627017726318695      0.5191526612393307       0.0016608576495562       
-0.6714143398775754      -0.8627017726318695      -0.9850365487298858      0.0016608576495562       
0.5191526612393307       -0.8627017726318695      -0.9850365487298858      0.0016608576495562       
-0.6714143398775754      -0.9850365487298858      0.5191526612393307       0.0016608576495562       
0.5191526612393307       -0.9850365487298858      -0.6714143398775754      0.0016608576495562       
-0.9850365487298858      0.5191526612393307       -0.6714143398775754      0.0016608576495562       
-0.9850365487298858      -0.6714143398775754      0.5191526612393307       0.0016608576495562       
0.5191526612393307       -0.6714143398775754      -0.9850365487298858      0.0016608576495562       
-0.6714143398775754      0.5191526612393307       -0.9850365487298858      0.0016608576495562       
-0.8627017726318695      0.5191526612393307       -0.9850365487298858      0.0016608576495562       
-0.8627017726318695      -0.6714143398775754      -0.9850365487298858      0.0016608576495562       
-0.8627017726318695      -0.6714143398775754      0.5191526612393307       0.0016608576495562       
-0.8627017726318695      0.5191526612393307       -0.6714143398775754      0.0016608576495562       
-0.8627017726318695      -0.9850365487298858      -0.6714143398775754      0.0016608576495562       
-0.8627017726318695      -0.9850365487298858      0.5191526612393307       0.0016608576495562       
0.2693348834559824       -0.9871139744800774      -0.9383468485291560      0.0013375362731199       
-0.3438740604467490      -0.9871139744800774      -0.9383468485291560      0.0013375362731199       
-0.3438740604467490      0.2693348834559824       -0.9383468485291558      0.0013375362731199       
0.2693348834559824       -0.3438740604467490      -0.9383468485291560      0.0013375362731199       
-0.9871139744800774      -0.3438740604467490      -0.9383468485291560      0.0013375362731199       
-0.9871139744800774      0.2693348834559824       -0.9383468485291558      0.0013375362731199       
-0.9871139744800774      -0.9383468485291560      0.2693348834559824       0.0013375362731199       
-0.9871139744800774      -0.9383468485291560      -0.3438740604467490      0.0013375362731199       
0.2693348834559824       -0.9383468485291558      -0.3438740604467490      0.0013375362731199       
-0.3438740604467490      -0.9383468485291560      0.2693348834559824       0.0013375362731199       
-0.3438740604467490      -0.9383468485291560      -0.9871139744800774      0.0013375362731199       
0.2693348834559824       -0.9383468485291558      -0.9871139744800774      0.0013375362731199       
-0.3438740604467490      -0.9871139744800774      0.2693348834559824       0.0013375362731199       
0.2693348834559824       -0.9871139744800774      -0.3438740604467490      0.0013375362731199       
-0.9871139744800774      0.2693348834559824       -0.3438740604467490      0.0013375362731199       
-0.9871139744800774      -0.3438740604467490      0.2693348834559824       0.0013375362731199       
0.2693348834559824       -0.3438740604467490      -0.9871139744800774      0.0013375362731199       
-0.3438740604467490      0.2693348834559824       -0.9871139744800774      0.0013375362731199       
-0.9383468485291560      0.2693348834559824       -0.9871139744800774      0.0013375362731199       
-0.9383468485291560      -0.3438740604467490      -0.9871139744800774      0.0013375362731199       
-0.9383468485291558      -0.3438740604467490      0.2693348834559824       0.0013375362731199       
-0.9383468485291560      0.2693348834559824       -0.3438740604467490      0.0013375362731199       
-0.9383468485291560      -0.9871139744800774      -0.3438740604467490      0.0013375362731199       
-0.9383468485291558      -0.9871139744800774      0.2693348834559824       0.0013375362731199       
0.1870150529738566       -0.9747139073239326      -0.7869611296025807      0.0035036610065701       
-0.4253400160473433      -0.9747139073239326      -0.7869611296025807      0.0035036610065701       
-0.4253400160473433      0.1870150529738566       -0.7869611296025807      0.0035036610065701       
0.1870150529738566       -0.4253400160473433      -0.7869611296025807      0.0035036610065701       
-0.9747139073239326      -0.4253400160473433      -0.7869611296025807      0.0035036610065701       
-0.9747139073239326      0.1870150529738566       -0.7869611296025807      0.0035036610065701       
-0.9747139073239326      -0.7869611296025807      0.1870150529738566       0.0035036610065701       
-0.9747139073239326      -0.7869611296025807      -0.4253400160473433      0.0035036610065701       
0.1870150529738566       -0.7869611296025807      -0.4253400160473433      0.0035036610065701       
-0.4253400160473433      -0.7869611296025807      0.1870150529738566       0.0035036610065701       
-0.4253400160473433      -0.7869611296025807      -0.9747139073239326      0.0035036610065701       
0.1870150529738566       -0.7869611296025807      -0.9747139073239326      0.0035036610065701       
-0.4253400160473433      -0.9747139073239326      0.1870150529738566       0.0035036610065701       
0.1870150529738566       -0.9747139073239326      -0.4253400160473433      0.0035036610065701       
-0.9747139073239326      0.1870150529738566       -0.4253400160473433      0.0035036610065701       
-0.9747139073239326      -0.4253400160473433      0.1870150529738566       0.0035036610065701       
0.1870150529738566       -0.4253400160473433      -0.9747139073239326      0.0035036610065701       
-0.4253400160473433      0.1870150529738566       -0.9747139073239326      0.0035036610065701       
-0.7869611296025807      0.1870150529738566       -0.9747139073239326      0.0035036610065701       
-0.7869611296025807      -0.4253400160473433      -0.9747139073239326      0.0035036610065701       
-0.7869611296025807      -0.4253400160473433      0.1870150529738566       0.0035036610065701       
-0.7869611296025807      0.1870150529738566       -0.4253400160473433      0.0035036610065701       
-0.7869611296025807      -0.9747139073239326      -0.4253400160473433      0.0035036610065701       
-0.7869611296025807      -0.9747139073239326      0.1870150529738566       0.0035036610065701       
-0.0091928493959880      -0.9138987354630362      -0.6445263150449783      0.0070904043935357       
-0.4323821000959974      -0.9138987354630362      -0.6445263150449783      0.0070904043935357       
-0.4323821000959974      -0.0091928493959880      -0.6445263150449783      0.0070904043935357       
-0.0091928493959880      -0.4323821000959974      -0.6445263150449785      0.0070904043935357       
-0.9138987354630362      -0.4323821000959974      -0.6445263150449785      0.0070904043935357       
-0.9138987354630362      -0.0091928493959880      -0.6445263150449783      0.0070904043935357       
-0.9138987354630362      -0.6445263150449783      -0.0091928493959880      0.0070904043935357       
-0.9138987354630362      -0.6445263150449783      -0.4323821000959974      0.0070904043935357       
-0.0091928493959880      -0.6445263150449783      -0.4323821000959974      0.0070904043935357       
-0.4323821000959974      -0.6445263150449785      -0.0091928493959880      0.0070904043935357       
-0.4323821000959974      -0.6445263150449785      -0.9138987354630362      0.0070904043935357       
-0.0091928493959880      -0.6445263150449783      -0.9138987354630362      0.0070904043935357       
-0.4323821000959974      -0.9138987354630362      -0.0091928493959880      0.0070904043935357       
-0.0091928493959880      -0.9138987354630362      -0.4323821000959974      0.0070904043935357       
-0.9138987354630362      -0.0091928493959880      -0.4323821000959974      0.0070904043935357       
-0.9138987354630362      -0.4323821000959974      -0.0091928493959880      0.0070904043935357       
-0.0091928493959880      -0.4323821000959974      -0.9138987354630362      0.0070904043935357       
-0.4323821000959974      -0.0091928493959880      -0.9138987354630362      0.0070904043935357       
-0.6445263150449783      -0.0091928493959880      -0.9138987354630362      0.0070904043935357       
-0.6445263150449783      -0.4323821000959974      -0.9138987354630362      0.0070904043935357       
-0.6445263150449783      -0.4323821000959974      -0.0091928493959880      0.0070904043935357       
-0.6445263150449785      -0.0091928493959880      -0.4323821000959974      0.0070904043935357       
-0.6445263150449785      -0.9138987354630362      -0.4323821000959974      0.0070904043935357       
-0.6445263150449783      -0.9138987354630362      -0.0091928493959880      0.0070904043935357       
-0.5000000000000000      -0.5000000000000000      -0.5000000000000000      0.0203243722169351       
