centroid       numS31         numS22         numS211        numS1111       
false (1)      7 (4)          2 (6)          24 (12)        12 (24)        

x                        y                        z                        w                        
-0.9806394624467292      -0.9806394624467292      0.9419183873401880       0.0001201816801517       
-0.9806394624467292      0.9419183873401880       -0.9806394624467292      0.0001201816801517       
-0.9806394624467292      -0.9806394624467292      -0.9806394624467292      0.0001201816801517       
0.9419183873401880       -0.9806394624467292      -0.9806394624467292      0.0001201816801517       
-0.3547532683305288      -0.3547532683305288      -0.9357401950084134      0.0040403975059947       
-0.3547532683305288      -0.9357401950084134      -0.3547532683305288      0.0040403975059947       
-0.3547532683305288      -0.3547532683305288      -0.3547532683305288      0.0040403975059947       
-0.9357401950084134      -0.3547532683305288      -0.3547532683305288      0.0040403975059947       
-0.9047185380436318      -0.9047185380436318      0.7141556141308958       0.0013527632023001       
-0.9047185380436318      0.7141556141308958       -0.9047185380436320      0.0013527632023001       
-0.9047185380436318      -0.9047185380436318      -0.9047185380436318      0.0013527632023001       
0.7141556141308959       -0.9047185380436318      -0.9047185380436318      0.0013527632023001       
-0.8122462907578829      -0.8122462907578829      0.4367388722736487       0.0037459572789193       
-0.8122462907578829      0.4367388722736487       -0.8122462907578829      0.0037459572789193       
-0.8122462907578829      -0.8122462907578829      -0.8122462907578829      0.0037459572789193       
0.4367388722736487       -0.8122462907578829      -0.8122462907578829      0.0037459572789193       
-0.3959990865802811      -0.3959990865802811      -0.8120027402591568      0.0036955862874181       
-0.3959990865802811      -0.8120027402591568      -0.3959990865802811      0.0036955862874181       
-0.3959990865802811      -0.3959990865802811      -0.3959990865802811      0.0036955862874181       
-0.8120027402591568      -0.3959990865802811      -0.3959990865802811      0.0036955862874181       
-0.4500389893673456      -0.4500389893673456      -0.6498830318979634      0.0087159937359111       
-0.4500389893673456      -0.6498830318979634      -0.4500389893673456      0.0087159937359111       
-0.4500389893673456      -0.4500389893673456      -0.4500389893673456      0.0087159937359111       
-0.6498830318979634      -0.4500389893673456      -0.4500389893673456      0.0087159937359111       
-0.5947989491674209      -0.5947989491674209      -0.2156031524977371      0.0072711984016358       
-0.5947989491674209      -0.2156031524977371      -0.5947989491674210      0.0072711984016358       
-0.5947989491674209      -0.5947989491674209      -0.5947989491674209      0.0072711984016358       
-0.2156031524977371      -0.5947989491674209      -0.5947989491674209      0.0072711984016358       
-0.0666004609515879      -0.9333995390484120      -0.9333995390484122      0.0018892130790760       
-0.9333995390484120      -0.0666004609515879      -0.9333995390484122      0.0018892130790760       
-0.9333995390484122      -0.9333995390484122      -0.0666004609515878      0.0018892130790760       
-0.0666004609515879      -0.0666004609515879      -0.9333995390484122      0.0018892130790760       
-0.0666004609515879      -0.9333995390484122      -0.0666004609515878      0.0018892130790760       
-0.9333995390484122      -0.0666004609515879      -0.0666004609515878      0.0018892130790760       
-0.3278104162713846      -0.6721895837286154      -0.6721895837286154      0.0075669830169472       
-0.6721895837286154      -0.3278104162713846      -0.6721895837286154      0.0075669830169472       
-0.6721895837286154      -0.6721895837286154      -0.3278104162713846      0.0075669830169472       
-0.3278104162713846      -0.3278104162713846      -0.6721895837286154      0.0075669830169472       
-0.3278104162713846      -0.6721895837286154      -0.3278104162713846      0.0075669830169472       
-0.6721895837286154      -0.3278104162713846      -0.3278104162713846      0.0075669830169472       
-0.9962350866949228      -0.8906685643691641      0.8831387377590099       0.0000580722869123       
-0.9962350866949228      -0.9962350866949228      0.8831387377590099       0.0000580722869123       
-0.8906685643691641      -0.9962350866949228      0.8831387377590099       0.0000580722869123       
-0.8906685643691641      0.8831387377590099       -0.9962350866949228      0.0000580722869123       
-0.9962350866949228      0.8831387377590099       -0.9962350866949228      0.0000580722869123       
-0.9962350866949228      0.8831387377590099       -0.8906685643691641      0.0000580722869123       
-0.9962350866949228      -0.8906685643691641      -0.9962350866949228      0.0000580722869123       
-0.8906685643691641      -0.9962350866949228      -0.9962350866949228      0.0000580722869123       
-0.9962350866949228      -0.9962350866949228      -0.8906685643691641      0.0000580722869123       
0.8831387377590099       -0.9962350866949228      -0.8906685643691641      0.0000580722869123       
0.8831387377590099       -0.9962350866949228      -0.9962350866949228      0.0000580722869123       
0.8831387377590099       -0.8906685643691641      -0.9962350866949228      0.0000580722869123       
-0.9931163501260912      -0.6717306739643922      0.6579633742165747       0.0001403844558220       
-0.9931163501260912      -0.9931163501260912      0.6579633742165747       0.0001403844558220       
-0.6717306739643922      -0.9931163501260912      0.6579633742165747       0.0001403844558220       
-0.6717306739643922      0.6579633742165747       -0.9931163501260912      0.0001403844558220       
-0.9931163501260912      0.6579633742165747       -0.9931163501260912      0.0001403844558220       
-0.9931163501260912      0.6579633742165747       -0.6717306739643922      0.0001403844558220       
-0.9931163501260912      -0.6717306739643922      -0.9931163501260912      0.0001403844558220       
-0.6717306739643922      -0.9931163501260912      -0.9931163501260912      0.0001403844558220       
-0.9931163501260912      -0.9931163501260912      -0.6717306739643922      0.0001403844558220       
0.6579633742165747       -0.9931163501260912      -0.6717306739643922      0.0001403844558220       
0.6579633742165747       -0.9931163501260912      -0.9931163501260912      0.0001403844558220       
0.6579633742165747       -0.6717306739643922      -0.9931163501260912      0.0001403844558220       
-0.9831340298202766      -0.1678337784825656      0.1341018381231187       0.0005388965722241       
-0.9831340298202766      -0.9831340298202766      0.1341018381231187       0.0005388965722241       
-0.1678337784825656      -0.9831340298202766      0.1341018381231187       0.0005388965722241       
-0.1678337784825656      0.1341018381231187       -0.9831340298202766      0.0005388965722241       
-0.9831340298202766      0.1341018381231187       -0.9831340298202766      0.0005388965722241       
-0.9831340298202766      0.1341018381231187       -0.1678337784825656      0.0005388965722241       
-0.9831340298202766      -0.1678337784825656      -0.9831340298202766      0.0005388965722241       
-0.1678337784825656      -0.9831340298202766      -0.9831340298202766      0.0005388965722241       
-0.9831340298202766      -0.9831340298202766      -0.1678337784825656      0.0005388965722241       
0.1341018381231187       -0.9831340298202766      -0.1678337784825656      0.0005388965722241       
0.1341018381231187       -0.9831340298202766      -0.9831340298202766      0.0005388965722241       
0.1341018381231187       -0.1678337784825656      -0.9831340298202766      0.0005388965722241       
-0.9273916481693034      0.8394621154430342       -0.9846788191044276      0.0003773868077285       
-0.9273916481693034      -0.9273916481693034      -0.9846788191044276      0.0003773868077285       
0.8394621154430341       -0.9273916481693034      -0.9846788191044276      0.0003773868077285       
0.8394621154430342       -0.9846788191044276      -0.9273916481693034      0.0003773868077285       
-0.9273916481693034      -0.9846788191044276      -0.9273916481693034      0.0003773868077285       
-0.9273916481693034      -0.9846788191044276      0.8394621154430341       0.0003773868077285       
-0.9273916481693034      0.8394621154430342       -0.9273916481693034      0.0003773868077285       
0.8394621154430341       -0.9273916481693034      -0.9273916481693034      0.0003773868077285       
-0.9273916481693034      -0.9273916481693034      0.8394621154430341       0.0003773868077285       
-0.9846788191044276      -0.9273916481693034      0.8394621154430342       0.0003773868077285       
-0.9846788191044276      -0.9273916481693034      -0.9273916481693034      0.0003773868077285       
-0.9846788191044276      0.8394621154430341       -0.9273916481693034      0.0003773868077285       
-0.0446829956014432      -0.9179010638705862      -0.9927329449265274      0.0006063437093714       
-0.0446829956014432      -0.0446829956014432      -0.9927329449265276      0.0006063437093714       
-0.9179010638705862      -0.0446829956014432      -0.9927329449265276      0.0006063437093714       
-0.9179010638705862      -0.9927329449265274      -0.0446829956014432      0.0006063437093714       
-0.0446829956014432      -0.9927329449265276      -0.0446829956014432      0.0006063437093714       
-0.0446829956014432      -0.9927329449265276      -0.9179010638705862      0.0006063437093714       
-0.0446829956014432      -0.9179010638705862      -0.0446829956014432      0.0006063437093714       
-0.9179010638705862      -0.0446829956014432      -0.0446829956014432      0.0006063437093714       
-0.0446829956014432      -0.0446829956014432      -0.9179010638705862      0.0006063437093714       
-0.9927329449265274      -0.0446829956014432      -0.9179010638705862      0.0006063437093714       
-0.9927329449265276      -0.0446829956014432      -0.0446829956014432      0.0006063437093714       
-0.9927329449265276      -0.9179010638705862      -0.0446829956014432      0.0006063437093714       
-0.8317517942252847      0.6403436719201394       -0.9768400834695700      0.0011134411875520       
-0.8317517942252847      -0.8317517942252847      -0.9768400834695700      0.0011134411875520       
0.6403436719201395       -0.8317517942252847      -0.9768400834695700      0.0011134411875520       
0.6403436719201394       -0.9768400834695700      -0.8317517942252847      0.0011134411875520       
-0.8317517942252847      -0.9768400834695700      -0.8317517942252847      0.0011134411875520       
-0.8317517942252847      -0.9768400834695700      0.6403436719201395       0.0011134411875520       
-0.8317517942252847      0.6403436719201394       -0.8317517942252847      0.0011134411875520       
0.6403436719201395       -0.8317517942252847      -0.8317517942252847      0.0011134411875520       
-0.8317517942252847      -0.8317517942252847      0.6403436719201395       0.0011134411875520       
-0.9768400834695700      -0.8317517942252847      0.6403436719201394       0.0011134411875520       
-0.9768400834695700      -0.8317517942252847      -0.8317517942252847      0.0011134411875520       
-0.9768400834695700      0.6403436719201395       -0.8317517942252847      0.0011134411875520       
-0.7132040566954395      0.4215497537702582       -0.9951416403793792      0.0007595624562521       
-0.7132040566954394      -0.7132040566954396      -0.9951416403793792      0.0007595624562521       
0.4215497537702581       -0.7132040566954396      -0.9951416403793792      0.0007595624562521       
0.4215497537702582       -0.9951416403793792      -0.7132040566954395      0.0007595624562521       
-0.7132040566954396      -0.9951416403793792      -0.7132040566954394      0.0007595624562521       
-0.7132040566954396      -0.9951416403793792      0.4215497537702581       0.0007595624562521       
-0.7132040566954395      0.4215497537702582       -0.7132040566954395      0.0007595624562521       
0.4215497537702581       -0.7132040566954396      -0.7132040566954394      0.0007595624562521       
-0.7132040566954394      -0.7132040566954396      0.4215497537702581       0.0007595624562521       
-0.9951416403793792      -0.7132040566954395      0.4215497537702582       0.0007595624562521       
-0.9951416403793792      -0.7132040566954394      -0.7132040566954396      0.0007595624562521       
-0.9951416403793792      0.4215497537702581       -0.7132040566954396      0.0007595624562521       
-0.1136567492300121      -0.7895952148413916      -0.9830912866985843      0.0012260420571277       
-0.1136567492300121      -0.1136567492300121      -0.9830912866985843      0.0012260420571277       
-0.7895952148413915      -0.1136567492300121      -0.9830912866985843      0.0012260420571277       
-0.7895952148413916      -0.9830912866985843      -0.1136567492300121      0.0012260420571277       
-0.1136567492300121      -0.9830912866985843      -0.1136567492300121      0.0012260420571277       
-0.1136567492300121      -0.9830912866985843      -0.7895952148413915      0.0012260420571277       
-0.1136567492300121      -0.7895952148413916      -0.1136567492300121      0.0012260420571277       
-0.7895952148413915      -0.1136567492300121      -0.1136567492300121      0.0012260420571277       
-0.1136567492300121      -0.1136567492300121      -0.7895952148413915      0.0012260420571277       
-0.9830912866985843      -0.1136567492300121      -0.7895952148413916      0.0012260420571277       
-0.9830912866985843      -0.1136567492300121      -0.1136567492300121      0.0012260420571277       
-0.9830912866985843      -0.7895952148413915      -0.1136567492300121      0.0012260420571277       
-0.5054605438143120      -0.0011510406773714      -0.9879278716940044      0.0016371390740854       
-0.5054605438143120      -0.5054605438143119      -0.9879278716940044      0.0016371390740854       
-0.0011510406773714      -0.5054605438143119      -0.9879278716940044      0.0016371390740854       
-0.0011510406773714      -0.9879278716940044      -0.5054605438143120      0.0016371390740854       
-0.5054605438143119      -0.9879278716940044      -0.5054605438143120      0.0016371390740854       
-0.5054605438143119      -0.9879278716940044      -0.0011510406773714      0.0016371390740854       
-0.5054605438143120      -0.0011510406773714      -0.5054605438143120      0.0016371390740854       
-0.0011510406773714      -0.5054605438143119      -0.5054605438143120      0.0016371390740854       
-0.5054605438143120      -0.5054605438143119      -0.0011510406773714      0.0016371390740854       
-0.9879278716940044      -0.5054605438143120      -0.0011510406773714      0.0016371390740854       
-0.9879278716940044      -0.5054605438143120      -0.5054605438143119      0.0016371390740854       
-0.9879278716940044      -0.0011510406773714      -0.5054605438143119      0.0016371390740854       
-0.2569592246006538      -0.4981349726908619      -0.9879465781078304      0.0018820778002165       
-0.2569592246006538      -0.2569592246006538      -0.9879465781078304      0.0018820778002165       
-0.4981349726908619      -0.2569592246006538      -0.9879465781078304      0.0018820778002165       
-0.4981349726908619      -0.9879465781078304      -0.2569592246006538      0.0018820778002165       
-0.2569592246006538      -0.9879465781078304      -0.2569592246006538      0.0018820778002165       
-0.2569592246006538      -0.9879465781078304      -0.4981349726908619      0.0018820778002165       
-0.2569592246006538      -0.4981349726908619      -0.2569592246006538      0.0018820778002165       
-0.4981349726908619      -0.2569592246006538      -0.2569592246006538      0.0018820778002165       
-0.2569592246006538      -0.2569592246006538      -0.4981349726908619      0.0018820778002165       
-0.9879465781078304      -0.2569592246006538      -0.4981349726908619      0.0018820778002165       
-0.9879465781078304      -0.2569592246006538      -0.2569592246006538      0.0018820778002165       
-0.9879465781078304      -0.4981349726908619      -0.2569592246006538      0.0018820778002165       
-0.9062514712237760      -0.7592152114670245      0.5717181539145764       0.0019433457618239       
-0.9062514712237760      -0.9062514712237760      0.5717181539145764       0.0019433457618239       
-0.7592152114670245      -0.9062514712237760      0.5717181539145764       0.0019433457618239       
-0.7592152114670245      0.5717181539145764       -0.9062514712237760      0.0019433457618239       
-0.9062514712237760      0.5717181539145764       -0.9062514712237760      0.0019433457618239       
-0.9062514712237760      0.5717181539145764       -0.7592152114670245      0.0019433457618239       
-0.9062514712237760      -0.7592152114670245      -0.9062514712237760      0.0019433457618239       
-0.7592152114670245      -0.9062514712237760      -0.9062514712237760      0.0019433457618239       
-0.9062514712237760      -0.9062514712237760      -0.7592152114670245      0.0019433457618239       
0.5717181539145764       -0.9062514712237760      -0.7592152114670245      0.0019433457618239       
0.5717181539145764       -0.9062514712237760      -0.9062514712237760      0.0019433457618239       
0.5717181539145764       -0.7592152114670245      -0.9062514712237760      0.0019433457618239       
-0.9591084708867654      -0.6167907609094490      0.5350077026829798       0.0010185138473143       
-0.9591084708867654      -0.9591084708867654      0.5350077026829798       0.0010185138473143       
-0.6167907609094490      -0.9591084708867654      0.5350077026829798       0.0010185138473143       
-0.6167907609094490      0.5350077026829798       -0.9591084708867654      0.0010185138473143       
-0.9591084708867654      0.5350077026829798       -0.9591084708867654      0.0010185138473143       
-0.9591084708867654      0.5350077026829798       -0.6167907609094490      0.0010185138473143       
-0.9591084708867654      -0.6167907609094490      -0.9591084708867654      0.0010185138473143       
-0.6167907609094490      -0.9591084708867654      -0.9591084708867654      0.0010185138473143       
-0.9591084708867654      -0.9591084708867654      -0.6167907609094490      0.0010185138473143       
0.5350077026829798       -0.9591084708867654      -0.6167907609094490      0.0010185138473143       
0.5350077026829798       -0.9591084708867654      -0.9591084708867654      0.0010185138473143       
0.5350077026829798       -0.6167907609094490      -0.9591084708867654      0.0010185138473143       
-0.9161617285000756      -0.5018142408235795      0.3341376978237307       0.0018142679118303       
-0.9161617285000756      -0.9161617285000756      0.3341376978237307       0.0018142679118303       
-0.5018142408235795      -0.9161617285000756      0.3341376978237307       0.0018142679118303       
-0.5018142408235795      0.3341376978237307       -0.9161617285000756      0.0018142679118303       
-0.9161617285000756      0.3341376978237307       -0.9161617285000756      0.0018142679118303       
-0.9161617285000756      0.3341376978237307       -0.5018142408235795      0.0018142679118303       
-0.9161617285000756      -0.5018142408235795      -0.9161617285000756      0.0018142679118303       
-0.5018142408235795      -0.9161617285000756      -0.9161617285000756      0.0018142679118303       
-0.9161617285000756      -0.9161617285000756      -0.5018142408235795      0.0018142679118303       
0.3341376978237307       -0.9161617285000756      -0.5018142408235795      0.0018142679118303       
0.3341376978237307       -0.9161617285000756      -0.9161617285000756      0.0018142679118303       
0.3341376978237307       -0.5018142408235795      -0.9161617285000756      0.0018142679118303       
-0.9453542644752198      -0.3240011100628228      0.2147096390132624       0.0013775314761914       
-0.9453542644752198      -0.9453542644752198      0.2147096390132624       0.0013775314761914       
-0.3240011100628228      -0.9453542644752198      0.2147096390132624       0.0013775314761914       
-0.3240011100628228      0.2147096390132624       -0.9453542644752198      0.0013775314761914       
-0.9453542644752198      0.2147096390132624       -0.9453542644752198      0.0013775314761914       
-0.9453542644752198      0.2147096390132624       -0.3240011100628228      0.0013775314761914       
-0.9453542644752198      -0.3240011100628228      -0.9453542644752198      0.0013775314761914       
-0.3240011100628228      -0.9453542644752198      -0.9453542644752198      0.0013775314761914       
-0.9453542644752198      -0.9453542644752198      -0.3240011100628228      0.0013775314761914       
0.2147096390132624       -0.9453542644752198      -0.3240011100628228      0.0013775314761914       
0.2147096390132624       -0.9453542644752198      -0.9453542644752198      0.0013775314761914       
0.2147096390132624       -0.3240011100628228      -0.9453542644752198      0.0013775314761914       
-0.6186596262171969      0.1926044803187512       -0.9552852278843574      0.0029025092929367       
-0.6186596262171969      -0.6186596262171969      -0.9552852278843574      0.0029025092929367       
0.1926044803187512       -0.6186596262171969      -0.9552852278843574      0.0029025092929367       
0.1926044803187512       -0.9552852278843574      -0.6186596262171969      0.0029025092929367       
-0.6186596262171969      -0.9552852278843574      -0.6186596262171969      0.0029025092929367       
-0.6186596262171969      -0.9552852278843574      0.1926044803187512       0.0029025092929367       
-0.6186596262171969      0.1926044803187512       -0.6186596262171969      0.0029025092929367       
0.1926044803187512       -0.6186596262171969      -0.6186596262171969      0.0029025092929367       
-0.6186596262171969      -0.6186596262171969      0.1926044803187512       0.0029025092929367       
-0.9552852278843574      -0.6186596262171969      0.1926044803187512       0.0029025092929367       
-0.9552852278843574      -0.6186596262171969      -0.6186596262171969      0.0029025092929367       
-0.9552852278843574      0.1926044803187512       -0.6186596262171969      0.0029025092929367       
-0.1921378424367084      -0.7508609226866516      -0.8648633924399316      0.0045124910395567       
-0.1921378424367084      -0.1921378424367084      -0.8648633924399316      0.0045124910395567       
-0.7508609226866516      -0.1921378424367084      -0.8648633924399316      0.0045124910395567       
-0.7508609226866516      -0.8648633924399316      -0.1921378424367084      0.0045124910395567       
-0.1921378424367084      -0.8648633924399316      -0.1921378424367084      0.0045124910395567       
-0.1921378424367084      -0.8648633924399316      -0.7508609226866516      0.0045124910395567       
-0.1921378424367084      -0.7508609226866516      -0.1921378424367084      0.0045124910395567       
-0.7508609226866516      -0.1921378424367084      -0.1921378424367084      0.0045124910395567       
-0.1921378424367084      -0.1921378424367084      -0.7508609226866516      0.0045124910395567       
-0.8648633924399316      -0.1921378424367084      -0.7508609226866516      0.0045124910395567       
-0.8648633924399316      -0.1921378424367084      -0.1921378424367084      0.0045124910395567       
-0.8648633924399316      -0.7508609226866516      -0.1921378424367084      0.0045124910395567       
-0.4749389954405456      -0.1244916687144268      -0.9256303404044818      0.0036322680741518       
-0.4749389954405456      -0.4749389954405457      -0.9256303404044820      0.0036322680741518       
-0.1244916687144268      -0.4749389954405457      -0.9256303404044820      0.0036322680741518       
-0.1244916687144268      -0.9256303404044818      -0.4749389954405456      0.0036322680741518       
-0.4749389954405457      -0.9256303404044820      -0.4749389954405456      0.0036322680741518       
-0.4749389954405457      -0.9256303404044820      -0.1244916687144268      0.0036322680741518       
-0.4749389954405456      -0.1244916687144268      -0.4749389954405456      0.0036322680741518       
-0.1244916687144268      -0.4749389954405457      -0.4749389954405456      0.0036322680741518       
-0.4749389954405456      -0.4749389954405457      -0.1244916687144268      0.0036322680741518       
-0.9256303404044818      -0.4749389954405456      -0.1244916687144268      0.0036322680741518       
-0.9256303404044820      -0.4749389954405456      -0.4749389954405457      0.0036322680741518       
-0.9256303404044820      -0.1244916687144268      -0.4749389954405457      0.0036322680741518       
-0.8377977370762161      -0.5830113715612204      0.2586068457136526       0.0035505533479234       
-0.8377977370762161      -0.8377977370762161      0.2586068457136526       0.0035505533479234       
-0.5830113715612204      -0.8377977370762161      0.2586068457136526       0.0035505533479234       
-0.5830113715612204      0.2586068457136526       -0.8377977370762161      0.0035505533479234       
-0.8377977370762161      0.2586068457136526       -0.8377977370762161      0.0035505533479234       
-0.8377977370762161      0.2586068457136526       -0.5830113715612204      0.0035505533479234       
-0.8377977370762161      -0.5830113715612204      -0.8377977370762161      0.0035505533479234       
-0.5830113715612204      -0.8377977370762161      -0.8377977370762161      0.0035505533479234       
-0.8377977370762161      -0.8377977370762161      -0.5830113715612204      0.0035505533479234       
0.2586068457136526       -0.8377977370762161      -0.5830113715612204      0.0035505533479234       
0.2586068457136526       -0.8377977370762161      -0.8377977370762161      0.0035505533479234       
0.2586068457136526       -0.5830113715612204      -0.8377977370762161      0.0035505533479234       
-0.8526490037084681      -0.3678771810482504      0.0731751884651866       0.0028827940421014       
-0.8526490037084681      -0.8526490037084681      0.0731751884651866       0.0028827940421014       
-0.3678771810482504      -0.8526490037084681      0.0731751884651866       0.0028827940421014       
-0.3678771810482504      0.0731751884651866       -0.8526490037084681      0.0028827940421014       
-0.8526490037084681      0.0731751884651866       -0.8526490037084681      0.0028827940421014       
-0.8526490037084681      0.0731751884651866       -0.3678771810482504      0.0028827940421014       
-0.8526490037084681      -0.3678771810482504      -0.8526490037084681      0.0028827940421014       
-0.3678771810482504      -0.8526490037084681      -0.8526490037084681      0.0028827940421014       
-0.8526490037084681      -0.8526490037084681      -0.3678771810482504      0.0028827940421014       
0.0731751884651866       -0.8526490037084681      -0.3678771810482504      0.0028827940421014       
0.0731751884651866       -0.8526490037084681      -0.8526490037084681      0.0028827940421014       
0.0731751884651866       -0.3678771810482504      -0.8526490037084681      0.0028827940421014       
-0.6922253798534330      0.2347747040196164       -0.8503239443127505      0.0039481904665408       
-0.6922253798534330      -0.6922253798534330      -0.8503239443127504      0.0039481904665408       
0.2347747040196165       -0.6922253798534330      -0.8503239443127504      0.0039481904665408       
0.2347747040196164       -0.8503239443127505      -0.6922253798534330      0.0039481904665408       
-0.6922253798534330      -0.8503239443127504      -0.6922253798534330      0.0039481904665408       
-0.6922253798534330      -0.8503239443127504      0.2347747040196165       0.0039481904665408       
-0.6922253798534330      0.2347747040196164       -0.6922253798534330      0.0039481904665408       
0.2347747040196165       -0.6922253798534330      -0.6922253798534330      0.0039481904665408       
-0.6922253798534330      -0.6922253798534330      0.2347747040196165       0.0039481904665408       
-0.8503239443127505      -0.6922253798534330      0.2347747040196164       0.0039481904665408       
-0.8503239443127504      -0.6922253798534330      -0.6922253798534330      0.0039481904665408       
-0.8503239443127504      0.2347747040196165       -0.6922253798534330      0.0039481904665408       
-0.2936745436455594      -0.5691677072368315      -0.8434832054720498      0.0057392181007543       
-0.2936745436455594      -0.2936745436455594      -0.8434832054720499      0.0057392181007543       
-0.5691677072368315      -0.2936745436455594      -0.8434832054720499      0.0057392181007543       
-0.5691677072368315      -0.8434832054720498      -0.2936745436455594      0.0057392181007543       
-0.2936745436455594      -0.8434832054720499      -0.2936745436455594      0.0057392181007543       
-0.2936745436455594      -0.8434832054720499      -0.5691677072368315      0.0057392181007543       
-0.2936745436455594      -0.5691677072368315      -0.2936745436455594      0.0057392181007543       
-0.5691677072368315      -0.2936745436455594      -0.2936745436455594      0.0057392181007543       
-0.2936745436455594      -0.2936745436455594      -0.5691677072368315      0.0057392181007543       
-0.8434832054720498      -0.2936745436455594      -0.5691677072368315      0.0057392181007543       
-0.8434832054720499      -0.2936745436455594      -0.2936745436455594      0.0057392181007543       
-0.8434832054720499      -0.5691677072368315      -0.2936745436455594      0.0057392181007543       
-0.7225559294741762      -0.6065070282637064      0.0516188872120589       0.0037985430208003       
-0.7225559294741762      -0.7225559294741762      0.0516188872120589       0.0037985430208003       
-0.6065070282637064      -0.7225559294741762      0.0516188872120589       0.0037985430208003       
-0.6065070282637064      0.0516188872120589       -0.7225559294741762      0.0037985430208003       
-0.7225559294741762      0.0516188872120589       -0.7225559294741762      0.0037985430208003       
-0.7225559294741762      0.0516188872120589       -0.6065070282637064      0.0037985430208003       
-0.7225559294741762      -0.6065070282637064      -0.7225559294741762      0.0037985430208003       
-0.6065070282637064      -0.7225559294741762      -0.7225559294741762      0.0037985430208003       
-0.7225559294741762      -0.7225559294741762      -0.6065070282637064      0.0037985430208003       
0.0516188872120589       -0.7225559294741762      -0.6065070282637064      0.0037985430208003       
0.0516188872120589       -0.7225559294741762      -0.7225559294741762      0.0037985430208003       
0.0516188872120589       -0.6065070282637064      -0.7225559294741762      0.0037985430208003       
-0.7513512051422713      -0.4108581280270988      -0.0864394616883586      0.0052530514694425       
-0.7513512051422713      -0.7513512051422713      -0.0864394616883586      0.0052530514694425       
-0.4108581280270988      -0.7513512051422713      -0.0864394616883586      0.0052530514694425       
-0.4108581280270988      -0.0864394616883586      -0.7513512051422713      0.0052530514694425       
-0.7513512051422713      -0.0864394616883586      -0.7513512051422713      0.0052530514694425       
-0.7513512051422713      -0.0864394616883586      -0.4108581280270988      0.0052530514694425       
-0.7513512051422713      -0.4108581280270988      -0.7513512051422713      0.0052530514694425       
-0.4108581280270988      -0.7513512051422713      -0.7513512051422713      0.0052530514694425       
-0.7513512051422713      -0.7513512051422713      -0.4108581280270988      0.0052530514694425       
-0.0864394616883586      -0.7513512051422713      -0.4108581280270988      0.0052530514694425       
-0.0864394616883586      -0.7513512051422713      -0.7513512051422713      0.0052530514694425       
-0.0864394616883586      -0.4108581280270988      -0.7513512051422713      0.0052530514694425       
-0.5298040344602848      -0.1698818370007281      -0.7705100940787023      0.0065021719818995       
-0.5298040344602848      -0.5298040344602847      -0.7705100940787023      0.0065021719818995       
-0.1698818370007281      -0.5298040344602847      -0.7705100940787023      0.0065021719818995       
-0.1698818370007281      -0.7705100940787023      -0.5298040344602848      0.0065021719818995       
-0.5298040344602847      -0.7705100940787023      -0.5298040344602848      0.0065021719818995       
-0.5298040344602847      -0.7705100940787023      -0.1698818370007281      0.0065021719818995       
-0.5298040344602848      -0.1698818370007281      -0.5298040344602848      0.0065021719818995       
-0.1698818370007281      -0.5298040344602847      -0.5298040344602848      0.0065021719818995       
-0.5298040344602848      -0.5298040344602847      -0.1698818370007281      0.0065021719818995       
-0.7705100940787023      -0.5298040344602848      -0.1698818370007281      0.0065021719818995       
-0.7705100940787023      -0.5298040344602848      -0.5298040344602847      0.0065021719818995       
-0.7705100940787023      -0.1698818370007281      -0.5298040344602847      0.0065021719818995       
0.7416295208498711       -0.9833197970274978      -0.9481496836120248      0.0004472887576999       
-0.8101600402103484      -0.9833197970274978      -0.9481496836120248      0.0004472887576999       
-0.8101600402103484      0.7416295208498710       -0.9481496836120250      0.0004472887576999       
0.7416295208498711       -0.8101600402103484      -0.9481496836120248      0.0004472887576999       
-0.9833197970274978      -0.8101600402103484      -0.9481496836120248      0.0004472887576999       
-0.9833197970274978      0.7416295208498710       -0.9481496836120250      0.0004472887576999       
-0.9833197970274978      -0.9481496836120248      0.7416295208498711       0.0004472887576999       
-0.9833197970274978      -0.9481496836120248      -0.8101600402103484      0.0004472887576999       
0.7416295208498710       -0.9481496836120250      -0.8101600402103484      0.0004472887576999       
-0.8101600402103484      -0.9481496836120248      0.7416295208498711       0.0004472887576999       
-0.8101600402103484      -0.9481496836120248      -0.9833197970274978      0.0004472887576999       
0.7416295208498710       -0.9481496836120250      -0.9833197970274978      0.0004472887576999       
-0.8101600402103484      -0.9833197970274978      0.7416295208498711       0.0004472887576999       
0.7416295208498711       -0.9833197970274978      -0.8101600402103484      0.0004472887576999       
-0.9833197970274978      0.7416295208498710       -0.8101600402103484      0.0004472887576999       
-0.9833197970274978      -0.8101600402103484      0.7416295208498711       0.0004472887576999       
0.7416295208498711       -0.8101600402103484      -0.9833197970274978      0.0004472887576999       
-0.8101600402103484      0.7416295208498710       -0.9833197970274978      0.0004472887576999       
-0.9481496836120248      0.7416295208498711       -0.9833197970274978      0.0004472887576999       
-0.9481496836120248      -0.8101600402103484      -0.9833197970274978      0.0004472887576999       
-0.9481496836120250      -0.8101600402103484      0.7416295208498710       0.0004472887576999       
-0.9481496836120248      0.7416295208498711       -0.8101600402103484      0.0004472887576999       
-0.9481496836120248      -0.9833197970274978      -0.8101600402103484      0.0004472887576999       
-0.9481496836120250      -0.9833197970274978      0.7416295208498710       0.0004472887576999       
0.5718873658136947       -0.9936254571594197      -0.8951014815962142      0.0004760589535793       
-0.6831604270580607      -0.9936254571594197      -0.8951014815962142      0.0004760589535793       
-0.6831604270580607      0.5718873658136948       -0.8951014815962141      0.0004760589535793       
0.5718873658136947       -0.6831604270580607      -0.8951014815962142      0.0004760589535793       
-0.9936254571594197      -0.6831604270580607      -0.8951014815962142      0.0004760589535793       
-0.9936254571594197      0.5718873658136948       -0.8951014815962141      0.0004760589535793       
-0.9936254571594197      -0.8951014815962142      0.5718873658136947       0.0004760589535793       
-0.9936254571594197      -0.8951014815962142      -0.6831604270580607      0.0004760589535793       
0.5718873658136948       -0.8951014815962141      -0.6831604270580607      0.0004760589535793       
-0.6831604270580607      -0.8951014815962142      0.5718873658136947       0.0004760589535793       
-0.6831604270580607      -0.8951014815962142      -0.9936254571594197      0.0004760589535793       
0.5718873658136948       -0.8951014815962141      -0.9936254571594197      0.0004760589535793       
-0.6831604270580607      -0.9936254571594197      0.5718873658136947       0.0004760589535793       
0.5718873658136947       -0.9936254571594197      -0.6831604270580607      0.0004760589535793       
-0.9936254571594197      0.5718873658136948       -0.6831604270580607      0.0004760589535793       
-0.9936254571594197      -0.6831604270580607      0.5718873658136947       0.0004760589535793       
0.5718873658136947       -0.6831604270580607      -0.9936254571594197      0.0004760589535793       
-0.6831604270580607      0.5718873658136948       -0.9936254571594197      0.0004760589535793       
-0.8951014815962142      0.5718873658136947       -0.9936254571594197      0.0004760589535793       
-0.8951014815962142      -0.6831604270580607      -0.9936254571594197      0.0004760589535793       
-0.8951014815962141      -0.6831604270580607      0.5718873658136948       0.0004760589535793       
-0.8951014815962142      0.5718873658136947       -0.6831604270580607      0.0004760589535793       
-0.8951014815962142      -0.9936254571594197      -0.6831604270580607      0.0004760589535793       
-0.8951014815962141      -0.9936254571594197      0.5718873658136948       0.0004760589535793       
0.3933236493421864       -0.9969112497534556      -0.9613481333082619      0.0003469922546016       
-0.4350642662804690      -0.9969112497534556      -0.9613481333082619      0.0003469922546016       
-0.4350642662804690      0.3933236493421864       -0.9613481333082616      0.0003469922546016       
0.3933236493421864       -0.4350642662804690      -0.9613481333082619      0.0003469922546016       
-0.9969112497534556      -0.4350642662804690      -0.9613481333082619      0.0003469922546016       
-0.9969112497534556      0.3933236493421864       -0.9613481333082616      0.0003469922546016       
-0.9969112497534556      -0.9613481333082619      0.3933236493421864       0.0003469922546016       
-0.9969112497534556      -0.9613481333082619      -0.4350642662804690      0.0003469922546016       
0.3933236493421864       -0.9613481333082616      -0.4350642662804690      0.0003469922546016       
-0.4350642662804690      -0.9613481333082619      0.3933236493421864       0.0003469922546016       
-0.4350642662804690      -0.9613481333082619      -0.9969112497534556      0.0003469922546016       
0.3933236493421864       -0.9613481333082616      -0.9969112497534556      0.0003469922546016       
-0.4350642662804690      -0.9969112497534556      0.3933236493421864       0.0003469922546016       
0.3933236493421864       -0.9969112497534556      -0.4350642662804690      0.0003469922546016       
-0.9969112497534556      0.3933236493421864       -0.4350642662804690      0.0003469922546016       
-0.9969112497534556      -0.4350642662804690      0.3933236493421864       0.0003469922546016       
0.3933236493421864       -0.4350642662804690      -0.9969112497534556      0.0003469922546016       
-0.4350642662804690      0.3933236493421864       -0.9969112497534556      0.0003469922546016       
-0.9613481333082619      0.3933236493421864       -0.9969112497534556      0.0003469922546016       
-0.9613481333082619      -0.4350642662804690      -0.9969112497534556      0.0003469922546016       
-0.9613481333082616      -0.4350642662804690      0.3933236493421864       0.0003469922546016       
-0.9613481333082619      0.3933236493421864       -0.4350642662804690      0.0003469922546016       
-0.9613481333082619      -0.9969112497534556      -0.4350642662804690      0.0003469922546016       
-0.9613481333082616      -0.9969112497534556      0.3933236493421864       0.0003469922546016       
0.1590399313344824       -0.9864856557672556      -0.8750542895679541      0.0010679877732997       
-0.2974999859992726      -0.9864856557672556      -0.8750542895679541      0.0010679877732997       
-0.2974999859992726      0.1590399313344824       -0.8750542895679541      0.0010679877732997       
0.1590399313344823       -0.2974999859992727      -0.8750542895679541      0.0010679877732997       
-0.9864856557672556      -0.2974999859992727      -0.8750542895679541      0.0010679877732997       
-0.9864856557672556      0.1590399313344824       -0.8750542895679541      0.0010679877732997       
-0.9864856557672556      -0.8750542895679541      0.1590399313344824       0.0010679877732997       
-0.9864856557672556      -0.8750542895679541      -0.2974999859992726      0.0010679877732997       
0.1590399313344824       -0.8750542895679541      -0.2974999859992726      0.0010679877732997       
-0.2974999859992727      -0.8750542895679541      0.1590399313344823       0.0010679877732997       
-0.2974999859992727      -0.8750542895679541      -0.9864856557672556      0.0010679877732997       
0.1590399313344824       -0.8750542895679541      -0.9864856557672556      0.0010679877732997       
-0.2974999859992726      -0.9864856557672556      0.1590399313344824       0.0010679877732997       
0.1590399313344824       -0.9864856557672556      -0.2974999859992726      0.0010679877732997       
-0.9864856557672556      0.1590399313344824       -0.2974999859992726      0.0010679877732997       
-0.9864856557672556      -0.2974999859992727      0.1590399313344823       0.0010679877732997       
0.1590399313344823       -0.2974999859992727      -0.9864856557672556      0.0010679877732997       
-0.2974999859992726      0.1590399313344824       -0.9864856557672556      0.0010679877732997       
-0.8750542895679541      0.1590399313344824       -0.9864856557672556      0.0010679877732997       
-0.8750542895679541      -0.2974999859992726      -0.9864856557672556      0.0010679877732997       
-0.8750542895679541      -0.2974999859992726      0.1590399313344824       0.0010679877732997       
-0.8750542895679541      0.1590399313344823       -0.2974999859992727      0.0010679877732997       
-0.8750542895679541      -0.9864856557672556      -0.2974999859992727      0.0010679877732997       
-0.8750542895679541      -0.9864856557672556      0.1590399313344824       0.0010679877732997       
0.3673687648028774       -0.9807055509283849      -0.8568667453694925      0.0010986160836384       
-0.5297964685050001      -0.9807055509283849      -0.8568667453694925      0.0010986160836384       
-0.5297964685050001      0.3673687648028774       -0.8568667453694925      0.0010986160836384       
0.3673687648028774       -0.5297964685050001      -0.8568667453694925      0.0010986160836384       
-0.9807055509283849      -0.5297964685050001      -0.8568667453694925      0.0010986160836384       
-0.9807055509283849      0.3673687648028774       -0.8568667453694925      0.0010986160836384       
-0.9807055509283849      -0.8568667453694925      0.3673687648028774       0.0010986160836384       
-0.9807055509283849      -0.8568667453694925      -0.5297964685050001      0.0010986160836384       
0.3673687648028774       -0.8568667453694925      -0.5297964685050001      0.0010986160836384       
-0.5297964685050001      -0.8568667453694925      0.3673687648028774       0.0010986160836384       
-0.5297964685050001      -0.8568667453694925      -0.9807055509283849      0.0010986160836384       
0.3673687648028774       -0.8568667453694925      -0.9807055509283849      0.0010986160836384       
-0.5297964685050001      -0.9807055509283849      0.3673687648028774       0.0010986160836384       
0.3673687648028774       -0.9807055509283849      -0.5297964685050001      0.0010986160836384       
-0.9807055509283849      0.3673687648028774       -0.5297964685050001      0.0010986160836384       
-0.9807055509283849      -0.5297964685050001      0.3673687648028774       0.0010986160836384       
0.3673687648028774       -0.5297964685050001      -0.9807055509283849      0.0010986160836384       
-0.5297964685050001      0.3673687648028774       -0.9807055509283849      0.0010986160836384       
-0.8568667453694925      0.3673687648028774       -0.9807055509283849      0.0010986160836384       
-0.8568667453694925      -0.5297964685050001      -0.9807055509283849      0.0010986160836384       
-0.8568667453694925      -0.5297964685050001      0.3673687648028774       0.0010986160836384       
-0.8568667453694925      0.3673687648028774       -0.5297964685050001      0.0010986160836384       
-0.8568667453694925      -0.9807055509283849      -0.5297964685050001      0.0010986160836384       
-0.8568667453694925      -0.9807055509283849      0.3673687648028774       0.0010986160836384       
0.2132970553894069       -0.9927557342753914      -0.7246308678165931      0.0007992811419321       
-0.4959104532974223      -0.9927557342753914      -0.7246308678165931      0.0007992811419321       
-0.4959104532974223      0.2132970553894069       -0.7246308678165931      0.0007992811419321       
0.2132970553894068       -0.4959104532974224      -0.7246308678165934      0.0007992811419321       
-0.9927557342753912      -0.4959104532974224      -0.7246308678165934      0.0007992811419321       
-0.9927557342753914      0.2132970553894069       -0.7246308678165931      0.0007992811419321       
-0.9927557342753914      -0.7246308678165931      0.2132970553894069       0.0007992811419321       
-0.9927557342753914      -0.7246308678165931      -0.4959104532974223      0.0007992811419321       
0.2132970553894069       -0.7246308678165931      -0.4959104532974223      0.0007992811419321       
-0.4959104532974224      -0.7246308678165934      0.2132970553894068       0.0007992811419321       
-0.4959104532974224      -0.7246308678165934      -0.9927557342753912      0.0007992811419321       
0.2132970553894069       -0.7246308678165931      -0.9927557342753914      0.0007992811419321       
-0.4959104532974223      -0.9927557342753914      0.2132970553894069       0.0007992811419321       
0.2132970553894069       -0.9927557342753914      -0.4959104532974223      0.0007992811419321       
-0.9927557342753914      0.2132970553894069       -0.4959104532974223      0.0007992811419321       
-0.9927557342753912      -0.4959104532974224      0.2132970553894068       0.0007992811419321       
0.2132970553894068       -0.4959104532974224      -0.9927557342753912      0.0007992811419321       
-0.4959104532974223      0.2132970553894069       -0.9927557342753914      0.0007992811419321       
-0.7246308678165931      0.2132970553894069       -0.9927557342753914      0.0007992811419321       
-0.7246308678165931      -0.4959104532974223      -0.9927557342753914      0.0007992811419321       
-0.7246308678165931      -0.4959104532974223      0.2132970553894069       0.0007992811419321       
-0.7246308678165934      0.2132970553894068       -0.4959104532974224      0.0007992811419321       
-0.7246308678165934      -0.9927557342753912      -0.4959104532974224      0.0007992811419321       
-0.7246308678165931      -0.9927557342753914      0.2132970553894069       0.0007992811419321       
-0.0095304300870277      -0.9874738104004218      -0.6979402984782929      0.0012374439327008       
-0.3050554610342575      -0.9874738104004218      -0.6979402984782929      0.0012374439327008       
-0.3050554610342575      -0.0095304300870277      -0.6979402984782930      0.0012374439327008       
-0.0095304300870277      -0.3050554610342575      -0.6979402984782930      0.0012374439327008       
-0.9874738104004218      -0.3050554610342575      -0.6979402984782930      0.0012374439327008       
-0.9874738104004218      -0.0095304300870277      -0.6979402984782930      0.0012374439327008       
-0.9874738104004218      -0.6979402984782929      -0.0095304300870277      0.0012374439327008       
-0.9874738104004218      -0.6979402984782929      -0.3050554610342575      0.0012374439327008       
-0.0095304300870277      -0.6979402984782930      -0.3050554610342575      0.0012374439327008       
-0.3050554610342575      -0.6979402984782930      -0.0095304300870277      0.0012374439327008       
-0.3050554610342575      -0.6979402984782930      -0.9874738104004218      0.0012374439327008       
-0.0095304300870277      -0.6979402984782930      -0.9874738104004218      0.0012374439327008       
-0.3050554610342575      -0.9874738104004218      -0.0095304300870277      0.0012374439327008       
-0.0095304300870277      -0.9874738104004218      -0.3050554610342575      0.0012374439327008       
-0.9874738104004218      -0.0095304300870277      -0.3050554610342575      0.0012374439327008       
-0.9874738104004218      -0.3050554610342575      -0.0095304300870277      0.0012374439327008       
-0.0095304300870277      -0.3050554610342575      -0.9874738104004218      0.0012374439327008       
-0.3050554610342575      -0.0095304300870277      -0.9874738104004218      0.0012374439327008       
-0.6979402984782929      -0.0095304300870277      -0.9874738104004218      0.0012374439327008       
-0.6979402984782929      -0.3050554610342575      -0.9874738104004218      0.0012374439327008       
-0.6979402984782930      -0.3050554610342575      -0.0095304300870277      0.0012374439327008       
-0.6979402984782930      -0.0095304300870277      -0.3050554610342575      0.0012374439327008       
-0.6979402984782930      -0.9874738104004218      -0.3050554610342575      0.0012374439327008       
-0.6979402984782930      -0.9874738104004218      -0.0095304300870277      0.0012374439327008       
-0.1006097559148180      -0.9422898962262054      -0.6358181879747540      0.0028381262163102       
-0.3212821598842228      -0.9422898962262054      -0.6358181879747540      0.0028381262163102       
-0.3212821598842228      -0.1006097559148180      -0.6358181879747540      0.0028381262163102       
-0.1006097559148180      -0.3212821598842228      -0.6358181879747540      0.0028381262163102       
-0.9422898962262054      -0.3212821598842228      -0.6358181879747540      0.0028381262163102       
-0.9422898962262054      -0.1006097559148180      -0.6358181879747540      0.0028381262163102       
-0.9422898962262054      -0.6358181879747540      -0.1006097559148180      0.0028381262163102       
-0.9422898962262054      -0.6358181879747540      -0.3212821598842228      0.0028381262163102       
-0.1006097559148180      -0.6358181879747540      -0.3212821598842228      0.0028381262163102       
-0.3212821598842228      -0.6358181879747540      -0.1006097559148180      0.0028381262163102       
-0.3212821598842228      -0.6358181879747540      -0.9422898962262054      0.0028381262163102       
-0.1006097559148180      -0.6358181879747540      -0.9422898962262054      0.0028381262163102       
-0.3212821598842228      -0.9422898962262054      -0.1006097559148180      0.0028381262163102       
-0.1006097559148180      -0.9422898962262054      -0.3212821598842228      0.0028381262163102       
-0.9422898962262054      -0.1006097559148180      -0.3212821598842228      0.0028381262163102       
-0.9422898962262054      -0.3212821598842228      -0.1006097559148180      0.0028381262163102       
-0.1006097559148180      -0.3212821598842228      -0.9422898962262054      0.0028381262163102       
-0.3212821598842228      -0.1006097559148180      -0.9422898962262054      0.0028381262163102       
-0.6358181879747540      -0.1006097559148180      -0.9422898962262054      0.0028381262163102       
-0.6358181879747540      -0.3212821598842228      -0.9422898962262054      0.0028381262163102       
-0.6358181879747540      -0.3212821598842228      -0.1006097559148180      0.0028381262163102       
-0.6358181879747540      -0.1006097559148180      -0.3212821598842228      0.0028381262163102       
-0.6358181879747540      -0.9422898962262054      -0.3212821598842228      0.0028381262163102       
-0.6358181879747540      -0.9422898962262054      -0.1006097559148180      0.0028381262163102       
0.4226980999301984       -0.9396784298553322      -0.8056637350493085      0.0022952165491410       
-0.6773559350255576      -0.9396784298553322      -0.8056637350493085      0.0022952165491410       
-0.6773559350255576      0.4226980999301984       -0.8056637350493085      0.0022952165491410       
0.4226980999301983       -0.6773559350255576      -0.8056637350493088      0.0022952165491410       
-0.9396784298553320      -0.6773559350255576      -0.8056637350493088      0.0022952165491410       
-0.9396784298553320      0.4226980999301984       -0.8056637350493085      0.0022952165491410       
-0.9396784298553322      -0.8056637350493085      0.4226980999301984       0.0022952165491410       
-0.9396784298553322      -0.8056637350493085      -0.6773559350255576      0.0022952165491410       
0.4226980999301984       -0.8056637350493085      -0.6773559350255576      0.0022952165491410       
-0.6773559350255576      -0.8056637350493088      0.4226980999301983       0.0022952165491410       
-0.6773559350255576      -0.8056637350493088      -0.9396784298553320      0.0022952165491410       
0.4226980999301984       -0.8056637350493085      -0.9396784298553320      0.0022952165491410       
-0.6773559350255576      -0.9396784298553322      0.4226980999301984       0.0022952165491410       
0.4226980999301984       -0.9396784298553322      -0.6773559350255576      0.0022952165491410       
-0.9396784298553320      0.4226980999301984       -0.6773559350255576      0.0022952165491410       
-0.9396784298553320      -0.6773559350255576      0.4226980999301983       0.0022952165491410       
0.4226980999301983       -0.6773559350255576      -0.9396784298553320      0.0022952165491410       
-0.6773559350255576      0.4226980999301984       -0.9396784298553320      0.0022952165491410       
-0.8056637350493085      0.4226980999301984       -0.9396784298553322      0.0022952165491410       
-0.8056637350493085      -0.6773559350255576      -0.9396784298553322      0.0022952165491410       
-0.8056637350493085      -0.6773559350255576      0.4226980999301984       0.0022952165491410       
-0.8056637350493088      0.4226980999301983       -0.6773559350255576      0.0022952165491410       
-0.8056637350493088      -0.9396784298553320      -0.6773559350255576      0.0022952165491410       
-0.8056637350493085      -0.9396784298553320      0.4226980999301984       0.0022952165491410       
0.0040483887994793       -0.9312704574650827      -0.8342249679051976      0.0022553448260919       
-0.2385529634291990      -0.9312704574650827      -0.8342249679051976      0.0022553448260919       
-0.2385529634291990      0.0040483887994793       -0.8342249679051976      0.0022553448260919       
0.0040483887994793       -0.2385529634291990      -0.8342249679051976      0.0022553448260919       
-0.9312704574650827      -0.2385529634291990      -0.8342249679051976      0.0022553448260919       
-0.9312704574650827      0.0040483887994793       -0.8342249679051976      0.0022553448260919       
-0.9312704574650827      -0.8342249679051976      0.0040483887994793       0.0022553448260919       
-0.9312704574650827      -0.8342249679051976      -0.2385529634291990      0.0022553448260919       
0.0040483887994793       -0.8342249679051976      -0.2385529634291990      0.0022553448260919       
-0.2385529634291990      -0.8342249679051976      0.0040483887994793       0.0022553448260919       
-0.2385529634291990      -0.8342249679051976      -0.9312704574650827      0.0022553448260919       
0.0040483887994793       -0.8342249679051976      -0.9312704574650827      0.0022553448260919       
-0.2385529634291990      -0.9312704574650827      0.0040483887994793       0.0022553448260919       
0.0040483887994793       -0.9312704574650827      -0.2385529634291990      0.0022553448260919       
-0.9312704574650827      0.0040483887994793       -0.2385529634291990      0.0022553448260919       
-0.9312704574650827      -0.2385529634291990      0.0040483887994793       0.0022553448260919       
0.0040483887994793       -0.2385529634291990      -0.9312704574650827      0.0022553448260919       
-0.2385529634291990      0.0040483887994793       -0.9312704574650827      0.0022553448260919       
-0.8342249679051976      0.0040483887994793       -0.9312704574650827      0.0022553448260919       
-0.8342249679051976      -0.2385529634291990      -0.9312704574650827      0.0022553448260919       
-0.8342249679051976      -0.2385529634291990      0.0040483887994793       0.0022553448260919       
-0.8342249679051976      0.0040483887994793       -0.2385529634291990      0.0022553448260919       
-0.8342249679051976      -0.9312704574650827      -0.2385529634291990      0.0022553448260919       
-0.8342249679051976      -0.9312704574650827      0.0040483887994793       0.0022553448260919       
0.1647589511908285       -0.9389969143492228      -0.7702290042937496      0.0025243331541368       
-0.4555330325478562      -0.9389969143492228      -0.7702290042937496      0.0025243331541368       
-0.4555330325478562      0.1647589511908285       -0.7702290042937496      0.0025243331541368       
0.1647589511908285       -0.4555330325478562      -0.7702290042937496      0.0025243331541368       
-0.9389969143492228      -0.4555330325478562      -0.7702290042937496      0.0025243331541368       
-0.9389969143492228      0.1647589511908285       -0.7702290042937496      0.0025243331541368       
-0.9389969143492228      -0.7702290042937496      0.1647589511908285       0.0025243331541368       
-0.9389969143492228      -0.7702290042937496      -0.4555330325478562      0.0025243331541368       
0.1647589511908285       -0.7702290042937496      -0.4555330325478562      0.0025243331541368       
-0.4555330325478562      -0.7702290042937496      0.1647589511908285       0.0025243331541368       
-0.4555330325478562      -0.7702290042937496      -0.9389969143492228      0.0025243331541368       
0.1647589511908285       -0.7702290042937496      -0.9389969143492228      0.0025243331541368       
-0.4555330325478562      -0.9389969143492228      0.1647589511908285       0.0025243331541368       
0.1647589511908285       -0.9389969143492228      -0.4555330325478562      0.0025243331541368       
-0.9389969143492228      0.1647589511908285       -0.4555330325478562      0.0025243331541368       
-0.9389969143492228      -0.4555330325478562      0.1647589511908285       0.0025243331541368       
0.1647589511908285       -0.4555330325478562      -0.9389969143492228      0.0025243331541368       
-0.4555330325478562      0.1647589511908285       -0.9389969143492228      0.0025243331541368       
-0.7702290042937496      0.1647589511908285       -0.9389969143492228      0.0025243331541368       
-0.7702290042937496      -0.4555330325478562      -0.9389969143492228      0.0025243331541368       
-0.7702290042937496      -0.4555330325478562      0.1647589511908285       0.0025243331541368       
-0.7702290042937496      0.1647589511908285       -0.4555330325478562      0.0025243331541368       
-0.7702290042937496      -0.9389969143492228      -0.4555330325478562      0.0025243331541368       
-0.7702290042937496      -0.9389969143492228      0.1647589511908285       0.0025243331541368       
0.0206006928383915       -0.8669962930096484      -0.6681426987976951      0.0043737390860830       
-0.4854617010310480      -0.8669962930096484      -0.6681426987976951      0.0043737390860830       
-0.4854617010310480      0.0206006928383915       -0.6681426987976951      0.0043737390860830       
0.0206006928383915       -0.4854617010310480      -0.6681426987976951      0.0043737390860830       
-0.8669962930096484      -0.4854617010310480      -0.6681426987976951      0.0043737390860830       
-0.8669962930096484      0.0206006928383915       -0.6681426987976951      0.0043737390860830       
-0.8669962930096484      -0.6681426987976951      0.0206006928383915       0.0043737390860830       
-0.8669962930096484      -0.6681426987976951      -0.4854617010310480      0.0043737390860830       
0.0206006928383915       -0.6681426987976951      -0.4854617010310480      0.0043737390860830       
-0.4854617010310480      -0.6681426987976951      0.0206006928383915       0.0043737390860830       
-0.4854617010310480      -0.6681426987976951      -0.8669962930096484      0.0043737390860830       
0.0206006928383915       -0.6681426987976951      -0.8669962930096484      0.0043737390860830       
-0.4854617010310480      -0.8669962930096484      0.0206006928383915       0.0043737390860830       
0.0206006928383915       -0.8669962930096484      -0.4854617010310480      0.0043737390860830       
-0.8669962930096484      0.0206006928383915       -0.4854617010310480      0.0043737390860830       
-0.8669962930096484      -0.4854617010310480      0.0206006928383915       0.0043737390860830       
0.0206006928383915       -0.4854617010310480      -0.8669962930096484      0.0043737390860830       
-0.4854617010310480      0.0206006928383915       -0.8669962930096484      0.0043737390860830       
-0.6681426987976951      0.0206006928383915       -0.8669962930096484      0.0043737390860830       
-0.6681426987976951      -0.4854617010310480      -0.8669962930096484      0.0043737390860830       
-0.6681426987976951      -0.4854617010310480      0.0206006928383915       0.0043737390860830       
-0.6681426987976951      0.0206006928383915       -0.4854617010310480      0.0043737390860830       
-0.6681426987976951      -0.8669962930096484      -0.4854617010310480      0.0043737390860830       
-0.6681426987976951      -0.8669962930096484      0.0206006928383915       0.0043737390860830       
