centroid       numS31         numS22         numS211        numS1111       
true (1)       10 (4)         5 (6)          30 (12)        10 (24)        

x                        y                        z                        w                        
-0.9784805097708082      -0.9784805097708082      0.9354415293124244       0.0001656606296541       
-0.9784805097708082      0.9354415293124244       -0.9784805097708080      0.0001656606296541       
-0.9784805097708082      -0.9784805097708082      -0.9784805097708082      0.0001656606296541       
0.9354415293124242       -0.9784805097708082      -0.9784805097708082      0.0001656606296541       
-0.3378140235584282      -0.3378140235584282      -0.9865579293247154      0.0008225854081762       
-0.3378140235584282      -0.9865579293247154      -0.3378140235584282      0.0008225854081762       
-0.3378140235584282      -0.3378140235584282      -0.3378140235584282      0.0008225854081762       
-0.9865579293247154      -0.3378140235584282      -0.3378140235584282      0.0008225854081762       
-0.9017595109759688      -0.9017595109759688      0.7052785329279065       0.0013399283070651       
-0.9017595109759688      0.7052785329279065       -0.9017595109759688      0.0013399283070651       
-0.9017595109759688      -0.9017595109759688      -0.9017595109759688      0.0013399283070651       
0.7052785329279065       -0.9017595109759688      -0.9017595109759688      0.0013399283070651       
-0.3579964689380531      -0.3579964689380531      -0.9260105931858406      0.0018158619815974       
-0.3579964689380531      -0.9260105931858406      -0.3579964689380531      0.0018158619815974       
-0.3579964689380531      -0.3579964689380531      -0.3579964689380531      0.0018158619815974       
-0.9260105931858406      -0.3579964689380531      -0.3579964689380531      0.0018158619815974       
-0.8009137071479390      -0.8009137071479390      0.4027411214438168       0.0033216051459389       
-0.8009137071479390      0.4027411214438168       -0.8009137071479389      0.0033216051459389       
-0.8009137071479390      -0.8009137071479390      -0.8009137071479390      0.0033216051459389       
0.4027411214438168       -0.8009137071479390      -0.8009137071479390      0.0033216051459389       
-0.3855486271797453      -0.3855486271797453      -0.8433541184607640      0.0027045208335626       
-0.3855486271797453      -0.8433541184607640      -0.3855486271797453      0.0027045208335626       
-0.3855486271797453      -0.3855486271797453      -0.3855486271797453      0.0027045208335626       
-0.8433541184607640      -0.3855486271797453      -0.3855486271797453      0.0027045208335626       
-0.6466177486091543      -0.6466177486091543      -0.0601467541725371      0.0037005466649187       
-0.6466177486091543      -0.0601467541725372      -0.6466177486091542      0.0037005466649187       
-0.6466177486091543      -0.6466177486091543      -0.6466177486091543      0.0037005466649187       
-0.0601467541725372      -0.6466177486091543      -0.6466177486091543      0.0037005466649187       
-0.4146394293430478      -0.4146394293430478      -0.7560817119708565      0.0033059666256259       
-0.4146394293430478      -0.7560817119708565      -0.4146394293430478      0.0033059666256259       
-0.4146394293430478      -0.4146394293430478      -0.4146394293430478      0.0033059666256259       
-0.7560817119708565      -0.4146394293430478      -0.4146394293430478      0.0033059666256259       
-0.5752660901628331      -0.5752660901628331      -0.2742017295115004      0.0019753895793714       
-0.5752660901628331      -0.2742017295115004      -0.5752660901628333      0.0019753895793714       
-0.5752660901628331      -0.5752660901628331      -0.5752660901628331      0.0019753895793714       
-0.2742017295115004      -0.5752660901628331      -0.5752660901628331      0.0019753895793714       
-0.4527909656997595      -0.4527909656997595      -0.6416271029007214      0.0027485068254436       
-0.4527909656997595      -0.6416271029007214      -0.4527909656997595      0.0027485068254436       
-0.4527909656997595      -0.4527909656997595      -0.4527909656997595      0.0027485068254436       
-0.6416271029007214      -0.4527909656997595      -0.4527909656997595      0.0027485068254436       
-0.0150336312365871      -0.9849663687634130      -0.9849663687634130      0.0004136383121975       
-0.9849663687634130      -0.0150336312365871      -0.9849663687634130      0.0004136383121975       
-0.9849663687634130      -0.9849663687634130      -0.0150336312365871      0.0004136383121975       
-0.0150336312365871      -0.0150336312365871      -0.9849663687634130      0.0004136383121975       
-0.0150336312365871      -0.9849663687634130      -0.0150336312365871      0.0004136383121975       
-0.9849663687634130      -0.0150336312365871      -0.0150336312365871      0.0004136383121975       
-0.0766435299755444      -0.9233564700244556      -0.9233564700244556      0.0020331893651227       
-0.9233564700244556      -0.0766435299755444      -0.9233564700244556      0.0020331893651227       
-0.9233564700244556      -0.9233564700244556      -0.0766435299755444      0.0020331893651227       
-0.0766435299755444      -0.0766435299755444      -0.9233564700244556      0.0020331893651227       
-0.0766435299755444      -0.9233564700244556      -0.0766435299755444      0.0020331893651227       
-0.9233564700244556      -0.0766435299755444      -0.0766435299755444      0.0020331893651227       
-0.1776240221523969      -0.8223759778476032      -0.8223759778476030      0.0040411636583361       
-0.8223759778476032      -0.1776240221523969      -0.8223759778476030      0.0040411636583361       
-0.8223759778476031      -0.8223759778476031      -0.1776240221523970      0.0040411636583361       
-0.1776240221523969      -0.1776240221523969      -0.8223759778476030      0.0040411636583361       
-0.1776240221523969      -0.8223759778476031      -0.1776240221523970      0.0040411636583361       
-0.8223759778476031      -0.1776240221523969      -0.1776240221523970      0.0040411636583361       
-0.2865197013853332      -0.7134802986146667      -0.7134802986146669      0.0022735364326009       
-0.7134802986146667      -0.2865197013853332      -0.7134802986146669      0.0022735364326009       
-0.7134802986146668      -0.7134802986146668      -0.2865197013853332      0.0022735364326009       
-0.2865197013853332      -0.2865197013853332      -0.7134802986146669      0.0022735364326009       
-0.2865197013853332      -0.7134802986146668      -0.2865197013853332      0.0022735364326009       
-0.7134802986146668      -0.2865197013853332      -0.2865197013853332      0.0022735364326009       
-0.3952762377632827      -0.6047237622367173      -0.6047237622367172      0.0039138529349882       
-0.6047237622367173      -0.3952762377632827      -0.6047237622367172      0.0039138529349882       
-0.6047237622367173      -0.6047237622367173      -0.3952762377632828      0.0039138529349882       
-0.3952762377632827      -0.3952762377632827      -0.6047237622367172      0.0039138529349882       
-0.3952762377632827      -0.6047237622367173      -0.3952762377632828      0.0039138529349882       
-0.6047237622367173      -0.3952762377632827      -0.3952762377632828      0.0039138529349882       
-0.9797122830239052      -0.8890970814525971      0.8485216475004076       0.0003311710605530       
-0.9797122830239052      -0.9797122830239052      0.8485216475004076       0.0003311710605530       
-0.8890970814525971      -0.9797122830239052      0.8485216475004076       0.0003311710605530       
-0.8890970814525971      0.8485216475004076       -0.9797122830239052      0.0003311710605530       
-0.9797122830239052      0.8485216475004076       -0.9797122830239052      0.0003311710605530       
-0.9797122830239052      0.8485216475004076       -0.8890970814525971      0.0003311710605530       
-0.9797122830239052      -0.8890970814525971      -0.9797122830239052      0.0003311710605530       
-0.8890970814525971      -0.9797122830239052      -0.9797122830239052      0.0003311710605530       
-0.9797122830239052      -0.9797122830239052      -0.8890970814525971      0.0003311710605530       
0.8485216475004076       -0.9797122830239052      -0.8890970814525971      0.0003311710605530       
0.8485216475004076       -0.9797122830239052      -0.9797122830239052      0.0003311710605530       
0.8485216475004076       -0.8890970814525971      -0.9797122830239052      0.0003311710605530       
-0.9798996010039476      -0.7374524545713472      0.6972516565792424       0.0004698994814947       
-0.9798996010039476      -0.9798996010039476      0.6972516565792424       0.0004698994814947       
-0.7374524545713472      -0.9798996010039476      0.6972516565792424       0.0004698994814947       
-0.7374524545713472      0.6972516565792424       -0.9798996010039476      0.0004698994814947       
-0.9798996010039476      0.6972516565792424       -0.9798996010039476      0.0004698994814947       
-0.9798996010039476      0.6972516565792424       -0.7374524545713472      0.0004698994814947       
-0.9798996010039476      -0.7374524545713472      -0.9798996010039476      0.0004698994814947       
-0.7374524545713472      -0.9798996010039476      -0.9798996010039476      0.0004698994814947       
-0.9798996010039476      -0.9798996010039476      -0.7374524545713472      0.0004698994814947       
0.6972516565792424       -0.9798996010039476      -0.7374524545713472      0.0004698994814947       
0.6972516565792424       -0.9798996010039476      -0.9798996010039476      0.0004698994814947       
0.6972516565792424       -0.7374524545713472      -0.9798996010039476      0.0004698994814947       
-0.9824278152575566      -0.5341453846159219      0.4990010151310351       0.0004584295827927       
-0.9824278152575566      -0.9824278152575566      0.4990010151310351       0.0004584295827927       
-0.5341453846159219      -0.9824278152575566      0.4990010151310351       0.0004584295827927       
-0.5341453846159219      0.4990010151310351       -0.9824278152575566      0.0004584295827927       
-0.9824278152575566      0.4990010151310351       -0.9824278152575566      0.0004584295827927       
-0.9824278152575566      0.4990010151310351       -0.5341453846159219      0.0004584295827927       
-0.9824278152575566      -0.5341453846159219      -0.9824278152575566      0.0004584295827927       
-0.5341453846159219      -0.9824278152575566      -0.9824278152575566      0.0004584295827927       
-0.9824278152575566      -0.9824278152575566      -0.5341453846159219      0.0004584295827927       
0.4990010151310351       -0.9824278152575566      -0.5341453846159219      0.0004584295827927       
0.4990010151310351       -0.9824278152575566      -0.9824278152575566      0.0004584295827927       
0.4990010151310351       -0.5341453846159219      -0.9824278152575566      0.0004584295827927       
-0.9837365155391002      -0.2891885798156470      0.2566616108938473       0.0004523135966400       
-0.9837365155391002      -0.9837365155391002      0.2566616108938473       0.0004523135966400       
-0.2891885798156470      -0.9837365155391002      0.2566616108938473       0.0004523135966400       
-0.2891885798156470      0.2566616108938473       -0.9837365155391002      0.0004523135966400       
-0.9837365155391002      0.2566616108938473       -0.9837365155391002      0.0004523135966400       
-0.9837365155391002      0.2566616108938473       -0.2891885798156470      0.0004523135966400       
-0.9837365155391002      -0.2891885798156470      -0.9837365155391002      0.0004523135966400       
-0.2891885798156470      -0.9837365155391002      -0.9837365155391002      0.0004523135966400       
-0.9837365155391002      -0.9837365155391002      -0.2891885798156470      0.0004523135966400       
0.2566616108938473       -0.9837365155391002      -0.2891885798156470      0.0004523135966400       
0.2566616108938473       -0.9837365155391002      -0.9837365155391002      0.0004523135966400       
0.2566616108938473       -0.2891885798156470      -0.9837365155391002      0.0004523135966400       
-0.8933886382908445      0.7681202275671943       -0.9813429509855054      0.0006863744719690       
-0.8933886382908445      -0.8933886382908445      -0.9813429509855054      0.0006863744719690       
0.7681202275671943       -0.8933886382908445      -0.9813429509855054      0.0006863744719690       
0.7681202275671943       -0.9813429509855054      -0.8933886382908445      0.0006863744719690       
-0.8933886382908445      -0.9813429509855054      -0.8933886382908445      0.0006863744719690       
-0.8933886382908445      -0.9813429509855054      0.7681202275671943       0.0006863744719690       
-0.8933886382908445      0.7681202275671943       -0.8933886382908445      0.0006863744719690       
0.7681202275671943       -0.8933886382908445      -0.8933886382908445      0.0006863744719690       
-0.8933886382908445      -0.8933886382908445      0.7681202275671943       0.0006863744719690       
-0.9813429509855054      -0.8933886382908445      0.7681202275671943       0.0006863744719690       
-0.9813429509855054      -0.8933886382908445      -0.8933886382908445      0.0006863744719690       
-0.9813429509855054      0.7681202275671943       -0.8933886382908445      0.0006863744719690       
-0.0459388334354132      -0.9220198752961596      -0.9861024578330140      0.0007813431309186       
-0.0459388334354132      -0.0459388334354132      -0.9861024578330140      0.0007813431309186       
-0.9220198752961596      -0.0459388334354132      -0.9861024578330140      0.0007813431309186       
-0.9220198752961596      -0.9861024578330140      -0.0459388334354132      0.0007813431309186       
-0.0459388334354132      -0.9861024578330140      -0.0459388334354132      0.0007813431309186       
-0.0459388334354132      -0.9861024578330140      -0.9220198752961596      0.0007813431309186       
-0.0459388334354132      -0.9220198752961596      -0.0459388334354132      0.0007813431309186       
-0.9220198752961596      -0.0459388334354132      -0.0459388334354132      0.0007813431309186       
-0.0459388334354132      -0.0459388334354132      -0.9220198752961596      0.0007813431309186       
-0.9861024578330140      -0.0459388334354132      -0.9220198752961596      0.0007813431309186       
-0.9861024578330140      -0.0459388334354132      -0.0459388334354132      0.0007813431309186       
-0.9861024578330140      -0.9220198752961596      -0.0459388334354132      0.0007813431309186       
-0.7560999848490584      0.4982678151138165       -0.9860678454156996      0.0009610280004999       
-0.7560999848490584      -0.7560999848490584      -0.9860678454156996      0.0009610280004999       
0.4982678151138165       -0.7560999848490584      -0.9860678454156996      0.0009610280004999       
0.4982678151138165       -0.9860678454156996      -0.7560999848490584      0.0009610280004999       
-0.7560999848490584      -0.9860678454156996      -0.7560999848490584      0.0009610280004999       
-0.7560999848490584      -0.9860678454156996      0.4982678151138165       0.0009610280004999       
-0.7560999848490584      0.4982678151138165       -0.7560999848490584      0.0009610280004999       
0.4982678151138165       -0.7560999848490584      -0.7560999848490584      0.0009610280004999       
-0.7560999848490584      -0.7560999848490584      0.4982678151138165       0.0009610280004999       
-0.9860678454156996      -0.7560999848490584      0.4982678151138165       0.0009610280004999       
-0.9860678454156996      -0.7560999848490584      -0.7560999848490584      0.0009610280004999       
-0.9860678454156996      0.4982678151138165       -0.7560999848490584      0.0009610280004999       
-0.1005348165995330      -0.8138198135387604      -0.9851105532621736      0.0011638777745440       
-0.1005348165995330      -0.1005348165995330      -0.9851105532621736      0.0011638777745440       
-0.8138198135387604      -0.1005348165995330      -0.9851105532621736      0.0011638777745440       
-0.8138198135387604      -0.9851105532621736      -0.1005348165995330      0.0011638777745440       
-0.1005348165995330      -0.9851105532621736      -0.1005348165995330      0.0011638777745440       
-0.1005348165995330      -0.9851105532621736      -0.8138198135387604      0.0011638777745440       
-0.1005348165995330      -0.8138198135387604      -0.1005348165995330      0.0011638777745440       
-0.8138198135387604      -0.1005348165995330      -0.1005348165995330      0.0011638777745440       
-0.1005348165995330      -0.1005348165995330      -0.8138198135387604      0.0011638777745440       
-0.9851105532621736      -0.1005348165995330      -0.8138198135387604      0.0011638777745440       
-0.9851105532621736      -0.1005348165995330      -0.1005348165995330      0.0011638777745440       
-0.9851105532621736      -0.8138198135387604      -0.1005348165995330      0.0011638777745440       
-0.6003066774787928      0.1851602296798189       -0.9845468747222332      0.0014264370065763       
-0.6003066774787928      -0.6003066774787928      -0.9845468747222332      0.0014264370065763       
0.1851602296798189       -0.6003066774787928      -0.9845468747222332      0.0014264370065763       
0.1851602296798189       -0.9845468747222332      -0.6003066774787928      0.0014264370065763       
-0.6003066774787928      -0.9845468747222332      -0.6003066774787928      0.0014264370065763       
-0.6003066774787928      -0.9845468747222332      0.1851602296798189       0.0014264370065763       
-0.6003066774787928      0.1851602296798189       -0.6003066774787928      0.0014264370065763       
0.1851602296798189       -0.6003066774787928      -0.6003066774787928      0.0014264370065763       
-0.6003066774787928      -0.6003066774787928      0.1851602296798189       0.0014264370065763       
-0.9845468747222332      -0.6003066774787928      0.1851602296798189       0.0014264370065763       
-0.9845468747222332      -0.6003066774787928      -0.6003066774787928      0.0014264370065763       
-0.9845468747222332      0.1851602296798189       -0.6003066774787928      0.0014264370065763       
-0.1711587571282448      -0.6702317503457131      -0.9874507353977972      0.0011062260009503       
-0.1711587571282448      -0.1711587571282448      -0.9874507353977972      0.0011062260009503       
-0.6702317503457131      -0.1711587571282448      -0.9874507353977972      0.0011062260009503       
-0.6702317503457131      -0.9874507353977972      -0.1711587571282448      0.0011062260009503       
-0.1711587571282448      -0.9874507353977972      -0.1711587571282448      0.0011062260009503       
-0.1711587571282448      -0.9874507353977972      -0.6702317503457131      0.0011062260009503       
-0.1711587571282448      -0.6702317503457131      -0.1711587571282448      0.0011062260009503       
-0.6702317503457131      -0.1711587571282448      -0.1711587571282448      0.0011062260009503       
-0.1711587571282448      -0.1711587571282448      -0.6702317503457131      0.0011062260009503       
-0.9874507353977972      -0.1711587571282448      -0.6702317503457131      0.0011062260009503       
-0.9874507353977972      -0.1711587571282448      -0.1711587571282448      0.0011062260009503       
-0.9874507353977972      -0.6702317503457131      -0.1711587571282448      0.0011062260009503       
-0.4517339066332188      -0.1120019005675372      -0.9845302861660252      0.0013059359557421       
-0.4517339066332188      -0.4517339066332188      -0.9845302861660254      0.0013059359557421       
-0.1120019005675372      -0.4517339066332188      -0.9845302861660254      0.0013059359557421       
-0.1120019005675372      -0.9845302861660252      -0.4517339066332188      0.0013059359557421       
-0.4517339066332188      -0.9845302861660254      -0.4517339066332188      0.0013059359557421       
-0.4517339066332188      -0.9845302861660254      -0.1120019005675372      0.0013059359557421       
-0.4517339066332188      -0.1120019005675372      -0.4517339066332188      0.0013059359557421       
-0.1120019005675372      -0.4517339066332188      -0.4517339066332188      0.0013059359557421       
-0.4517339066332188      -0.4517339066332188      -0.1120019005675372      0.0013059359557421       
-0.9845302861660252      -0.4517339066332188      -0.1120019005675372      0.0013059359557421       
-0.9845302861660254      -0.4517339066332188      -0.4517339066332188      0.0013059359557421       
-0.9845302861660254      -0.1120019005675372      -0.4517339066332188      0.0013059359557421       
-0.2548969229423748      -0.5044890278227638      -0.9857171262924864      0.0010952240253339       
-0.2548969229423748      -0.2548969229423750      -0.9857171262924864      0.0010952240253339       
-0.5044890278227638      -0.2548969229423750      -0.9857171262924864      0.0010952240253339       
-0.5044890278227638      -0.9857171262924864      -0.2548969229423748      0.0010952240253339       
-0.2548969229423750      -0.9857171262924864      -0.2548969229423748      0.0010952240253339       
-0.2548969229423750      -0.9857171262924864      -0.5044890278227638      0.0010952240253339       
-0.2548969229423748      -0.5044890278227638      -0.2548969229423748      0.0010952240253339       
-0.5044890278227638      -0.2548969229423750      -0.2548969229423748      0.0010952240253339       
-0.2548969229423748      -0.2548969229423750      -0.5044890278227638      0.0010952240253339       
-0.9857171262924864      -0.2548969229423748      -0.5044890278227638      0.0010952240253339       
-0.9857171262924864      -0.2548969229423748      -0.2548969229423750      0.0010952240253339       
-0.9857171262924864      -0.5044890278227638      -0.2548969229423750      0.0010952240253339       
-0.9104745713338018      -0.7605394418381839      0.5814885845057873       0.0017513002349997       
-0.9104745713338018      -0.9104745713338018      0.5814885845057873       0.0017513002349997       
-0.7605394418381839      -0.9104745713338018      0.5814885845057873       0.0017513002349997       
-0.7605394418381839      0.5814885845057873       -0.9104745713338018      0.0017513002349997       
-0.9104745713338018      0.5814885845057873       -0.9104745713338018      0.0017513002349997       
-0.9104745713338018      0.5814885845057873       -0.7605394418381839      0.0017513002349997       
-0.9104745713338018      -0.7605394418381839      -0.9104745713338018      0.0017513002349997       
-0.7605394418381839      -0.9104745713338018      -0.9104745713338018      0.0017513002349997       
-0.9104745713338018      -0.9104745713338018      -0.7605394418381839      0.0017513002349997       
0.5814885845057873       -0.9104745713338018      -0.7605394418381839      0.0017513002349997       
0.5814885845057873       -0.9104745713338018      -0.9104745713338018      0.0017513002349997       
0.5814885845057873       -0.7605394418381839      -0.9104745713338018      0.0017513002349997       
-0.9084865881869562      -0.5730319341463241      0.3900051105202367       0.0021912550962967       
-0.9084865881869562      -0.9084865881869562      0.3900051105202367       0.0021912550962967       
-0.5730319341463241      -0.9084865881869562      0.3900051105202367       0.0021912550962967       
-0.5730319341463241      0.3900051105202367       -0.9084865881869562      0.0021912550962967       
-0.9084865881869562      0.3900051105202367       -0.9084865881869562      0.0021912550962967       
-0.9084865881869562      0.3900051105202367       -0.5730319341463241      0.0021912550962967       
-0.9084865881869562      -0.5730319341463241      -0.9084865881869562      0.0021912550962967       
-0.5730319341463241      -0.9084865881869562      -0.9084865881869562      0.0021912550962967       
-0.9084865881869562      -0.9084865881869562      -0.5730319341463241      0.0021912550962967       
0.3900051105202367       -0.9084865881869562      -0.5730319341463241      0.0021912550962967       
0.3900051105202367       -0.9084865881869562      -0.9084865881869562      0.0021912550962967       
0.3900051105202367       -0.5730319341463241      -0.9084865881869562      0.0021912550962967       
-0.9128017615176258      -0.3405473936305830      0.1661509166658344       0.0021805541735967       
-0.9128017615176258      -0.9128017615176258      0.1661509166658344       0.0021805541735967       
-0.3405473936305830      -0.9128017615176258      0.1661509166658344       0.0021805541735967       
-0.3405473936305830      0.1661509166658344       -0.9128017615176258      0.0021805541735967       
-0.9128017615176258      0.1661509166658344       -0.9128017615176258      0.0021805541735967       
-0.9128017615176258      0.1661509166658344       -0.3405473936305830      0.0021805541735967       
-0.9128017615176258      -0.3405473936305830      -0.9128017615176258      0.0021805541735967       
-0.3405473936305830      -0.9128017615176258      -0.9128017615176258      0.0021805541735967       
-0.9128017615176258      -0.9128017615176258      -0.3405473936305830      0.0021805541735967       
0.1661509166658344       -0.9128017615176258      -0.3405473936305830      0.0021805541735967       
0.1661509166658344       -0.9128017615176258      -0.9128017615176258      0.0021805541735967       
0.1661509166658344       -0.3405473936305830      -0.9128017615176258      0.0021805541735967       
-0.7782783240352488      0.4799469839388584       -0.9233903358683608      0.0022250862760628       
-0.7782783240352488      -0.7782783240352488      -0.9233903358683609      0.0022250862760628       
0.4799469839388583       -0.7782783240352488      -0.9233903358683609      0.0022250862760628       
0.4799469839388584       -0.9233903358683608      -0.7782783240352488      0.0022250862760628       
-0.7782783240352488      -0.9233903358683609      -0.7782783240352488      0.0022250862760628       
-0.7782783240352488      -0.9233903358683609      0.4799469839388583       0.0022250862760628       
-0.7782783240352488      0.4799469839388584       -0.7782783240352488      0.0022250862760628       
0.4799469839388583       -0.7782783240352488      -0.7782783240352488      0.0022250862760628       
-0.7782783240352488      -0.7782783240352488      0.4799469839388583       0.0022250862760628       
-0.9233903358683608      -0.7782783240352488      0.4799469839388584       0.0022250862760628       
-0.9233903358683609      -0.7782783240352488      -0.7782783240352488      0.0022250862760628       
-0.9233903358683609      0.4799469839388583       -0.7782783240352488      0.0022250862760628       
-0.1304333533445664      -0.8118911420145207      -0.9272421512963464      0.0025030514250116       
-0.1304333533445664      -0.1304333533445664      -0.9272421512963464      0.0025030514250116       
-0.8118911420145207      -0.1304333533445664      -0.9272421512963464      0.0025030514250116       
-0.8118911420145207      -0.9272421512963464      -0.1304333533445664      0.0025030514250116       
-0.1304333533445664      -0.9272421512963464      -0.1304333533445664      0.0025030514250116       
-0.1304333533445664      -0.9272421512963464      -0.8118911420145207      0.0025030514250116       
-0.1304333533445664      -0.8118911420145207      -0.1304333533445664      0.0025030514250116       
-0.8118911420145207      -0.1304333533445664      -0.1304333533445664      0.0025030514250116       
-0.1304333533445664      -0.1304333533445664      -0.8118911420145207      0.0025030514250116       
-0.9272421512963464      -0.1304333533445664      -0.8118911420145207      0.0025030514250116       
-0.9272421512963464      -0.1304333533445664      -0.1304333533445664      0.0025030514250116       
-0.9272421512963464      -0.8118911420145207      -0.1304333533445664      0.0025030514250116       
-0.6088802984207313      0.1354816349081344       -0.9177210380666714      0.0031486608876128       
-0.6088802984207313      -0.6088802984207313      -0.9177210380666716      0.0031486608876128       
0.1354816349081343       -0.6088802984207313      -0.9177210380666716      0.0031486608876128       
0.1354816349081344       -0.9177210380666714      -0.6088802984207313      0.0031486608876128       
-0.6088802984207313      -0.9177210380666716      -0.6088802984207313      0.0031486608876128       
-0.6088802984207313      -0.9177210380666716      0.1354816349081343       0.0031486608876128       
-0.6088802984207313      0.1354816349081344       -0.6088802984207313      0.0031486608876128       
0.1354816349081343       -0.6088802984207313      -0.6088802984207313      0.0031486608876128       
-0.6088802984207313      -0.6088802984207313      0.1354816349081343       0.0031486608876128       
-0.9177210380666714      -0.6088802984207313      0.1354816349081344       0.0031486608876128       
-0.9177210380666716      -0.6088802984207313      -0.6088802984207313      0.0031486608876128       
-0.9177210380666716      0.1354816349081343       -0.6088802984207313      0.0031486608876128       
-0.1987739095766560      -0.6712181952218639      -0.9312339856248242      0.0024195290902696       
-0.1987739095766560      -0.1987739095766559      -0.9312339856248242      0.0024195290902696       
-0.6712181952218639      -0.1987739095766559      -0.9312339856248242      0.0024195290902696       
-0.6712181952218639      -0.9312339856248242      -0.1987739095766560      0.0024195290902696       
-0.1987739095766559      -0.9312339856248242      -0.1987739095766560      0.0024195290902696       
-0.1987739095766559      -0.9312339856248242      -0.6712181952218639      0.0024195290902696       
-0.1987739095766560      -0.6712181952218639      -0.1987739095766560      0.0024195290902696       
-0.6712181952218639      -0.1987739095766559      -0.1987739095766560      0.0024195290902696       
-0.1987739095766560      -0.1987739095766559      -0.6712181952218639      0.0024195290902696       
-0.9312339856248242      -0.1987739095766560      -0.6712181952218639      0.0024195290902696       
-0.9312339856248242      -0.1987739095766560      -0.1987739095766559      0.0024195290902696       
-0.9312339856248242      -0.6712181952218639      -0.1987739095766559      0.0024195290902696       
-0.4603463895259505      -0.1569024536360026      -0.9224047673120964      0.0028210568919090       
-0.4603463895259505      -0.4603463895259505      -0.9224047673120964      0.0028210568919090       
-0.1569024536360026      -0.4603463895259505      -0.9224047673120964      0.0028210568919090       
-0.1569024536360026      -0.9224047673120964      -0.4603463895259505      0.0028210568919090       
-0.4603463895259505      -0.9224047673120964      -0.4603463895259505      0.0028210568919090       
-0.4603463895259505      -0.9224047673120964      -0.1569024536360026      0.0028210568919090       
-0.4603463895259505      -0.1569024536360026      -0.4603463895259505      0.0028210568919090       
-0.1569024536360026      -0.4603463895259505      -0.4603463895259505      0.0028210568919090       
-0.4603463895259505      -0.4603463895259505      -0.1569024536360026      0.0028210568919090       
-0.9224047673120964      -0.4603463895259505      -0.1569024536360026      0.0028210568919090       
-0.9224047673120964      -0.4603463895259505      -0.4603463895259505      0.0028210568919090       
-0.9224047673120964      -0.1569024536360026      -0.4603463895259505      0.0028210568919090       
-0.2715171948169851      -0.5291266351004854      -0.9278389752655442      0.0019138601046544       
-0.2715171948169851      -0.2715171948169851      -0.9278389752655442      0.0019138601046544       
-0.5291266351004854      -0.2715171948169851      -0.9278389752655442      0.0019138601046544       
-0.5291266351004854      -0.9278389752655442      -0.2715171948169851      0.0019138601046544       
-0.2715171948169851      -0.9278389752655442      -0.2715171948169851      0.0019138601046544       
-0.2715171948169851      -0.9278389752655442      -0.5291266351004854      0.0019138601046544       
-0.2715171948169851      -0.5291266351004854      -0.2715171948169851      0.0019138601046544       
-0.5291266351004854      -0.2715171948169851      -0.2715171948169851      0.0019138601046544       
-0.2715171948169851      -0.2715171948169851      -0.5291266351004854      0.0019138601046544       
-0.9278389752655442      -0.2715171948169851      -0.5291266351004854      0.0019138601046544       
-0.9278389752655442      -0.2715171948169851      -0.2715171948169851      0.0019138601046544       
-0.9278389752655442      -0.5291266351004854      -0.2715171948169851      0.0019138601046544       
-0.7897567830006851      -0.6354439280648081      0.2149574940661782       0.0034922892408320       
-0.7897567830006851      -0.7897567830006851      0.2149574940661782       0.0034922892408320       
-0.6354439280648081      -0.7897567830006851      0.2149574940661782       0.0034922892408320       
-0.6354439280648081      0.2149574940661782       -0.7897567830006851      0.0034922892408320       
-0.7897567830006851      0.2149574940661782       -0.7897567830006851      0.0034922892408320       
-0.7897567830006851      0.2149574940661782       -0.6354439280648081      0.0034922892408320       
-0.7897567830006851      -0.6354439280648081      -0.7897567830006851      0.0034922892408320       
-0.6354439280648081      -0.7897567830006851      -0.7897567830006851      0.0034922892408320       
-0.7897567830006851      -0.7897567830006851      -0.6354439280648081      0.0034922892408320       
0.2149574940661782       -0.7897567830006851      -0.6354439280648081      0.0034922892408320       
0.2149574940661782       -0.7897567830006851      -0.7897567830006851      0.0034922892408320       
0.2149574940661782       -0.6354439280648081      -0.7897567830006851      0.0034922892408320       
-0.8018669299841211      -0.4281248329845842      0.0318586929528264       0.0040968066912942       
-0.8018669299841211      -0.8018669299841211      0.0318586929528264       0.0040968066912942       
-0.4281248329845842      -0.8018669299841211      0.0318586929528264       0.0040968066912942       
-0.4281248329845842      0.0318586929528264       -0.8018669299841211      0.0040968066912942       
-0.8018669299841211      0.0318586929528264       -0.8018669299841211      0.0040968066912942       
-0.8018669299841211      0.0318586929528264       -0.4281248329845842      0.0040968066912942       
-0.8018669299841211      -0.4281248329845842      -0.8018669299841211      0.0040968066912942       
-0.4281248329845842      -0.8018669299841211      -0.8018669299841211      0.0040968066912942       
-0.8018669299841211      -0.8018669299841211      -0.4281248329845842      0.0040968066912942       
0.0318586929528264       -0.8018669299841211      -0.4281248329845842      0.0040968066912942       
0.0318586929528264       -0.8018669299841211      -0.8018669299841211      0.0040968066912942       
0.0318586929528264       -0.4281248329845842      -0.8018669299841211      0.0040968066912942       
-0.6306599474341136      0.0582522805561447       -0.7969323856879176      0.0044095611970835       
-0.6306599474341136      -0.6306599474341135      -0.7969323856879176      0.0044095611970835       
0.0582522805561447       -0.6306599474341135      -0.7969323856879176      0.0044095611970835       
0.0582522805561447       -0.7969323856879176      -0.6306599474341136      0.0044095611970835       
-0.6306599474341135      -0.7969323856879176      -0.6306599474341136      0.0044095611970835       
-0.6306599474341135      -0.7969323856879176      0.0582522805561447       0.0044095611970835       
-0.6306599474341136      0.0582522805561447       -0.6306599474341136      0.0044095611970835       
0.0582522805561447       -0.6306599474341135      -0.6306599474341136      0.0044095611970835       
-0.6306599474341136      -0.6306599474341135      0.0582522805561447       0.0044095611970835       
-0.7969323856879176      -0.6306599474341136      0.0582522805561447       0.0044095611970835       
-0.7969323856879176      -0.6306599474341136      -0.6306599474341135      0.0044095611970835       
-0.7969323856879176      0.0582522805561447       -0.6306599474341135      0.0044095611970835       
-0.2409978928565552      -0.6834293219897996      -0.8345748922970901      0.0025678040185593       
-0.2409978928565552      -0.2409978928565552      -0.8345748922970903      0.0025678040185593       
-0.6834293219897996      -0.2409978928565552      -0.8345748922970903      0.0025678040185593       
-0.6834293219897996      -0.8345748922970901      -0.2409978928565552      0.0025678040185593       
-0.2409978928565552      -0.8345748922970903      -0.2409978928565552      0.0025678040185593       
-0.2409978928565552      -0.8345748922970903      -0.6834293219897996      0.0025678040185593       
-0.2409978928565552      -0.6834293219897996      -0.2409978928565552      0.0025678040185593       
-0.6834293219897996      -0.2409978928565552      -0.2409978928565552      0.0025678040185593       
-0.2409978928565552      -0.2409978928565552      -0.6834293219897996      0.0025678040185593       
-0.8345748922970901      -0.2409978928565552      -0.6834293219897996      0.0025678040185593       
-0.8345748922970903      -0.2409978928565552      -0.2409978928565552      0.0025678040185593       
-0.8345748922970903      -0.6834293219897996      -0.2409978928565552      0.0025678040185593       
-0.4921482217782435      -0.1929807422493065      -0.8227228141942065      0.0034461530239915       
-0.4921482217782435      -0.4921482217782435      -0.8227228141942065      0.0034461530239915       
-0.1929807422493065      -0.4921482217782435      -0.8227228141942065      0.0034461530239915       
-0.1929807422493065      -0.8227228141942065      -0.4921482217782435      0.0034461530239915       
-0.4921482217782435      -0.8227228141942065      -0.4921482217782435      0.0034461530239915       
-0.4921482217782435      -0.8227228141942065      -0.1929807422493065      0.0034461530239915       
-0.4921482217782435      -0.1929807422493065      -0.4921482217782435      0.0034461530239915       
-0.1929807422493065      -0.4921482217782435      -0.4921482217782435      0.0034461530239915       
-0.4921482217782435      -0.4921482217782435      -0.1929807422493065      0.0034461530239915       
-0.8227228141942065      -0.4921482217782435      -0.1929807422493065      0.0034461530239915       
-0.8227228141942065      -0.4921482217782435      -0.4921482217782435      0.0034461530239915       
-0.8227228141942065      -0.1929807422493065      -0.4921482217782435      0.0034461530239915       
-0.2900274686377820      -0.5914495492321166      -0.8284955134923195      0.0021516751168060       
-0.2900274686377820      -0.2900274686377820      -0.8284955134923195      0.0021516751168060       
-0.5914495492321166      -0.2900274686377820      -0.8284955134923195      0.0021516751168060       
-0.5914495492321166      -0.8284955134923195      -0.2900274686377820      0.0021516751168060       
-0.2900274686377820      -0.8284955134923195      -0.2900274686377820      0.0021516751168060       
-0.2900274686377820      -0.8284955134923195      -0.5914495492321166      0.0021516751168060       
-0.2900274686377820      -0.5914495492321166      -0.2900274686377820      0.0021516751168060       
-0.5914495492321166      -0.2900274686377820      -0.2900274686377820      0.0021516751168060       
-0.2900274686377820      -0.2900274686377820      -0.5914495492321166      0.0021516751168060       
-0.8284955134923195      -0.2900274686377820      -0.5914495492321166      0.0021516751168060       
-0.8284955134923195      -0.2900274686377820      -0.2900274686377820      0.0021516751168060       
-0.8284955134923195      -0.5914495492321166      -0.2900274686377820      0.0021516751168060       
-0.6723330007968394      -0.4656429603894356      -0.1896910380168855      0.0027907842365795       
-0.6723330007968394      -0.6723330007968394      -0.1896910380168855      0.0027907842365795       
-0.4656429603894356      -0.6723330007968394      -0.1896910380168855      0.0027907842365795       
-0.4656429603894356      -0.1896910380168855      -0.6723330007968394      0.0027907842365795       
-0.6723330007968394      -0.1896910380168855      -0.6723330007968394      0.0027907842365795       
-0.6723330007968394      -0.1896910380168855      -0.4656429603894356      0.0027907842365795       
-0.6723330007968394      -0.4656429603894356      -0.6723330007968394      0.0027907842365795       
-0.4656429603894356      -0.6723330007968394      -0.6723330007968394      0.0027907842365795       
-0.6723330007968394      -0.6723330007968394      -0.4656429603894356      0.0027907842365795       
-0.1896910380168855      -0.6723330007968394      -0.4656429603894356      0.0027907842365795       
-0.1896910380168855      -0.6723330007968394      -0.6723330007968394      0.0027907842365795       
-0.1896910380168855      -0.4656429603894356      -0.6723330007968394      0.0027907842365795       
-0.5347809093628682      -0.2255835635812792      -0.7048546176929847      0.0025257320063363       
-0.5347809093628682      -0.5347809093628682      -0.7048546176929846      0.0025257320063363       
-0.2255835635812792      -0.5347809093628682      -0.7048546176929846      0.0025257320063363       
-0.2255835635812792      -0.7048546176929847      -0.5347809093628682      0.0025257320063363       
-0.5347809093628682      -0.7048546176929846      -0.5347809093628682      0.0025257320063363       
-0.5347809093628682      -0.7048546176929846      -0.2255835635812792      0.0025257320063363       
-0.5347809093628682      -0.2255835635812792      -0.5347809093628682      0.0025257320063363       
-0.2255835635812792      -0.5347809093628682      -0.5347809093628682      0.0025257320063363       
-0.5347809093628682      -0.5347809093628682      -0.2255835635812792      0.0025257320063363       
-0.7048546176929847      -0.5347809093628682      -0.2255835635812792      0.0025257320063363       
-0.7048546176929846      -0.5347809093628682      -0.5347809093628682      0.0025257320063363       
-0.7048546176929846      -0.2255835635812792      -0.5347809093628682      0.0025257320063363       
-0.3376231100438008      -0.5841224214132030      -0.7406313584991953      0.0017145744432307       
-0.3376231100438008      -0.3376231100438009      -0.7406313584991953      0.0017145744432307       
-0.5841224214132030      -0.3376231100438009      -0.7406313584991953      0.0017145744432307       
-0.5841224214132030      -0.7406313584991953      -0.3376231100438008      0.0017145744432307       
-0.3376231100438009      -0.7406313584991953      -0.3376231100438008      0.0017145744432307       
-0.3376231100438009      -0.7406313584991953      -0.5841224214132030      0.0017145744432307       
-0.3376231100438008      -0.5841224214132030      -0.3376231100438008      0.0017145744432307       
-0.5841224214132030      -0.3376231100438009      -0.3376231100438008      0.0017145744432307       
-0.3376231100438008      -0.3376231100438009      -0.5841224214132030      0.0017145744432307       
-0.7406313584991953      -0.3376231100438008      -0.5841224214132030      0.0017145744432307       
-0.7406313584991953      -0.3376231100438008      -0.3376231100438009      0.0017145744432307       
-0.7406313584991953      -0.5841224214132030      -0.3376231100438009      0.0017145744432307       
0.6221963063531590       -0.9836004558027774      -0.8966640065152425      0.0008668450791043       
-0.7419318440351392      -0.9836004558027774      -0.8966640065152425      0.0008668450791043       
-0.7419318440351392      0.6221963063531590       -0.8966640065152425      0.0008668450791043       
0.6221963063531590       -0.7419318440351392      -0.8966640065152425      0.0008668450791043       
-0.9836004558027774      -0.7419318440351392      -0.8966640065152425      0.0008668450791043       
-0.9836004558027774      0.6221963063531590       -0.8966640065152425      0.0008668450791043       
-0.9836004558027774      -0.8966640065152425      0.6221963063531590       0.0008668450791043       
-0.9836004558027774      -0.8966640065152425      -0.7419318440351392      0.0008668450791043       
0.6221963063531590       -0.8966640065152425      -0.7419318440351392      0.0008668450791043       
-0.7419318440351392      -0.8966640065152425      0.6221963063531590       0.0008668450791043       
-0.7419318440351392      -0.8966640065152425      -0.9836004558027774      0.0008668450791043       
0.6221963063531590       -0.8966640065152425      -0.9836004558027774      0.0008668450791043       
-0.7419318440351392      -0.9836004558027774      0.6221963063531590       0.0008668450791043       
0.6221963063531590       -0.9836004558027774      -0.7419318440351392      0.0008668450791043       
-0.9836004558027774      0.6221963063531590       -0.7419318440351392      0.0008668450791043       
-0.9836004558027774      -0.7419318440351392      0.6221963063531590       0.0008668450791043       
0.6221963063531590       -0.7419318440351392      -0.9836004558027774      0.0008668450791043       
-0.7419318440351392      0.6221963063531590       -0.9836004558027774      0.0008668450791043       
-0.8966640065152425      0.6221963063531590       -0.9836004558027774      0.0008668450791043       
-0.8966640065152425      -0.7419318440351392      -0.9836004558027774      0.0008668450791043       
-0.8966640065152425      -0.7419318440351392      0.6221963063531590       0.0008668450791043       
-0.8966640065152425      0.6221963063531590       -0.7419318440351392      0.0008668450791043       
-0.8966640065152425      -0.9836004558027774      -0.7419318440351392      0.0008668450791043       
-0.8966640065152425      -0.9836004558027774      0.6221963063531590       0.0008668450791043       
0.4274157217217862       -0.9823398448736304      -0.9078685748493450      0.0010509161159190       
-0.5372073019988108      -0.9823398448736304      -0.9078685748493450      0.0010509161159190       
-0.5372073019988108      0.4274157217217862       -0.9078685748493450      0.0010509161159190       
0.4274157217217862       -0.5372073019988108      -0.9078685748493450      0.0010509161159190       
-0.9823398448736304      -0.5372073019988108      -0.9078685748493450      0.0010509161159190       
-0.9823398448736304      0.4274157217217862       -0.9078685748493450      0.0010509161159190       
-0.9823398448736304      -0.9078685748493450      0.4274157217217862       0.0010509161159190       
-0.9823398448736304      -0.9078685748493450      -0.5372073019988108      0.0010509161159190       
0.4274157217217862       -0.9078685748493450      -0.5372073019988108      0.0010509161159190       
-0.5372073019988108      -0.9078685748493450      0.4274157217217862       0.0010509161159190       
-0.5372073019988108      -0.9078685748493450      -0.9823398448736304      0.0010509161159190       
0.4274157217217862       -0.9078685748493450      -0.9823398448736304      0.0010509161159190       
-0.5372073019988108      -0.9823398448736304      0.4274157217217862       0.0010509161159190       
0.4274157217217862       -0.9823398448736304      -0.5372073019988108      0.0010509161159190       
-0.9823398448736304      0.4274157217217862       -0.5372073019988108      0.0010509161159190       
-0.9823398448736304      -0.5372073019988108      0.4274157217217862       0.0010509161159190       
0.4274157217217862       -0.5372073019988108      -0.9823398448736304      0.0010509161159190       
-0.5372073019988108      0.4274157217217862       -0.9823398448736304      0.0010509161159190       
-0.9078685748493450      0.4274157217217862       -0.9823398448736304      0.0010509161159190       
-0.9078685748493450      -0.5372073019988108      -0.9823398448736304      0.0010509161159190       
-0.9078685748493450      -0.5372073019988108      0.4274157217217862       0.0010509161159190       
-0.9078685748493450      0.4274157217217862       -0.5372073019988108      0.0010509161159190       
-0.9078685748493450      -0.9823398448736304      -0.5372073019988108      0.0010509161159190       
-0.9078685748493450      -0.9823398448736304      0.4274157217217862       0.0010509161159190       
0.1965918591637989       -0.9828531655579900      -0.9160157602875780      0.0010014746611517       
-0.2977229333182309      -0.9828531655579900      -0.9160157602875780      0.0010014746611517       
-0.2977229333182309      0.1965918591637989       -0.9160157602875783      0.0010014746611517       
0.1965918591637990       -0.2977229333182308      -0.9160157602875780      0.0010014746611517       
-0.9828531655579900      -0.2977229333182308      -0.9160157602875780      0.0010014746611517       
-0.9828531655579900      0.1965918591637989       -0.9160157602875783      0.0010014746611517       
-0.9828531655579900      -0.9160157602875780      0.1965918591637989       0.0010014746611517       
-0.9828531655579900      -0.9160157602875780      -0.2977229333182309      0.0010014746611517       
0.1965918591637989       -0.9160157602875783      -0.2977229333182309      0.0010014746611517       
-0.2977229333182308      -0.9160157602875780      0.1965918591637990       0.0010014746611517       
-0.2977229333182308      -0.9160157602875780      -0.9828531655579900      0.0010014746611517       
0.1965918591637989       -0.9160157602875783      -0.9828531655579900      0.0010014746611517       
-0.2977229333182309      -0.9828531655579900      0.1965918591637989       0.0010014746611517       
0.1965918591637989       -0.9828531655579900      -0.2977229333182309      0.0010014746611517       
-0.9828531655579900      0.1965918591637989       -0.2977229333182309      0.0010014746611517       
-0.9828531655579900      -0.2977229333182308      0.1965918591637990       0.0010014746611517       
0.1965918591637990       -0.2977229333182308      -0.9828531655579900      0.0010014746611517       
-0.2977229333182309      0.1965918591637989       -0.9828531655579900      0.0010014746611517       
-0.9160157602875780      0.1965918591637989       -0.9828531655579900      0.0010014746611517       
-0.9160157602875780      -0.2977229333182309      -0.9828531655579900      0.0010014746611517       
-0.9160157602875783      -0.2977229333182309      0.1965918591637989       0.0010014746611517       
-0.9160157602875780      0.1965918591637990       -0.2977229333182308      0.0010014746611517       
-0.9160157602875780      -0.9828531655579900      -0.2977229333182308      0.0010014746611517       
-0.9160157602875783      -0.9828531655579900      0.1965918591637989       0.0010014746611517       
0.3303110085947276       -0.9814423687796128      -0.7759661000416893      0.0014819622455597       
-0.5729025397734255      -0.9814423687796128      -0.7759661000416893      0.0014819622455597       
-0.5729025397734255      0.3303110085947276       -0.7759661000416892      0.0014819622455597       
0.3303110085947276       -0.5729025397734256      -0.7759661000416892      0.0014819622455597       
-0.9814423687796126      -0.5729025397734256      -0.7759661000416892      0.0014819622455597       
-0.9814423687796128      0.3303110085947276       -0.7759661000416892      0.0014819622455597       
-0.9814423687796128      -0.7759661000416893      0.3303110085947276       0.0014819622455597       
-0.9814423687796128      -0.7759661000416893      -0.5729025397734255      0.0014819622455597       
0.3303110085947276       -0.7759661000416892      -0.5729025397734255      0.0014819622455597       
-0.5729025397734256      -0.7759661000416892      0.3303110085947276       0.0014819622455597       
-0.5729025397734256      -0.7759661000416892      -0.9814423687796126      0.0014819622455597       
0.3303110085947276       -0.7759661000416892      -0.9814423687796128      0.0014819622455597       
-0.5729025397734255      -0.9814423687796128      0.3303110085947276       0.0014819622455597       
0.3303110085947276       -0.9814423687796128      -0.5729025397734255      0.0014819622455597       
-0.9814423687796128      0.3303110085947276       -0.5729025397734255      0.0014819622455597       
-0.9814423687796126      -0.5729025397734256      0.3303110085947276       0.0014819622455597       
0.3303110085947276       -0.5729025397734256      -0.9814423687796126      0.0014819622455597       
-0.5729025397734255      0.3303110085947276       -0.9814423687796128      0.0014819622455597       
-0.7759661000416893      0.3303110085947276       -0.9814423687796128      0.0014819622455597       
-0.7759661000416893      -0.5729025397734255      -0.9814423687796128      0.0014819622455597       
-0.7759661000416892      -0.5729025397734255      0.3303110085947276       0.0014819622455597       
-0.7759661000416892      0.3303110085947276       -0.5729025397734256      0.0014819622455597       
-0.7759661000416892      -0.9814423687796126      -0.5729025397734256      0.0014819622455597       
-0.7759661000416892      -0.9814423687796128      0.3303110085947276       0.0014819622455597       
0.1308246279379214       -0.9857741525988998      -0.7975359124259964      0.0012288925845437       
-0.3475145629130254      -0.9857741525988998      -0.7975359124259964      0.0012288925845437       
-0.3475145629130254      0.1308246279379214       -0.7975359124259964      0.0012288925845437       
0.1308246279379214       -0.3475145629130254      -0.7975359124259964      0.0012288925845437       
-0.9857741525988996      -0.3475145629130254      -0.7975359124259964      0.0012288925845437       
-0.9857741525988998      0.1308246279379214       -0.7975359124259964      0.0012288925845437       
-0.9857741525988998      -0.7975359124259964      0.1308246279379214       0.0012288925845437       
-0.9857741525988998      -0.7975359124259964      -0.3475145629130254      0.0012288925845437       
0.1308246279379214       -0.7975359124259964      -0.3475145629130254      0.0012288925845437       
-0.3475145629130254      -0.7975359124259964      0.1308246279379214       0.0012288925845437       
-0.3475145629130254      -0.7975359124259964      -0.9857741525988996      0.0012288925845437       
0.1308246279379214       -0.7975359124259964      -0.9857741525988998      0.0012288925845437       
-0.3475145629130254      -0.9857741525988998      0.1308246279379214       0.0012288925845437       
0.1308246279379214       -0.9857741525988998      -0.3475145629130254      0.0012288925845437       
-0.9857741525988998      0.1308246279379214       -0.3475145629130254      0.0012288925845437       
-0.9857741525988996      -0.3475145629130254      0.1308246279379214       0.0012288925845437       
0.1308246279379214       -0.3475145629130254      -0.9857741525988996      0.0012288925845437       
-0.3475145629130254      0.1308246279379214       -0.9857741525988998      0.0012288925845437       
-0.7975359124259964      0.1308246279379214       -0.9857741525988998      0.0012288925845437       
-0.7975359124259964      -0.3475145629130254      -0.9857741525988998      0.0012288925845437       
-0.7975359124259964      -0.3475145629130254      0.1308246279379214       0.0012288925845437       
-0.7975359124259964      0.1308246279379214       -0.3475145629130254      0.0012288925845437       
-0.7975359124259964      -0.9857741525988996      -0.3475145629130254      0.0012288925845437       
-0.7975359124259964      -0.9857741525988998      0.1308246279379214       0.0012288925845437       
0.0161677085944916       -0.9828841700754508      -0.6374660486805898      0.0015743878521867       
-0.3958174898384508      -0.9828841700754508      -0.6374660486805898      0.0015743878521867       
-0.3958174898384508      0.0161677085944916       -0.6374660486805898      0.0015743878521867       
0.0161677085944916       -0.3958174898384508      -0.6374660486805898      0.0015743878521867       
-0.9828841700754508      -0.3958174898384508      -0.6374660486805898      0.0015743878521867       
-0.9828841700754508      0.0161677085944916       -0.6374660486805898      0.0015743878521867       
-0.9828841700754508      -0.6374660486805898      0.0161677085944916       0.0015743878521867       
-0.9828841700754508      -0.6374660486805898      -0.3958174898384508      0.0015743878521867       
0.0161677085944916       -0.6374660486805898      -0.3958174898384508      0.0015743878521867       
-0.3958174898384508      -0.6374660486805898      0.0161677085944916       0.0015743878521867       
-0.3958174898384508      -0.6374660486805898      -0.9828841700754508      0.0015743878521867       
0.0161677085944916       -0.6374660486805898      -0.9828841700754508      0.0015743878521867       
-0.3958174898384508      -0.9828841700754508      0.0161677085944916       0.0015743878521867       
0.0161677085944916       -0.9828841700754508      -0.3958174898384508      0.0015743878521867       
-0.9828841700754508      0.0161677085944916       -0.3958174898384508      0.0015743878521867       
-0.9828841700754508      -0.3958174898384508      0.0161677085944916       0.0015743878521867       
0.0161677085944916       -0.3958174898384508      -0.9828841700754508      0.0015743878521867       
-0.3958174898384508      0.0161677085944916       -0.9828841700754508      0.0015743878521867       
-0.6374660486805898      0.0161677085944916       -0.9828841700754508      0.0015743878521867       
-0.6374660486805898      -0.3958174898384508      -0.9828841700754508      0.0015743878521867       
-0.6374660486805898      -0.3958174898384508      0.0161677085944916       0.0015743878521867       
-0.6374660486805898      0.0161677085944916       -0.3958174898384508      0.0015743878521867       
-0.6374660486805898      -0.9828841700754508      -0.3958174898384508      0.0015743878521867       
-0.6374660486805898      -0.9828841700754508      0.0161677085944916       0.0015743878521867       
0.2923656649085746       -0.9077527891184172      -0.7802098409840734      0.0029933029200401       
-0.6044030348060840      -0.9077527891184172      -0.7802098409840734      0.0029933029200401       
-0.6044030348060840      0.2923656649085746       -0.7802098409840734      0.0029933029200401       
0.2923656649085746       -0.6044030348060840      -0.7802098409840734      0.0029933029200401       
-0.9077527891184172      -0.6044030348060840      -0.7802098409840734      0.0029933029200401       
-0.9077527891184172      0.2923656649085746       -0.7802098409840734      0.0029933029200401       
-0.9077527891184172      -0.7802098409840734      0.2923656649085746       0.0029933029200401       
-0.9077527891184172      -0.7802098409840734      -0.6044030348060840      0.0029933029200401       
0.2923656649085746       -0.7802098409840734      -0.6044030348060840      0.0029933029200401       
-0.6044030348060840      -0.7802098409840734      0.2923656649085746       0.0029933029200401       
-0.6044030348060840      -0.7802098409840734      -0.9077527891184172      0.0029933029200401       
0.2923656649085746       -0.7802098409840734      -0.9077527891184172      0.0029933029200401       
-0.6044030348060840      -0.9077527891184172      0.2923656649085746       0.0029933029200401       
0.2923656649085746       -0.9077527891184172      -0.6044030348060840      0.0029933029200401       
-0.9077527891184172      0.2923656649085746       -0.6044030348060840      0.0029933029200401       
-0.9077527891184172      -0.6044030348060840      0.2923656649085746       0.0029933029200401       
0.2923656649085746       -0.6044030348060840      -0.9077527891184172      0.0029933029200401       
-0.6044030348060840      0.2923656649085746       -0.9077527891184172      0.0029933029200401       
-0.7802098409840734      0.2923656649085746       -0.9077527891184172      0.0029933029200401       
-0.7802098409840734      -0.6044030348060840      -0.9077527891184172      0.0029933029200401       
-0.7802098409840734      -0.6044030348060840      0.2923656649085746       0.0029933029200401       
-0.7802098409840734      0.2923656649085746       -0.6044030348060840      0.0029933029200401       
-0.7802098409840734      -0.9077527891184172      -0.6044030348060840      0.0029933029200401       
-0.7802098409840734      -0.9077527891184172      0.2923656649085746       0.0029933029200401       
0.0959861703445595       -0.9203457318682652      -0.7982065925011602      0.0029098907136467       
-0.3774338459751339      -0.9203457318682652      -0.7982065925011602      0.0029098907136467       
-0.3774338459751339      0.0959861703445595       -0.7982065925011602      0.0029098907136467       
0.0959861703445595       -0.3774338459751339      -0.7982065925011602      0.0029098907136467       
-0.9203457318682652      -0.3774338459751339      -0.7982065925011602      0.0029098907136467       
-0.9203457318682652      0.0959861703445595       -0.7982065925011602      0.0029098907136467       
-0.9203457318682652      -0.7982065925011602      0.0959861703445595       0.0029098907136467       
-0.9203457318682652      -0.7982065925011602      -0.3774338459751339      0.0029098907136467       
0.0959861703445595       -0.7982065925011602      -0.3774338459751339      0.0029098907136467       
-0.3774338459751339      -0.7982065925011602      0.0959861703445595       0.0029098907136467       
-0.3774338459751339      -0.7982065925011602      -0.9203457318682652      0.0029098907136467       
0.0959861703445595       -0.7982065925011602      -0.9203457318682652      0.0029098907136467       
-0.3774338459751339      -0.9203457318682652      0.0959861703445595       0.0029098907136467       
0.0959861703445595       -0.9203457318682652      -0.3774338459751339      0.0029098907136467       
-0.9203457318682652      0.0959861703445595       -0.3774338459751339      0.0029098907136467       
-0.9203457318682652      -0.3774338459751339      0.0959861703445595       0.0029098907136467       
0.0959861703445595       -0.3774338459751339      -0.9203457318682652      0.0029098907136467       
-0.3774338459751339      0.0959861703445595       -0.9203457318682652      0.0029098907136467       
-0.7982065925011602      0.0959861703445595       -0.9203457318682652      0.0029098907136467       
-0.7982065925011602      -0.3774338459751339      -0.9203457318682652      0.0029098907136467       
-0.7982065925011602      -0.3774338459751339      0.0959861703445595       0.0029098907136467       
-0.7982065925011602      0.0959861703445595       -0.3774338459751339      0.0029098907136467       
-0.7982065925011602      -0.9203457318682652      -0.3774338459751339      0.0029098907136467       
-0.7982065925011602      -0.9203457318682652      0.0959861703445595       0.0029098907136467       
-0.0211172045125002      -0.9125619620569732      -0.6487219918199154      0.0030721699107416       
-0.4175988416106113      -0.9125619620569732      -0.6487219918199154      0.0030721699107416       
-0.4175988416106113      -0.0211172045125002      -0.6487219918199155      0.0030721699107416       
-0.0211172045125002      -0.4175988416106113      -0.6487219918199155      0.0030721699107416       
-0.9125619620569732      -0.4175988416106113      -0.6487219918199155      0.0030721699107416       
-0.9125619620569732      -0.0211172045125002      -0.6487219918199155      0.0030721699107416       
-0.9125619620569732      -0.6487219918199154      -0.0211172045125002      0.0030721699107416       
-0.9125619620569732      -0.6487219918199154      -0.4175988416106113      0.0030721699107416       
-0.0211172045125002      -0.6487219918199155      -0.4175988416106113      0.0030721699107416       
-0.4175988416106113      -0.6487219918199155      -0.0211172045125002      0.0030721699107416       
-0.4175988416106113      -0.6487219918199155      -0.9125619620569732      0.0030721699107416       
-0.0211172045125002      -0.6487219918199155      -0.9125619620569732      0.0030721699107416       
-0.4175988416106113      -0.9125619620569732      -0.0211172045125002      0.0030721699107416       
-0.0211172045125002      -0.9125619620569732      -0.4175988416106113      0.0030721699107416       
-0.9125619620569732      -0.0211172045125002      -0.4175988416106113      0.0030721699107416       
-0.9125619620569732      -0.4175988416106113      -0.0211172045125002      0.0030721699107416       
-0.0211172045125002      -0.4175988416106113      -0.9125619620569732      0.0030721699107416       
-0.4175988416106113      -0.0211172045125002      -0.9125619620569732      0.0030721699107416       
-0.6487219918199154      -0.0211172045125002      -0.9125619620569732      0.0030721699107416       
-0.6487219918199154      -0.4175988416106113      -0.9125619620569732      0.0030721699107416       
-0.6487219918199155      -0.4175988416106113      -0.0211172045125002      0.0030721699107416       
-0.6487219918199155      -0.0211172045125002      -0.4175988416106113      0.0030721699107416       
-0.6487219918199155      -0.9125619620569732      -0.4175988416106113      0.0030721699107416       
-0.6487219918199155      -0.9125619620569732      -0.0211172045125002      0.0030721699107416       
-0.0914682362581801      -0.8017490962072626      -0.6633272313914342      0.0031922936482899       
-0.4434554361431229      -0.8017490962072626      -0.6633272313914342      0.0031922936482899       
-0.4434554361431229      -0.0914682362581802      -0.6633272313914342      0.0031922936482899       
-0.0914682362581801      -0.4434554361431229      -0.6633272313914342      0.0031922936482899       
-0.8017490962072628      -0.4434554361431229      -0.6633272313914342      0.0031922936482899       
-0.8017490962072628      -0.0914682362581802      -0.6633272313914342      0.0031922936482899       
-0.8017490962072626      -0.6633272313914342      -0.0914682362581801      0.0031922936482899       
-0.8017490962072626      -0.6633272313914342      -0.4434554361431229      0.0031922936482899       
-0.0914682362581802      -0.6633272313914342      -0.4434554361431229      0.0031922936482899       
-0.4434554361431229      -0.6633272313914342      -0.0914682362581801      0.0031922936482899       
-0.4434554361431229      -0.6633272313914342      -0.8017490962072628      0.0031922936482899       
-0.0914682362581802      -0.6633272313914342      -0.8017490962072628      0.0031922936482899       
-0.4434554361431229      -0.8017490962072626      -0.0914682362581801      0.0031922936482899       
-0.0914682362581801      -0.8017490962072626      -0.4434554361431229      0.0031922936482899       
-0.8017490962072628      -0.0914682362581802      -0.4434554361431229      0.0031922936482899       
-0.8017490962072628      -0.4434554361431229      -0.0914682362581801      0.0031922936482899       
-0.0914682362581801      -0.4434554361431229      -0.8017490962072628      0.0031922936482899       
-0.4434554361431229      -0.0914682362581802      -0.8017490962072628      0.0031922936482899       
-0.6633272313914342      -0.0914682362581801      -0.8017490962072626      0.0031922936482899       
-0.6633272313914342      -0.4434554361431229      -0.8017490962072626      0.0031922936482899       
-0.6633272313914342      -0.4434554361431229      -0.0914682362581802      0.0031922936482899       
-0.6633272313914342      -0.0914682362581801      -0.4434554361431229      0.0031922936482899       
-0.6633272313914342      -0.8017490962072628      -0.4434554361431229      0.0031922936482899       
-0.6633272313914342      -0.8017490962072628      -0.0914682362581802      0.0031922936482899       
-0.5000000000000000      -0.5000000000000000      -0.5000000000000000      0.0016915726423522       
