centroid       numS31         numS22         numS211        numS1111       
true (1)       7 (4)          5 (6)          52 (12)        41 (24)        

S1 
0.25000000000000000000000000000000 
0.00283460021683853751954448553278 

S31 
0.00454692670996803146074502362343 
0.00000939704354311465619257102441 

0.02388274779156375716236198556956 
0.00011515166143836090426069809854 

0.05877156240560744530454565218912 
0.00045787566133421378770867705909 

0.30243530405800671308303089019407 
0.00201952823262747755570923337412 

0.17466518187724527470885972910682 
0.00226032040325555110383102305485 

0.27961183001549715103980317498791 
0.00242935223398454984068486021656 

0.21585526482637783725070635913997 
0.00243090727352594714834071548568 


S22 
0.49931002374955632109478236884637 
0.00001905389617361650367769716595 

0.48804290583084300845663004914828 
0.00020303606760385576121292850831 

0.42273159486308263610948275331813 
0.00118171135521107782446894442772 

0.30525486993819505964391551864397 
0.00252811789322092968363376590835 

0.35618576957076134474412147622682 
0.00205699705787108333653290906539 


S211 
0.00480624271798591827744893150939 
0.96672794383120076682485915520091 
0.00002433155153795347073321378345 

0.00492970095421442091462376874085 
0.93221570117639879632284582622864 
0.00004047464138374975846364592943 

0.00478585617220148912603157646874 
0.88199657662062552018115400688307 
0.00005114788471773403023102062934 

0.00395632446433718649916790435766 
0.81461894394247724538366067379468 
0.00005127833274787300047902123321 

0.00290483544105608454580116672706 
0.72710167265973949394142092616145 
0.00003655145200456670595604539802 

0.00230572981422497012238401471674 
0.64199942818303154106820480760438 
0.00002592418565237560959515348463 

0.02555980662658637682331561704572 
0.00454616448159299811754794400254 
0.00005945846338825711577853339137 

0.48630312521760067137687005357543 
0.00195843960499552132732822978810 
0.00009041150345729819600483478367 

0.06008497992566121014214099543508 
0.00304659383477445850881745370711 
0.00008543942716637226353816149017 

0.46917024922668817807361695804498 
0.01891215241488219672103180198198 
0.00049247825172370697225478244312 

0.10051515479075051541535860118380 
0.00135227001797124728616272376238 
0.00009823565217201739591339612575 

0.46587056156275209997614035277186 
0.00407195339021526226268160294376 
0.00022759508262215511329942436646 

0.15635188581199360045636227187184 
0.00207097692840676579416780632882 
0.00014531829974464878576130620673 

0.44157582717999322474991207669862 
0.00793687732039960999111744337131 
0.00047962732982151052238459530513 

0.20139103351345240049495445354201 
0.00724348690224730275991571386831 
0.00045702742947503609326521515031 

0.41252365470692482860930667939789 
0.00330020206110018835125615934713 
0.00030228009572142007536836275906 

0.25858336336949799381024951390154 
0.01068826357242362304481316869053 
0.00068450583135654218972548331813 

0.38778473378690781232528576548021 
0.01642409063937944267979044212687 
0.00048718387146077619486218089670 

0.30765018079167031224583623738471 
0.00226804352981724835356291643096 
0.00017827427703782298083251121031 

0.36852706672118790039444152927414 
0.00645482990354234061718278532493 
0.00036348290588325800052858285506 

0.02365513561506732783647439809315 
0.89528749187165879979328647089184 
0.00015907446621746036219586863389 

0.02077668216535140408559984449331 
0.85079521678774542390941205805964 
0.00025843725333673931601361686329 

0.02748381511989621450137448557711 
0.77129543513783787751218006016360 
0.00032509800045381041068979524165 

0.02252872285694591900970612084607 
0.70693135566712832470563616528246 
0.00025004863063552896442912480809 

0.05714709248800405863212351793064 
0.02245628117694338302114002766677 
0.00029790871721504575929699629788 

0.10219328822409797970641934090948 
0.01870638516124656524522762683258 
0.00046258849892543918008770114314 

0.44084583795967904719038381532514 
0.03376814519726812892999177748335 
0.00082996246140691296912577421058 

0.14851792862885267555777019798705 
0.01565267945227525006640430630854 
0.00039882862663668583374745750254 

0.40969469081227420951954717362113 
0.03247453509747113412189158717110 
0.00114229255693093717232741559591 

0.30368777766940214499669178868262 
0.01664395874269310471504421665082 
0.00061675211690319599882824018363 

0.05750398588752215071765003591405 
0.73272976641551495810875891978817 
0.00059673128996982644855832686262 

0.05038062787315191410284440248966 
0.67369423454719984055267804475091 
0.00083674612129689061671919442967 

0.05233082455415700122768575913652 
0.58158040727882117164301033344404 
0.00067413624972065959893188034767 

0.04791217747717434711038923645453 
0.51167538841610735083402622322722 
0.00081913005349918724255571898325 

0.09576291376953978475100729130607 
0.05663210523054663654998928878146 
0.00075317270476110559235973865218 

0.14165755266977134676196126650242 
0.04662147919150751227978188320300 
0.00074329333160446203199174013579 

0.19346827617765604934176470141741 
0.04898233120148732067125884103902 
0.00108062641084738000479570354274 

0.23945979840061279916102472463626 
0.05133347767653984655390935590467 
0.00152579378681340392604422769878 

0.33285945239484869996515134773721 
0.12022596301475474484278556511230 
0.00206988307089024660397918603124 

0.29495574829307125258983716503484 
0.04404354329553054297004632559253 
0.00109348846700574389582730638969 

0.35948895306814986131883223525452 
0.06215691025600670886419090259207 
0.00173866805589667281194624910757 

0.09419885533025638019792999285959 
0.66961939706003706308331688560749 
0.00116044628707291424517480568940 

0.12509909980823800127648123233576 
0.57240077868759796276852115997464 
0.00131846954696808772413936580610 

0.08160131469992085700406164360953 
0.55503294659834495914818624063139 
0.00110923922776215375768103901221 

0.16027414497073927086925568745563 
0.07957090148214884864542191655210 
0.00117996092520222089498264724477 

0.39054714077162937946927664333710 
0.07948924778324866573896817438941 
0.00168710067271653732702494559332 

0.12329770306099586460734324442952 
0.51693326297696666479440485200427 
0.00154313873455569814168035435649 

0.11099356893792429225679249297105 
0.45802156129381330958886892969348 
0.00163085399104084716942097199625 

0.20258556548969230952466642770605 
0.10450730709974030054330954675683 
0.00211102724458122542528707156257 

0.24035799763569400215562809905014 
0.14028275262356809701750123438244 
0.00220426390386642155336919444202 

0.26292642489937683101411900409391 
0.08093181300338374483771685939786 
0.00161999106711674211518866743442 

0.16178442349655287547648015153606 
0.41839271379829656948200389084524 
0.00227667164391938183810546594738 


S1111 
0.06280694225854442111864091882749 
0.90679686224484559873403449341871 
0.02564160597598281244474648893796 
0.00009104162692425882769291138276 

0.11358116930131630394845498132350 
0.86131058703306736813394002622240 
0.02304130165096756317154019824149 
0.00005805364311940626089211895516 

0.16654532019203634122600214135946 
0.80462512282271771128248361567651 
0.02264694114598584043012749431248 
0.00013407019660497602921683490611 

0.23539011607766103109974412442573 
0.74135762156290803772889911367932 
0.01915969335946547878002677921083 
0.00012450652471868929095443032465 

0.32052654966936255823797988702063 
0.65504848134504058633820892292822 
0.01886375942008055854504224320490 
0.00016784918817984318688568883775 

0.41274726474304286375238675090880 
0.57210382901899083755036450308634 
0.01216754717298177772937696449884 
0.00008423269940716966416644085571 

0.10573751195008541153653045521771 
0.83227497584246060711801355249675 
0.05489891360056013417745632192003 
0.00022340711058643553062976211537 

0.16624887525266522376260466736991 
0.77913635606541722994682679703988 
0.05173707376987342503701336805960 
0.00011554904361312970903127629875 

0.23330883016893244042873519222394 
0.71023120074890473353716222665000 
0.05337896123996095351548873074196 
0.00013475773513865769866087545291 

0.31212138034241189127357038632265 
0.64143597730075926123450146964862 
0.04562179776335130639627286484442 
0.00008330565019079329536401131164 

0.39749171663836288790252799025564 
0.55749706057415786764819270010145 
0.04111228834837271802735757431519 
0.00016483763739757424616362244939 

0.15641373784002842250473057140811 
0.74719153536898505078792780973550 
0.09435099691067909002121182704106 
0.00010419506452439815029563536409 

0.22510997828468073675865964233094 
0.67562118062624692809753305790736 
0.09512122040687137613134866673860 
0.00019099428976041161602970805552 

0.30014372186189258910287717404085 
0.61232321083710285117370881953350 
0.08111942713859105655202744366672 
0.00031597599429076044795269139677 

0.37752579837193387059459170301757 
0.54133005602078705093521668344091 
0.07791062073752952761825818336174 
0.00015643119869203787842851083591 

0.21732801604517297297589642330900 
0.63914642139403607758180286027836 
0.13940552612773785147424030965371 
0.00021617215546370723891589677542 

0.28508633029696805942903779684590 
0.57717404100384384518538787570500 
0.13130528115050294404859623091284 
0.00038593328803338356888910303849 

0.36426861712856450279900168356410 
0.51154602112611809472385520087217 
0.12403990945416667704496152506863 
0.00012835698118953374707873892410 

0.26997817079779978297616828693637 
0.53499653579603120397332475074511 
0.19342436233569879274189522484345 
0.00020215920427290793027042083334 

0.33870600304886631018559425029795 
0.47596569061974654491212980543337 
0.17549464175767929378212390255880 
0.00051894130538492005775503953623 

0.32253333077323756763922113568020 
0.44310869612000568050765690745808 
0.23255241167379427036361490851425 
0.00020582533756038681570415176810 

0.10545667190856233447104453033548 
0.80704109058495382329838217234429 
0.05560544753851951639434791511650 
0.00039471060922954861304461563366 

0.16403293900276602031048048542415 
0.75871367855932619166556377683935 
0.05790139567188687412798570435482 
0.00037201238317535466776544044502 

0.23746265707546633715879323728646 
0.70003232412304881023921044738255 
0.04717491105367492602922804734547 
0.00026934940021064558198574745109 

0.31055360207979640744861578998007 
0.62638990452083089617122116103605 
0.04378563376865498756933247749608 
0.00044859138796253872874068664191 

0.39041636696972272608353203313858 
0.56348943386754370396935037434603 
0.02961029741106844555571828815239 
0.00027191718317318393582411776826 

0.15941147596457966576055721832702 
0.72814587862389462533909214709579 
0.10087403640162880894681591746314 
0.00027861113417844723683625128452 

0.22109164426974880231260600668828 
0.66992202322469058288013884034767 
0.08673615945612197067567195269301 
0.00051576679944229038891013791700 

0.28218834898384224069548326577325 
0.59966167505887900309880495295425 
0.08500296016007653722410838556918 
0.00064207371349668399421006085226 

0.37268471291018231031729511360366 
0.53337673267310854430460614592583 
0.07462970540741983058478643101280 
0.00059960850176015176766223532177 

0.20968398665175755631285905255213 
0.62089893705730859759190264445266 
0.14368169224899257676473410172618 
0.00080292325298120489455485044974 

0.28694017131473310195242336932776 
0.55725270280653911809181734781837 
0.12475729803724449433796799128706 
0.00065401383958943575438677652426 

0.35634947973947361288670360895095 
0.49999613732929829451796269452101 
0.12584302187278193923480973709182 
0.00059031062209729323178353870486 

0.26045629272480523059962481722026 
0.52867033639591422164915455414780 
0.18831486353236170266747505861326 
0.00087364948145709992133757883871 

0.32130281730430542599491882191930 
0.42105822250295635396007790858640 
0.22967249474442659903486563418614 
0.00096711548345937695528586168115 

0.15810640311053797831070670243230 
0.70709794765955733066211938137090 
0.09444485554865750005965592601943 
0.00060572068361451777793010523268 

0.21091086964765281926331609207910 
0.62110299541489494665639899594881 
0.10420126159751534024987789925774 
0.00116011802355079827766760250809 

0.25262563142512035006360335248797 
0.53236750909397419118577662630873 
0.14728201038709236174494178389513 
0.00141893763222969246644579289571 

0.34864906878231654147588779981223 
0.49179370492269066800331832581458 
0.10406867488513848192696483550680 
0.00126195128747846501399285871077 

0.31876510274923131302655309332572 
0.46149773917145945214832794751859 
0.17194760841002300009090197185366 
0.00121234956343337755099125360236 

0.29288104114630137037845616045209 
0.43164739867155205920655872109127 
0.18071012374401463458682997276856 
0.00183715502183091000577544231297 

