centroid       numS31         numS22         numS211        numS1111       
false (1)      4 (4)          1 (6)          2 (12)         0 (24)         

S31 
0.07593171043412187857751211287761676162150126460626473139920990552828181450954319741295982898150100636417721442125170787341048096
0.01885622495111290734327204090638738142521035852606660113078679605233252417321168400507032055206769454117418719186292256335799706

0.31555396733412044201886645185091914623481172337811320587398705547265932231339804803050016563989817105096021462943447494631247121
0.02940024474198879612889502176558367372413751735762390599420315879186155455516201940751661802485571562414891823691951219308326592

0.18562073100470755294043278036622046081197831403633087050764945106270708674216525434833917976573641193512702073254394495672386300
0.05856882998950087896655819481581435925181674477552327304648545151626543217102977019442740228148759079894859001815709845065453515

0.00546907699494692618120175663701790695081287640349083202552733114559587975077781168839336863202896066449484124718670095096771238
0.00088091280643541075698164983205728420761172255213724329224338640008727227702038168261301190582745266459352864766564940274026910


S22 
0.44261852533865142220902902943667225504371261654764783307401182818158878689172205093150039471377659713889701080407444079249759595
0.03201734420029445222751201660011632850390380797828256083728388078156880150817674730770532974181194039124761836986712793977507948


S211 
0.02572791559974619080734673281157663097422738917516363685869003320945675100825837897326185274736855744776883880712475007344308948
0.73273535372104795153901938888522909257960539336911959721911268187005890670050503191337815719756798069585102584407281852527469071
0.00818565045565507739096807883726871559097270160279706837062046534192190702818866809594126268631491921510969966819920937631809111

0.21016007222479704877096214684728615059913095783790582437562970491556584222695336570208546671980076509535258780091416986756445037
0.02483712012515843541668080293499568210137268942174588893334275235637430339891976416966771377713380316539938460465158876732419090
0.02323693994785169876337361042272555395414994667094464338949799668044476449224833982033028818803295937964474978199883245051568006

