centroid       numS31         numS22         numS211        numS1111       
false (1)      7 (4)          6 (6)          58 (12)        42 (24)        

S31 
0.00478393668820655598450633766227 
0.00001171817067980486920927667165 

0.04013265031266426934774935992410 
0.00019663246263973359025458926338 

0.30359702812222739118146216407760 
0.00209817364940039404136032824271 

0.17023298079109851984370292211054 
0.00193529432502971720146632265922 

0.20299112425234078746629393068341 
0.00165450258018507015739463783680 

0.27632458701713941345944952519820 
0.00170053458380695252516970091061 

0.23006633952440376350663479180073 
0.00235284102128206386582276515781 


S22 
0.49435251616066639486298231380066 
0.00007418587977711817592527140538 

0.48114635880297727497702067264872 
0.00023205071248668177948405567268 

0.45227773589952386174017607300115 
0.00073819703489862198544487457893 

0.41856371522930208436639535015104 
0.00109912957627910751962824209233 

0.36250133971268494420268821030142 
0.00184313076147565311576429761847 

0.31407700460805633915551162566136 
0.00229616810800381165961772426053 


S211 
0.00367041355139451919484939914881 
0.96452791607921156234110138030308 
0.00001746513536934317170500551741 

0.00459835868355230282071828465661 
0.92556066849400123735411162798022 
0.00003642184564140544237756652786 

0.00503212207258533776051148044548 
0.87588021991549875057076070397050 
0.00005313697026069151923925568826 

0.00379721163614289098517664813692 
0.81697550837059556182061375357108 
0.00004159730857434074791659212461 

0.00474258591655199168490027948568 
0.74214232190059574146346630220264 
0.00005992628477529017365458603538 

0.00151184181611301184361165955192 
0.66014390399198212795660619899028 
0.00002190813222725438446294055345 

0.00264566351580586173055622453010 
0.56008019137394317289476322027840 
0.00002433156493551895759180831144 

0.01993373083608244614554629419165 
0.00406712932873861989296318072191 
0.00003691988113854523959528412313 

0.48547785515009646186667093119666 
0.00326720704658429202868341248360 
0.00013705762898556916714773509850 

0.06075268893664217054834657393041 
0.00141491207182284144933588413931 
0.00006174565237309937556979192536 

0.46582226814546189002668332985896 
0.00220704907552409269770938917563 
0.00015659807243085089592434291911 

0.10431518270433689877139858801624 
0.00138943901076466565984114006778 
0.00010785347010014230540059324716 

0.15239104873419046051810605169478 
0.00058438817070317786963836957379 
0.00011876017446063159144041602721 

0.44261698152021186337107267676000 
0.00831582743206875277154097200339 
0.00044962881584986917152285120255 

0.19706838385117877992136211603837 
0.00103494285558214985344614346288 
0.00014221613717181270088939766733 

0.41824633712240245027931696208935 
0.00331049230489426971504156750571 
0.00025430897674444270807042528053 

0.25382102247735901719686637658192 
0.00420583351902780920853026177382 
0.00034183991872335893331650463497 

0.39755784240741941476522151671168 
0.00671886885731845213937494480834 
0.00011584618349701933119828302979 

0.30753215181087695058823779256067 
0.00168745788014210158716260969194 
0.00016890348258333261385525067139 

0.01883081838457330171233851737424 
0.92552296113182642635220703188090 
0.00008184541022474805384204755473 

0.02214977101242566522338549239213 
0.87602323495698568056589517868713 
0.00021158555473473004388489348412 

0.02194961393166729596036151958062 
0.81968746312178826002010073267120 
0.00024664285593644230453645035249 

0.01838850485391012417253390393850 
0.74600383327041682773683151521543 
0.00023456133997375056014462736590 

0.02253476108854359224120706008743 
0.68127888962520160142740662419127 
0.00021134665093731280882293600515 

0.02254164506565115135928425201770 
0.56120970088335796105874747583561 
0.00038873452789958223812186278308 

0.05441111546554674328504756537693 
0.01628740404681908176620080475182 
0.00023316015570195935575038712088 

0.46706854124579843614718491924132 
0.01727429353222133623478968333306 
0.00043602086086395496462997258324 

0.10182578576026805456174824949064 
0.01752536642622283733731543844696 
0.00039038401044569836613055136597 

0.15647344310706542561613805659942 
0.01797772818883094101854045834148 
0.00055640541672895679104079408021 

0.20717865637850575301402351996364 
0.01415566171475346920632614095753 
0.00061048198457422705894589524897 

0.40609253392143047286956844737438 
0.02516930583085398562749453155602 
0.00092945979697497404298226343468 

0.26333841424112175198974924440506 
0.02046708468154404601541932706723 
0.00075481527434673491571580672782 

0.36700716500581149908399196308000 
0.02263448335785916888407264791228 
0.00080865186065225227810490199156 

0.30606353976675824573456529860313 
0.01296896546668573193472054447610 
0.00052928886131730689925267134474 

0.05519977094430897733037315281224 
0.82423382525515964980833096486891 
0.00016288161342747735389461132488 

0.05666791202010704575420600119514 
0.74063040868884814878587123188115 
0.00064789080291911007861417882481 

0.03987747427308384294576669955468 
0.70321418128974627084159813265808 
0.00053170522363912498367059453382 

0.04981017483465993084913902586978 
0.62386264922034511470496333386172 
0.00061463001149185260315104855881 

0.04382399789680765229744931333520 
0.54375110809942000459477504562417 
0.00063551557127231580139955296282 

0.09592354040398123922665460033080 
0.05700163838160038414570452772837 
0.00073634540781314613206989976436 

0.43377132427215430574811620729226 
0.03560631841225118164228276759562 
0.00092465890945697068153239131705 

0.14201811661188401669795033843079 
0.05525550170211585635260311607270 
0.00095061550546655277314887251784 

0.18672260736244003672105178365986 
0.04487310192944438346964862132607 
0.00110706641035848043884305295298 

0.29244350887466008289926367721736 
0.04279068227101164439332425228250 
0.00128193960411836586313907934942 

0.09299651479623339029840388420812 
0.67163636869980876594786655670474 
0.00111060684180647203344544628164 

0.08222107167804797933142984314946 
0.56707977093399608705303710305417 
0.00113808283978151117936827239587 

0.15083361181380552117005427987143 
0.11394183984044025655372384919729 
0.00094767635083719129621068118207 

0.19002688150037697328633044823822 
0.09891369253385918342701500809396 
0.00115569786003547689901078562246 

0.39219884811094148177917404319360 
0.07171169199017992807820267519720 
0.00158505294853143170489301770205 

0.23750475617887488513124140475986 
0.04620929913097513789388285665592 
0.00098580026689729106124504984008 

0.35523542143755180616626079438396 
0.06411058063471858032369450498624 
0.00123996656425633592022401012872 

0.25720373389006340002939488201018 
0.08137065716267048653746804384091 
0.00171849489507876184355208695439 

0.13000278819358734151155344276570 
0.50324466833265559484025299347185 
0.00181433364811038065697578308733 

0.10612576492598034239831134947591 
0.45362848218897682604361378173011 
0.00136601860606766373479723906869 

0.21544284692938382527657125569543 
0.12235999044470529227079703182374 
0.00159190567071876701354627148576 

0.33532641786471326659578470372502 
0.11344439979186827339327584090959 
0.00184805510345263241192806807690 

0.16689270097888402079611266138833 
0.40406203216601872712574318904644 
0.00194574751299269717939472750640 

0.25180372308635205271583500663423 
0.14336603462679693204143886412936 
0.00209346857581121976789403122770 


S1111 
0.05416194568744243100455414595485 
0.91775482916033519276486970198375 
0.02405532464487399036468245510559 
0.00007331502564486545948970823891 

0.10495579135020842848826269373238 
0.86609455088337999213207383418220 
0.02518719285964225642252717772665 
0.00009463842498213639462072607691 

0.16981965691300930847291974621893 
0.80351971484449838116742517366853 
0.02239747609759969200200261341816 
0.00012067323862559860307775319971 

0.24612084532576177947669422772925 
0.73362366390848705196233905929187 
0.01862301948049671224220095606809 
0.00004999697563183367534725161822 

0.31903739894726917668095453165145 
0.65764620733370555068671811803107 
0.01816297109708531375595930361669 
0.00014665997668564921693990007457 

0.40023656357412626743643799050227 
0.58080799669817973656385628052978 
0.01537127018170316808808154165401 
0.00010068318938221859025888026340 

0.10494658562226616481088988137189 
0.83112310720640470939465429802021 
0.05711716737063386782688042324169 
0.00020082552477888157484627144664 

0.16194091987710752696994476471344 
0.77778870375226352419204900065272 
0.05801222880021291074329195864382 
0.00012101757979564213726313401696 

0.23341899267463663724589629081741 
0.71643594204511690873294101596298 
0.04415084423028224804926378961134 
0.00023301586115268008135289983096 

0.30744619809699077534025224253689 
0.64158559378530179966781370876122 
0.05024509544577361265024165014334 
0.00008878768394272837059372577614 

0.22564445477247559730488908552809 
0.68246825617835263072230379542472 
0.09041901422809305196055492906295 
0.00013965148329365706723383148242 

0.30174519525628589080799707052272 
0.60428261592093422832574241475402 
0.08713552072339487864618499237163 
0.00034306563696316481827716297111 

0.37520577215574353519376579703225 
0.53501456189922061722676323302681 
0.08729483041923165753551612988684 
0.00013868351699924779363573164407 

0.27772227094528237143480271263443 
0.58088089506074064690477631021464 
0.13905077036843971474834862600229 
0.00015973613103155187741010218989 

0.36317089919358658571832454915872 
0.51142366010982308224134725654842 
0.12486464243023855250562385263140 
0.00009875025755268550247066080421 

0.27584479835546274225306974231159 
0.53091037568415916848386498691726 
0.18920673291743195395206979247650 
0.00024831745283303088651568856039 

0.33924025186368800323030133712305 
0.47992965478192165221223259699756 
0.17479469778537033215337475906183 
0.00031311582969963042222536552175 

0.33908096536734938133604325408381 
0.42074973828115794270728536886409 
0.23627449989088821129010998785554 
0.00033120493182366057707957713135 

0.09951508492865287579524604050483 
0.81382508990967065422955997586254 
0.05645134067623241566256700985430 
0.00039640996626952244057073104999 

0.16334649351869070842194183079319 
0.76541091601803692851855091434691 
0.05145417066047664718143939263212 
0.00040942047299707389123982112107 

0.31208913805323473182118428235472 
0.62660235813679616445159075186392 
0.04448133069245765412657890022698 
0.00043690944963095162266223628073 

0.39241624322733928292955230837989 
0.55854136739427111642904491204095 
0.04425219283336762132880464986699 
0.00022653398554669937626888397515 

0.16127079384947722458186966895588 
0.73025257248680460102905363622071 
0.10046545004566107952064641895337 
0.00034279113160673448579575044858 

0.23045692591342924464515536935570 
0.67513068948038579449581996148471 
0.07565366629252874743116848962645 
0.00055360234114633637987764620652 

0.29776481858220888216725623230669 
0.58274211815544575648553914480828 
0.08482114254131542744492941606712 
0.00072469424992351602248607619639 

0.38328348563168918706858170605123 
0.52557079579096416503918535803906 
0.07218024318805814752724690468342 
0.00056567053622049500925197745773 

0.21847302775567658075125192083862 
0.63551724911644897702512056707089 
0.13817426008474887842399899020551 
0.00037732709952193399028470404885 

0.28431668307510890484550380552852 
0.57178658388214108692510704460941 
0.12709062053916608297658435528874 
0.00038210594348654478328881814408 

0.35273747798560340700964018679324 
0.50418261067251770278465143102031 
0.12654192313047444676580455175237 
0.00060277975641821985057542305109 

0.26835207091627247401514868032368 
0.52635577110332172771996929730164 
0.17997913554868353024305337963183 
0.00080522902024901378667869566192 

0.32491221090824897284261281327212 
0.44707506227084686459616198313887 
0.20624060722909594407382698546902 
0.00059286480753629505162716096777 

0.15230751633760139437277564252825 
0.71821247343790178614131248740747 
0.09662834323336091446708753856439 
0.00059595666958202353690792052715 

0.20465168272803450655659984295993 
0.65522111820245547912892518184491 
0.08644306405479748064379876643996 
0.00080818179568423703719745996352 

0.35589188664464095962344043195879 
0.50282898950223690438863394910449 
0.08625079859546660811645007704601 
0.00083668324658518930848971288346 

0.21398614869934521692513293337621 
0.62957814727423514097333815832920 
0.12690621521392844521309999257061 
0.00060530514473832466290466718574 

0.25755390331884209458375583168620 
0.56577322699789727057778916040678 
0.13031811375327491047753977302413 
0.00071371245394221975316310709753 

0.34022071755328992442293125151879 
0.47772683132957761359952552536361 
0.13694443052821228861448883497675 
0.00094901057262192218285303012151 

0.32005723544352022912745188463193 
0.42901681410068892603688612037490 
0.20012125699289428081339870299444 
0.00110687455701950664907616431785 

0.20064249433295919082966407967960 
0.58952465322287206414283055959134 
0.12839210507446681160902688550157 
0.00120273514718669918402667624053 

0.28932705020198312934369259940578 
0.50510488447047910028244752424340 
0.12930901503594965208028574033822 
0.00081838992040522928348592183928 

0.25026349138254345247042058142196 
0.50195275140284058392239185715662 
0.17898795194868836033528936952228 
0.00111505145012580085596608455898 

0.29857353968756623552559310309863 
0.42378515370562384012598397989793 
0.17473582422023457406420993900135 
0.00171528643958758727690385092830 

