centroid       numS31         numS22         numS211        numS1111       
false (1)      8 (4)          0 (6)          78 (12)        97 (24)        

S31 
0.00310444302128183560653338941167 
0.00000306405681350329872226367933 

0.01640768664580727267039036822858 
0.00003589328982782652702149521665 

0.03890114898339793941648400370954 
0.00012958029820313978012802463297 

0.10170025265414753001462304121609 
0.00045625840707235819227393236209 

0.14246080702466431310006971181906 
0.00067731205492710096471327778191 

0.19691242484581921347260259585063 
0.00017854187157853873623479004015 

0.19995132932538006469678509988386 
0.00038487391401069853056579059052 

0.23586174654695362942147891405104 
0.00079730362519254541606584665546 


S211 
0.00332967133742228980284510513222 
0.97677338209588967664176472313386 
0.00000832129984177657591558152598 

0.00327585849813428581014694493736 
0.95235320075493237493349724964860 
0.00001266223446583037136333467900 

0.00325536096960618650127309813184 
0.91681281450183887986887390272969 
0.00001729253964851305765403092053 

0.00335202458880199553849684499368 
0.87079111258828335004929349253773 
0.00002197105981083817273778888472 

0.00302045917201166529197304386256 
0.81550440943949309610884607038042 
0.00002255897954599890881694176784 

0.00291687463764763431201110155079 
0.75085218295982365606923817924896 
0.00002150237270974547236904697665 

0.00230585722338700972310699146060 
0.68133619148024063727207701825801 
0.00001762679404571679641955225035 

0.00186730582111831768539470783844 
0.53466738593974699161819923834202 
0.00001331640836168771666763577395 

0.01754630704406061617458419885569 
0.00318619017211347953036409599379 
0.00001908861425980870714416992822 

0.04182259594273052422357634531932 
0.00327738286560557199306123836938 
0.00004540940062348579953998106904 

0.07673402949522473701750594749447 
0.00453061659180002208846055144279 
0.00010533973369888835124637238227 

0.11686905841754154594124420173967 
0.00531324091519826957204393907754 
0.00017082854308753366787250811123 

0.15956519016348624706225886639906 
0.00589568041694790417128030106339 
0.00022397033194683075289913514095 

0.20565465383912071258845738656888 
0.00565165481214334561561838946221 
0.00024869682083671882733782561107 

0.24914095018816585188204252513884 
0.00231203416402151960057308550654 
0.00009008580113607225219800334884 

0.28509779983024469466730022426191 
0.00048070158375615083344312344091 
0.00005314304791513589639401842625 

0.31743948953943987984287525969364 
0.00409874972317228257609190935269 
0.00012963573564793664384729286723 

0.01677214948865464538650135737791 
0.92724821112549896252216953336411 
0.00005958744238409891582779949131 

0.01716301056338021637609732906982 
0.89618400700866390832929993245697 
0.00007301051494071985194971223433 

0.01677876643007500729305297432277 
0.85690148711649910345064360464353 
0.00010177071069026745801117345843 

0.01564403072227319729789898704023 
0.81151857320944584528453593825965 
0.00009822923365717874691567226302 

0.01432607231289835133051565381536 
0.74945374958482328457522971108919 
0.00011286679457192667311842440337 

0.01347985034102786634150870234160 
0.69286132078330818741463251913387 
0.00006997913881608325075266334253 

0.01135619601454660590123773891339 
0.60340575168449015425422004058313 
0.00012199013522847389608765361947 

0.00855361492402962679160124505295 
0.53166055151722328713794857464366 
0.00004930171830345234904378406127 

0.04122960310914747803862333681823 
0.01623940880592008896713592512750 
0.00009125893918558217585797196119 

0.07560545278272354598124401123071 
0.02214482900494371552923074681790 
0.00020698069655591457057236941928 

0.11619555987884367399760672908239 
0.02570227608378369724157808821232 
0.00035055761015865027366385537043 

0.24550898698693816652661109289281 
0.01097658634036508951156500314712 
0.00024171528648844620679379380216 

0.28501271803138686371166766659981 
0.01206065173288960487468712875505 
0.00027421216538350466917747625551 

0.03935944814342102148177784603401 
0.84965611689629643809981872809574 
0.00018526707945466598769628682846 

0.04088628565599107148626390450430 
0.80742270912950650059811500978869 
0.00018974983755666279655680703411 

0.04087436768889392607631106914334 
0.75701912136388378176015300904935 
0.00025653203237071056937598264460 

0.03682695662442774387557429223428 
0.70450308168456631755857748288006 
0.00026077226815031493364460708313 

0.03656857086105042584816238004303 
0.64269489638089920332410129400499 
0.00021037941003855674059118137235 

0.02672512385018847700039463065429 
0.58029710303231023242567676125603 
0.00029223666875499093933625249531 

0.02874347826309424870705934787093 
0.50485386701707282878860044229786 
0.00013150737122960802322593976891 

0.07175605513436811704028847140079 
0.04581207196441732601564541846238 
0.00020270460881801430392800577634 

0.15563184512137940772008184715518 
0.02936938770568577059255706434735 
0.00048600501240175236874005556484 

0.20169084661475999806398017136109 
0.02895896240141376078366390189440 
0.00051182294578537998875674018960 

0.24216623924554223816877519432482 
0.03226242831177413341830996469004 
0.00038587371053085173440021914796 

0.26758062402639055530542762637515 
0.02774083939473001576070502093957 
0.00023397006634367196134937773961 

0.31654847018172338946861019781889 
0.02205194464086814328256268338643 
0.00024839726931692747471776115770 

0.06814797554286738730897014615025 
0.76367129891227210466617239399511 
0.00029868234537466286200983973650 

0.06664130052606698587700214898890 
0.71771594195929122647080605722441 
0.00043380830422838144884781834014 

0.06256259370906715598848900783423 
0.67542340918360117883738525954712 
0.00033705703738683623996279680537 

0.06388288073668645788119534169985 
0.60049777318180773783631269041652 
0.00053743962343319702260452588295 

0.05916014728136761215793028742635 
0.47438292223254089370247028096964 
0.00035688525627000804439683300915 

0.11015074903636838080360098097675 
0.06200792999389611502892509703333 
0.00048966205087818180430058251804 

0.14720099776109776216269551019250 
0.07029581282647123443417670142748 
0.00072436488557698128809141504781 

0.18928168234833997064062550388089 
0.07093438052062201358654701625375 
0.00075165497331355371958339964882 

0.25245741994525815233261526430347 
0.05450323414387465405340461045104 
0.00035874825916142703826128459707 

0.29164102348940323965358004083636 
0.04501367141482302772189370554930 
0.00062846436008917896584583501741 

0.09482874255877301153464938669882 
0.65746363110426599040646386988340 
0.00065473099531862994156789572149 

0.09605454864962239672025347233136 
0.54892686840590773556366623216302 
0.00081312624826142525340180315720 

0.08278973181016073645770749208214 
0.44947462257799817260875775546597 
0.00054849103520662766686416667289 

0.13507876654514680552639246539465 
0.10775641170683898696092721740878 
0.00024251918626220565611037656928 

0.22338283527780398432453044280486 
0.07058089485446998765388998396959 
0.00058430501997045398610999393672 

0.26519175080975533306428288841111 
0.08255416932398498654667260570705 
0.00044520093623181960260492702884 

0.30450879224073192907683886462548 
0.06709281377656310669498554943426 
0.00033672150040747391447558688577 

0.11749422893657011609193567524902 
0.60057882541987015779401447171732 
0.00014138887813753398697533900455 

0.13094329279089111469966743808903 
0.49628648477431893839233934172464 
0.00092602228801329016652186207690 

0.12052868805677715409772408481924 
0.45099929962549429927203337762983 
0.00060501434886848480750796677090 

0.11305246337394590628510219927078 
0.40403177546638806047764173911325 
0.00042856163308940036703728877412 

0.18009038083385974041430012167556 
0.13156393646803007793985387342513 
0.00104996923998264340793101581065 

0.22605997812168919782062471014385 
0.10940942369710889890546571269246 
0.00069044474937717605921393216003 

0.26252292722937059256580453126915 
0.10452702573368092426082248285917 
0.00053063863182281745356990352727 

0.28308477915356854335521039060232 
0.10984349850926485508487838680149 
0.00057180041698455118710672473277 

0.16145497037586592256202291068007 
0.44455170974333248489281136540909 
0.00064409738651573434124854793075 

0.14981724328104794451909105283084 
0.41782525924457805729082130328568 
0.00066161599926851614870329880674 

0.15263229789391585135319414578015 
0.36912585213203754938992057741220 
0.00064097403438117036396550006470 

0.20537133455351681257024004606458 
0.15208442118840144134576508463205 
0.00074377969457704014826626596152 

0.24577787814033670193399921590103 
0.14394235463967960067580867025707 
0.00041934066286633525875095843353 

0.19172077365064156769991399715313 
0.36446502445906590794559590129654 
0.00059894636904714449980778715066 

0.18102819093920208395576297565686 
0.32974106554986026365654082850831 
0.00048098166676490430597207234292 

0.23723934204112564586979561316322 
0.17917897227895474594149147939526 
0.00065293950055802107273935647147 

0.26957948254492500817252848008499 
0.17092361589300144238557178076084 
0.00049164074081813106471930889328 

0.21157328245854323281594158520255 
0.30076035747818557229135891276284 
0.00054036132330157156294272490937 


S1111 
0.04266780565926960046169872927134 
0.93713981137934701534504349200409 
0.01705288954833107316699682416363 
0.00002839308626933055590217897782 

0.07818462271823398922204509159519 
0.90104554038183771332594093333183 
0.01737384348994570287697014808150 
0.00004156897535604107098427326727 

0.12419797873600517063143504817190 
0.85600164103842047522942216946664 
0.01690993146231717422426811561503 
0.00004322439655268106723867358864 

0.17900907055586398381566382880123 
0.80134841537681076770240502205716 
0.01644757873401499385737585275072 
0.00005235993878837111358968427366 

0.24120762240782603301438442499257 
0.74239940250020734727555678055035 
0.01426518347566773655280802190671 
0.00003751441272380066226739652728 

0.30912638332702429880098930610008 
0.67312649254248392654724265231865 
0.01428144551573746111485182559891 
0.00005979701088617751547217121756 

0.38562394150540025674785630094945 
0.60640482997125727642459411013737 
0.00747329567269571665132801983342 
0.00002274147041240546629123453844 

0.45545436941874557808859454180951 
0.52823778680150131647591262037448 
0.01363477209974749527126563684357 
0.00003928948020308761017008390451 

0.07734058773740640852603699836957 
0.87781740385084316701089270583472 
0.04236109041407809889483285398260 
0.00004914937468906066279357433782 

0.12196548751891676223430664959778 
0.83335383025952426327952364156462 
0.04063050959705133346407876915876 
0.00008640667392288220964789020572 

0.17565822927622723037795752669105 
0.78230701665265862585837073272381 
0.03982785156835050371685730367970 
0.00006120043543269942474414201073 

0.23733930901449005038165706181233 
0.72287987164342014952589019551638 
0.03573181686702440211899568209028 
0.00010434039431817493224932727473 

0.30363560320985453808125418137043 
0.66094689231129004170403835267623 
0.03483064717500196261099715100615 
0.00003817764849486897703836309912 

0.37436163828666755779854930485988 
0.59234596103634761340240129196140 
0.02935416461335665196362125938389 
0.00011458933853838343088359315856 

0.44829197713352570249641821918305 
0.52166579470566828409268925389667 
0.02992326271221120402254584719108 
0.00002566594812882985079078963219 

0.12101650625093516997530501033357 
0.80398821984919335745590466863628 
0.07489549985416180329533209821105 
0.00003807157176474886698176000366 

0.17184423519196412784516451720938 
0.75216967555986409658060176413421 
0.07082845139220418465125965166110 
0.00015097962158768560523371049097 

0.22997570782990084299115974775811 
0.70079706473504575824129480855758 
0.06841147874735480237848769121951 
0.00005932262188217337305594695681 

0.29576245221154757039505164720692 
0.63749196358445309354076486029160 
0.06149221384924915157972442224325 
0.00017771392655579793007471297109 

0.36553541849273293724205218654964 
0.57220445117260909570876729924584 
0.06120173825011103857022836855008 
0.00006519894122743823867713096836 

0.43673237717168370862418207416395 
0.50564543629894708190105466283733 
0.05334277294826246500688055573313 
0.00013365437796148495280621296296 

0.16734269610119045017192841806649 
0.71961916945441763819702807956407 
0.11198899576691242212011038885894 
0.00007289059811790422430240967106 

0.22447207719279332404184385624883 
0.66449646212615016211787242355752 
0.10518634252625569098461417675905 
0.00021733515709785979086409437988 

0.28593296399209108621297573979928 
0.61314347635256426712624349325381 
0.10021192181690845264241939603570 
0.00007169269444926670444596931090 

0.34934726307664732259727190605336 
0.55084798782710474817266111165923 
0.09395348709131544556956414499492 
0.00021383016438167135252548746365 

0.42045737506306448437396403140287 
0.48935278929343124376595793091846 
0.08848005932869741264531362866904 
0.00008494064409496477043558398927 

0.21360888300370058523833912112825 
0.63307808388368579853336201661186 
0.15240041649723316106467456298933 
0.00008643763189079329217019408527 

0.33854966558249721682516301104107 
0.52661113102954726176168858487613 
0.13418236400875690996108783584268 
0.00007269985089808261414707562761 

0.40309579110700483540955356715644 
0.46612433270057155270984664927846 
0.12614281067452422072499535839154 
0.00017674563632547838530790972150 

0.26236061658583761742461574509154 
0.54330907174612811112979898957676 
0.19279328791861852290897396106325 
0.00010471343954120698550028336017 

0.32164613908537687712392529096506 
0.49380501765232829498268148120288 
0.17972465193940972458273738664424 
0.00020407488485365151163298229072 

0.38527442432871265688879321269143 
0.44497061109225566383935747961527 
0.16903051910992017371023858530301 
0.00006111099234593270610543672679 

0.30638096047397195376925806150794 
0.46048990213866210409974399637620 
0.23285458840166562117349131996584 
0.00004122239975013410585693420270 

0.36409022667332713047893299282562 
0.41738798060050825259555003132090 
0.21475346298444754147518426695017 
0.00015132889198518953816797041502 

0.34143830803482213898589759543691 
0.38935062720420995095334079819887 
0.26759763228717885697072358719173 
0.00007308913266073421023256625065 

0.07600891796689617483875051615133 
0.86721959182616991979431682214739 
0.04146518908609059801044816047087 
0.00013527986011509119602351401635 

0.12115441077978451161836774005377 
0.81887870833997393562047791555941 
0.04107327960578745177738672472812 
0.00016216086029176564899706653664 

0.17548979435395010696414151310048 
0.77149109393989143553766523283341 
0.03750241614111721554751630928285 
0.00019595947529214841522288096617 

0.23723429331622542140245589734245 
0.71100987202077942331088673650270 
0.03421920737090264144317011057785 
0.00012761605657907335275316402887 

0.30309711958450256419367202703002 
0.65149950192218045747546266478316 
0.03211800558768368786422251453040 
0.00020172528572839799906510332467 

0.44296689567279764575522596062259 
0.51821022755065979452346307255023 
0.02759655685521434323779225351436 
0.00017066627148591145058121205015 

0.11946957510553673101816072556744 
0.79467389182260362660929509241226 
0.07410702991209426890285787037809 
0.00020082398186343619566593792704 

0.16767883543346651789570317484483 
0.73808515675992084669049235182887 
0.07277674092505346171049105636214 
0.00017186905494497969435449069199 

0.22989634586471436100530014150553 
0.69211678597643850203311155802127 
0.06408972517774781990802599051860 
0.00027019203931503378915237755901 

0.36389306669820840310309852350221 
0.56836338141791937932328560800477 
0.05396499282601814071740490582967 
0.00028381334881613124636417266222 

0.43357921159957873481486576537803 
0.49444407925876248966524377116838 
0.05421448936688070394641390615481 
0.00011269340024457703183626254858 

0.16719134772574345281234979831787 
0.70714838592571546815920607711825 
0.11109638262151609672185157114611 
0.00029757747994876781367800472836 

0.28369634866927960776227263353480 
0.60556105357064969329751096979089 
0.09567268315610462112241998340837 
0.00034520663370533877959498647168 

0.41631726890471526540891629442451 
0.48480000325146103288983553982636 
0.08477905166154710789689585234925 
0.00028648652373552880646815630048 

0.21215134223860387681806703544433 
0.61948103147075496715219706476429 
0.15320683529959485828184303351566 
0.00038028585843435722368963042340 

0.27349922055998402221614984319701 
0.57820448997508571485912393947994 
0.14242131829937050177271999965741 
0.00024973282040234330830875603954 

0.26055854880597189449198741679829 
0.53122610117651225347120334360992 
0.19201471762340627605859163127178 
0.00039177466566988967095074132256 

0.38253622966297205202605640905801 
0.44006422009169540736855118105356 
0.16568985833760390090910249088387 
0.00026550427775220619427936443854 

0.30289392620786288602765342865070 
0.45777580778377000552735941074705 
0.23110352454948755586622194678577 
0.00022971109531120288342422143269 

0.35949037030677448697261695461617 
0.40992777442519890498730789460388 
0.21245188477563292547132690153555 
0.00029683427283165655725709782439 

0.33622257065858641022878087800262 
0.38625420808377503384129003872789 
0.26658795101653002824802838933903 
0.00020947542485063645965864547839 

0.11713392029104406689740578289053 
0.77241521005498943408075139946591 
0.07407915643781188860437761924700 
0.00031517096080086331577648277540 

0.17240305479640509491175672283927 
0.72815009491321224203907928289327 
0.06775518610461700660877865511306 
0.00019790302625713899374808108935 

0.22648273149392287537886253840759 
0.66498791566952993636779501979070 
0.06983656059363818711182683654478 
0.00033786471716002013422253481830 

0.29147512665640860151848831273384 
0.62100710129481894749318800062410 
0.05980205652914364275208142606503 
0.00035144425915152635859918290230 

0.34833246034274208669381263467992 
0.55436819626269479897915894610534 
0.05555679291565595055415894049897 
0.00031266231438448274856458461835 

0.42240154342462870199526492091375 
0.49525435032138439980215387928356 
0.05195946419607007176416210810888 
0.00027807683877786243875937102950 

0.16157553792702159251479914059189 
0.68707280625900593466646910610508 
0.10555792596955339713634964633046 
0.00052028165328483237866667109864 

0.21867071041303108361713435516994 
0.64778604150056313644058738088402 
0.10598464354759741429718678740589 
0.00042248806442468902710589385816 

0.34502880834127121074322470184508 
0.53944924265151046363955527420590 
0.08804385787955410210861554798032 
0.00043655669842870345224673407995 

0.26966783624667510846605165378282 
0.56257857890973491086001861685709 
0.13994075235127772342923650994765 
0.00049174448579574896179784988731 

0.33517911447965792654919882721914 
0.51708114327000415329678598458162 
0.13339145121443837702302452976605 
0.00035306239015732447188367709795 

0.39773211135616801390903385287495 
0.45785684510020757362466343805456 
0.12153793208307177722367292248746 
0.00035735753969189466855889322232 

0.31689993563488568565571579916142 
0.47813159784435378314642389471960 
0.18153284940494802968996512445050 
0.00039528007270854417426043089655 

0.30009842232277487370232544290299 
0.44342590710565839952750246105443 
0.22578628472866438199633662694517 
0.00041229661289455302698911813531 

0.33312853621263615107916916723255 
0.38159551967995724149223004277400 
0.25722859791858895573734385021250 
0.00031840375762401707946520695450 

0.20879587466212119999373891044589 
0.62047706608452898443020494149713 
0.10249545881804745734059545582093 
0.00065577224684251463045937340522 

0.27297318612173853967820436139251 
0.58276490594142605045145362280158 
0.09880746688818000014728148954424 
0.00053192131696623178597591978948 

0.32926065942997778360206659545521 
0.52076557826315272438972974494536 
0.08847239692258711032028778795696 
0.00055678326976689919726848960005 

0.40419854489656162254432223800396 
0.46848119260766224404482745802305 
0.08580345502753481292668424433902 
0.00044445114467878243176109953782 

0.20553330379563957520519726837433 
0.59992125999481447783779504520030 
0.14803762007441659742586314019259 
0.00062639737430749398461556290059 

0.25756566076550492243201315646401 
0.53673411819848528877189597974744 
0.13850738341857692137972306554873 
0.00071191956494108020009124992308 

0.32667146300266231858245833709949 
0.50104957599351758578539440579328 
0.13115377504886545597716796511359 
0.00053465535647690775079063866706 

0.38310435767716366817259377746510 
0.44198464787237000957813660355349 
0.12516393647770218379172494171877 
0.00037735655304681940032964884811 

0.25170717587081874520319767283406 
0.51547469163860158740143174640274 
0.18718923081322906378378335323916 
0.00062287174823470277582036463532 

0.30717652008114295563739498023019 
0.46561517021301584885205137872132 
0.17302696256298280875613059713815 
0.00055493782646135652504018462892 

0.37281048511790747151422770402658 
0.42589281388774924619747004626641 
0.16656752256705030488508765944436 
0.00043402175538947700698074567437 

0.34864107295598227628513729975067 
0.39481194103756908187528405174236 
0.20919881671781586661061904299238 
0.00042276643404484632304583194063 

0.32447243228778694397328618555569 
0.37555044696471015697012493904754 
0.24860640164970945748374723701960 
0.00027453822299390868419015560047 

0.19474504754303622069613403268823 
0.56869037304484210675812312062108 
0.13813570490107644269707487046224 
0.00083908966724491552072691023782 

0.31307994206420555965783318630151 
0.48252443881432746324431777660048 
0.12184604047057922737806815074465 
0.00062437044249325327083075926224 

0.37366815064030262535391449746669 
0.43386114903922872459159455220846 
0.11970415367071049400738568281475 
0.00043398595812505989240801254961 

0.24026372908611104047968478175488 
0.48997154772927492316456155092129 
0.17378227914035859396049089190074 
0.00081370349280062022113181855357 

0.29684467732145294901671447293814 
0.44521741975465918263987298080348 
0.16578011082370463389232262185987 
0.00056648221183841906910631223409 

0.35523433495772865045414742697813 
0.40417378646623522890038308683270 
0.16855974487645388784058886304449 
0.00058846198416509844754321793059 

0.28700932825245300880537476149115 
0.42699606421561837558487024356685 
0.21796182873038115227142386041102 
0.00066693864927239623409476318031 

0.34593101707245572360628301667791 
0.39684864440908748205855263041066 
0.14997323116197733980756981507941 
0.00041479146166929699190055731641 

0.27287968769803217965977412026842 
0.41177059836399909615838654974834 
0.19862928302415425992836466312547 
0.00065706466182798548199045873271 

0.32492488253703468360555042879753 
0.37189481657060363759213542372867 
0.19276855252621741487002937940141 
0.00060052189115140523270243931656 

0.32303181804873410257188016628669 
0.35951901705535297012969542990562 
0.23536678050694803478881434539056 
0.00059145618963724072391959577227 

0.26604991535366465027046530292531 
0.38342401142475582993827714526579 
0.19947635161815637761898290415421 
0.00043745194936039099164900836806 

0.29855527122118676313466442688178 
0.33297169474495184998749696232760 
0.22784750631817437241414612994000 
0.00067844288048672558384753719594 

