centroid       numS31         numS22         numS211        numS1111       
false (1)      6 (4)          4 (6)          44 (12)        26 (24)        

S31 
0.0029179418948484399506015321167707644541020579710711172704885333    
0.0000048827832382995200259366537910828737519505183769652787736237    

0.3072651722549988336964023580360095116696072690476008933556297682    
0.0022347475819386790877897339964514984267142917031179252728350520    

0.0325106960645804763341473472879145431389138204521146504874724449    
0.0002504813169629291991574131620793166814285381572274018949535630    

0.0642427700617056765639220648187238066049179913988932257186098266    
0.0007820196585105658871057862872960038500216284283551570424922151    

0.2026669676167812292839947575554472581893509396730250584184811178    
0.0032906483928341196374647334784174613794897577650369349451884562    

0.2379608605951731806692690978603964546704531947903640595464425545    
0.0005927259215032179318412679561614835943795673902666230239856533    


S22 
0.4726151353711492566949234186619501462787818812196191573548439203    
0.0007475769951567790079300132679847804119326203642021528956359459    

0.4390103411798036928624967736578448700256561930381558323291653313    
0.0013860266204094369939785618936713263637610460127098369188134611    

0.3856796797244121370505078067851163447806445229091278859257690331    
0.0020422577629961774874961361395703168838781250251011144638874821    

0.2961269501203209584944496169109994183166116778735169851360668463    
0.0032947779138854660781275727296401263879166509535246772546515284    


S211 
0.0056717794902781729359560541318708459255903370522893709027886759    
0.9646810242018920024667633640170663041146412606178181128575257360    
0.0000397436555630500042978459536139755752572236139040219796404587    

0.0058458785560250180090939292318632675976007082719588208880519364    
0.9233298285453879316111586797802143441185617197171672263403853452    
0.0000696417035127945000811990415233430428191613043913517978943519    

0.0056849936550560017506093549229650739407677938623159789364494175    
0.8635685952829817191325678868892336910700618116373439280057324491    
0.0000868151161432762188886754120774862924058591191380565536755684    

0.0040070403791573364032410605964137816910961395189141458593603196    
0.7839770341817532641584666821288049187856132247595462027739950802    
0.0000691722610011563240911438543082784676834202059216460893979126    

0.0059846022515123336235661677925966975630308710953490276528052490    
0.6837192745005527586619516607336486589936478110203812573668593798    
0.0001181292420635275886441949803055068718592840685084080114094021    

0.0024609951106351584975315491685533790560047752960620142151750905    
0.5872336200380740352056430522400617284897203920483303174892417473    
0.0000498110498830890960232113029755390155822297867248050852296810    

0.0311214375840833485672235853048616440816609707359979401183106689    
0.0061980660598888556938724101241945812494545704844390134082055549    
0.0001209608600285488426715241015967324531930631684393145498702071    

0.4908749863311599319555547478253372922440579691870351112696999843    
0.0035251081743631881392613669368646362591275816737235330846168059    
0.0001493155516702937750553716857151216986759095777398414154211857    

0.0774762052183026272523978977536894248966147807487570640961516128    
0.0035659511348368953760996478331926358942501659736880357594941929    
0.0001434877930717340395323699367674396405195180896467268726902990    

0.4712714583610720347245726362924990453034712871027280693611064932    
0.0055656875227192180109525119516674857628169180165241148608206132    
0.0004061200608550876480395604606351418592804891576481656035842552    

0.1251107943819735278785897523595900357195415345364241347988976340    
0.0043302280795660826984887445939699722149576461816368720448472642    
0.0003041617502585322123151133578938029008474461139640456271510724    

0.4420686233106619909449369138373473048532658524555497917812954626    
0.0027714128519416483641131585813538725526226094629368120846480995    
0.0003224126091120108214835119942861453534354287296213293866133992    

0.1919614100377445793302490843202970507519966694490694706643920090    
0.0002040679395187345283667896913391323404021393786068080587803922    
0.0002113673328470620330792453174462474950886994018213973460712896    

0.4020310847260515585039735876237291222980195095238829890606140981    
0.0094499844365351306388297385140933696995526014640352295684507487    
0.0008947879490620051850663144238868777967779822060755558394918830    

0.2371431416609989463132397085330209251806778559104957906413431360    
0.0061470112027643195246787222326093892524109633614936094115854650    
0.0005048987304747422528396651587964222136207290465086126974719357    

0.3739030577966578412335037975923436846141545009969919724766746384    
0.0540334299407509742593982726043931965203092941511817762980461121    
0.0016697645394522206229539147766031791504525912324224532839066497    

0.2952417214653775336595447407194992947595073196786210267424689971    
0.0114772210307577677267459678775622412090427066468677908546369723    
0.0007357949306678538658816653783739294415232527060038829185029736    

0.3634639038917841238759212282168156982095702330416152454394926738    
0.0022063615192259002050672716502574214003636260260981885037523783    
0.0003235343154963305824851593011518955193090421844009127420195777    

0.0216451571225140885378336483479324331309438059651193283471551643    
0.8866850986379314485763582592650041265884839539944411047173148711    
0.0001810591529971047032245950413996107038257858773853543444934177    

0.0282600001655682813238602789806583877807333505585135563621148395    
0.8323407768550556587669286987838864856799047379270494683734987967    
0.0003879440441567674004631651312985210765241129972065494947874850    

0.0295664129263870594219181645310431724895789174909785895116764922    
0.7615515881182021976852479356139944041334885257240822812587961036    
0.0004523795444877183477426958571765475740658067621484794671940129    

0.0288362227864979237015174722825481227196559917990276154387821414    
0.6620869661125846804761866713878207750253004637060438228000828127    
0.0006982472226577375580240904625233641587513042892599038123483654    

0.0285092639245978918870045795817400837806515519271478720302775176    
0.5875852270804189587801884625405064392845014246653785645523678170    
0.0002166814042223120342072663037302108709406223933427516077606737    

0.0648422511147083905021833118476470390407459804665400829825706559    
0.0226032400168401259063102711403488403559662820514927103550214798    
0.0004760443207580644040462829890709218321093855456079412876330396    

0.1201653276793334943353175637247912477438520442433935598713230716    
0.0269644853764991874858258705136277004850061655256744529518736281    
0.0006842682450242360622328405267946055666426337170416955756429501    

0.4450512573762523771508794107256295716100294613479817165780184884    
0.0239967276631975784522092689100466893968148195163824994966279213    
0.0009215928558066006778833492356180092321720725167445820042971317    

0.1823967461418505861963258066615295327194637567468507788491596903    
0.0238033548699140741015926317891891467391995617022495391920592316    
0.0010440437970890945335618011912699297152584929569804222523326588    

0.4134106408258004550097917110867068298317723999787860484944748441    
0.0280545179724006532499503752997517651065648849628861261489246884    
0.0007701881543815061042315253769716325141557481378339658508528031    

0.3514402369561808243657463107039421981424543736397572921234005273    
0.0306843482398300531322182833890363840977120879687340154830350969    
0.0013809356107621068749718283126247089578016394998416107243105643    

0.0811018568003796191434639989043061738020189639346498031589341294    
0.7142389363401584611390409503082187980483823681156345288121944583    
0.0010051733233174979302780039363035695470601029359448803159032799    

0.0632985187586018702624826941630266465045503744167759800807343755    
0.6741609195579522514492459897456178684412609199951601863675585270    
0.0010496362356519575934359378254231713571260000936906414965248177    

0.0597801706002695555177057990558551692062533085209311444322772673    
0.6038671956819237939553104792126945266855369758335877220826384501    
0.0011492697394253448019276996825456032559895884914420304681506944    

0.1853080826522689859082406276095407924154672999819996510812943489    
0.0814033575624014026743488310728237957893572689308044936997591287    
0.0021364090060175651715719697438936938014791031027515311431821585    

0.4044719231079326975083671218228321551985197797500939295283467183    
0.0637885018057441007914921344131712649524151929907764847344254199    
0.0015895398451207266159603908599563819616179753347941172578711910    

0.2239921000615942262812237078710638422248611631141792949070612430    
0.0403309720400501280027068702143233213394572607710080978793853704    
0.0015514322420235367571642037440923977068947515428563042851822913    

0.2679007108305591258572061627626147274344826708826955313667125110    
0.0647199863561142848857210898058809889403170670254651010254174940    
0.0022891586060881155240272669036682646678945395967549249066571385    

0.1173325054836056907264069522883952208500973748988486018019263120    
0.6070390361024245530748862807601008328073287509908976751385408675    
0.0012577441404408480112408219807450508448035756142484886467132632    

0.0993655880005866178590244805290943563878238873528111268471428089    
0.5666570565490755746705082861076372305174988999830125391043132620    
0.0018388076160819888866532835349034532826958937558181988417620084    

0.1106603776608835373366001835102321759740188549545228356865053263    
0.4737460801228875066161938621100524073563462325026528514516521676    
0.0016243872003523233820581447880053281850911143810075616194464747    

0.2243145679098842128161179706193522681205342679458556977800522407    
0.1155980723315143173439223769406216423601124829980949698175360084    
0.0023541037474253191330813863970008026390029284063938957825963093    

0.3471010898362451062219384724990387436888527359173056526576486677    
0.1043771762438247145619419265676342897564561553365551652625560812    
0.0027242799996864090146425951529096597177502969085358344922239081    

0.1450255875981174445781415954174986193865158631583096328021579738    
0.4984711749563853643219789782113029576750622367092064530115553025    
0.0024348780023265335541330103907540991410633506767814515845671963    

0.1569287430488223614102304455954470886553288767601109982445651242    
0.3960755469415330757583926561009787551778892136540338096038584150    
0.0028826677833543769393276613401361118114196885542249137050582238    

0.2588685219827012994455063042938830215490239065121556487094917344    
0.1383925217804180850671313849547755649136258971160224818186548609    
0.0027198691633648043600454590218231251643467430396506260090867600    


S1111 
0.0779299381709307240364333494366139676426421632593954300984439180    
0.8858067752265301617054895700146792762471164992283438199464373250    
0.0326614085660193873383514187459608276407490346979849900865055342    
0.0001272135142711246535787446227686165745949719222388215911376227    

0.1441488288896731463411186177097039020724551341570470324062594504    
0.8237514861733652224904188284230590980471412202840157085688671487    
0.0269483475992383142019415976122752574824438238077368886575863805    
0.0001761127068365867832196200784468478645273008032599807986352017    

0.2174154578824499877377498977755643261108403734150227394222243797    
0.7505799955993689198332459563147824606913272669238198858105074751    
0.0256070615212842852002235418145454695072498654969138290531707452    
0.0002338406703349320767628282696546999588985112899271650770276596    

0.2990751921243444035183855886084646029514180162135815807627699150    
0.6746967742768346331268879916105639023878221645974945108063684555    
0.0227486101578381651991154864237661907319663694562866625540898866    
0.0001094714459812614807266606249481753607729166832391201554314872    

0.3867162433451827600074523650970130349877911189280785561401055157    
0.5811842456050710285019853693355489057549147549365695078623165828    
0.0253898259919069677196986592194639442661919126019471970331774507    
0.0003290759160362045796327848235580270069463719584725755455378233    

0.1300831290313785074219546408044234149207906698749645171937309964    
0.7956630712849596537767458046991821720484422220723842924585957031    
0.0662886301968991706612670473138587108245415643351337285088774116    
0.0003593460595303142400952186052923278656235761684345658663284226    

0.1996584863378391582385368868194831358897324158388190218785148345    
0.7292948615610708132053965862162914730631233471724078061369929073    
0.0685142148062950226605331635971164807814531121087679267790534304    
0.0002085263918358735194232040831868939038955242840820098091990292    

0.2849322240254855468648846640711878577848415175452590382619820546    
0.6546459997474093893284872460782936542996710236151059580588688057    
0.0539891654465864627422665678737445961254314879658966740792024168    
0.0003556287507603620973477132805014733420968227989973526537496041    

0.3677805680204558583501921994559066444486656887222949772104409764    
0.5585919674037303192352347087472349284988960605259334930833197102    
0.0701557286413234489533611614621310320161751213001072276485055205    
0.0002999338804355478226233724281869553030134581075932053504038164    

0.1928098267551503588964387790662594172519557936661355243981679473    
0.6762009054326593592526666893034156153895876216471088161964938514    
0.1234886503552192894300204694279558659450285641153780672787547157    
0.0004699936768205193665620969306561755005007310086986818524435310    

0.2718733648294462299858575546010646986780049379312679126261339300    
0.6141498906556023322215361916992556505907824422015213717557288631    
0.1109814381391196547018978752007666491396488291283473651003154844    
0.0002964539035373830691680938784644214194849834029948050962948751    

0.3593069322248710516089920872230729354552196636491118903246524857    
0.5131188149053248258925648058975763640284179225999581403675138600    
0.1157386722784180969752869923106557653240321787896217926146462711    
0.0006660367938247161757585500314604717053108389664814388932907168    

0.2629357420607690106657398456758275254887841376911125153387676411    
0.5611832974537055441587264223378060916015889408802961464230128816    
0.1637108502390050890601017797548537314875971122290427497448645173    
0.0008179166233702993397484961260414408327120095256686789554418046    

0.3367953115855713511093344225114526432608075228105635735440566054    
0.5019849743998544018647732570500496154854826260380279227478338619    
0.1605032957283065913612293660971100124350304581814988601849578815    
0.0002122930650524366035340982190522541563000976569512254297855695    

0.3110789444457296972074050679535192169175518984838802039536850197    
0.4590322142726744638046069774299312343702012947641487080582448875    
0.2250663043814180516408525253907203857579110630020258601608759023    
0.0004000286050515373006034442103860121793666095620916144857998018    

0.1237087634892675119165074684060585591253494078143869739875825022    
0.7696540935388153229432008804058707180390024196468113574411162561    
0.0701035456285562839260361178065851066107968582194247420756266570    
0.0007062604268810606157291178630480475333087172306540410215397173    

0.2018890056158967651774583460574540158494371693489419197322384933    
0.7105202251096778549877950896234697185798987940771301799230171823    
0.0645161503790188500159874162714952236949857197946365282927784198    
0.0006679119270121338058113064697125997524931071203154446348544555    

0.3714203470889265489411434741735302777720525357827437018437034540    
0.5441415173682184051040594834244573226508574740871697646996705169    
0.0578232062058531185930694239247656051741130692194826338365866544    
0.0008645442787219767370460105429662787942492494120154353683017330    

0.1885843802540376621759282084971813192409596877298125041259537182    
0.6699448516796967146073588148722855532614775273954064311223646262    
0.1133874150290631208330893204653476791384567818542857270867723909    
0.0006058211357318750301160458031748139575396932228789937386510569    

0.2785886350363376407403745813700367836901729780446311389179442822    
0.6099600599130692290188105262149370692872844127208498792476057402    
0.0878327047838706654609222269682294923918343562881036825823310042    
0.0009137543674237859555367983394923870794425882886184763695077985    

0.3296755616474039980447772734722166072786686619160992595704750647    
0.4919931360085375961319086269137644455622676879147240540877681084    
0.1465424620613444402990213718011701681254498873826542515147969638    
0.0010225922722873335776651476301544574367148685579411413218684877    

0.3055681118683022238361164565837124382036264304142096863874472770    
0.4523916713363934937781745693246871902953060641255246197279198547    
0.2144426576806217540086346835748035525627138875713507515551593292    
0.0012721541884212823061712997736523676268683863708589570578632322    

0.1671773320502265669173997510049451593928613220361932581756220214    
0.6522644380584272348194510422280983205704010759935557338354952735    
0.1196893639859729107577818026124577510617942204293461465098608799    
0.0011451531103904209705019695620947904501508258774018968545461476    

0.2450169608404141325535794603926353110398628948840467863105885118    
0.5725610000484664248595267101941511779675749968919346780896850477    
0.1337344419597715361573942272977373322513067860512674117418809112    
0.0015184718702117571360797034890278169757011735092973147914330173    

0.3409710271854908355080544455997546285643202858735077106966727856    
0.5065042551864383203671371975550923834609420656140226517716302044    
0.0959234843406724283454915078393441276192583979182486705240166804    
0.0014309863213472964638903155721644536597835375828585302906941379    

0.2871278035047176031822630255174103055694713696295634762091801763    
0.4633189705266417238117205524587796489373799008889408716224867327    
0.1714943173259539367142563042639044623974960298351834903431295771    
0.0023765704385234221954366613941931617427927690181626546423042587    

