centroid       numS31         numS22         numS211        numS1111       
true (1)       3 (4)          2 (6)          3 (12)         0 (24)         

S1 
0.25000000000000000000000000000000000000000000000000000000000000000000000000000000000000000000000000000000000000000000000000000000
0.04280545025849045106498927970146621309709746104206906603457642098092703883183640508711692537644207453640308279910305250246449676

S31 
0.04226195379597656967491516185265917675501205051195559221095571482347546633574599105063662376047322734899060896980885921220437356
0.00738380829357151481779236911747562423535582982467396952436532686885046582202087713297391598600688693064489189539223764244759435

0.16041478349928755382340400930286710209834893162409031278288272860055876359335461066485238298474466389272815792422562614377090576
0.03487390492052924954091253408633394412517851240096910276710716339381941753644210980901454486008684771270281500015615943903490904

0.30952817825450142061892644987873214167749669260431196530669298377723659205342287717419740880065146875426171180849997983920265755
0.03823961725212214018209847606817099726978479588152656433553436017871157660745781356444313938012158556464235509632471239470863020


S22 
0.47989720216156745967379345574452707115467512782615888357138194630745114093590761026955039048418124359664260502552703627215496540
0.00577168026485091955604511641210263729521461668361224697318868754269248581341314706285928437331516675508522845620068369695458044

0.40854787261170027970270933982862528291232212857127699269238292845163279293276468916868648143293857200516902296306898057730373962
0.03043808734072861761516016499970200540151460924904241342870242776720915122178878784106675571137266422584370861018165023036050240


S211 
0.03673600083176398446331948928553527231780865067569687105989890413594737436423043762344135833348555300414022567180246831663303609
0.71424920913698135023825485525710824659394298596900399698586255997828398701532005593576759631413382900770848949646877611766988381
0.01151035421105133211672487888416319473396742636475552592318759619600631781469625607903682257106045852164291088411425781642136011

0.18316422975604570489375638262489413385309733917058634280101114345052915338283741359298003174151190847157729386948826537687730234
0.02831716874301660342374008366189099362509378903317969978369563673389157337653710413418653064266394428781366069427637888354581099
0.01612852166626384770494897012370206623303899599192541095506217667522996143070626802709880664655511430603886956098087191152621212

0.41778250456034446710331980884295834671512415874276316473173382657918778817005750539706943986297393652162719807085555392618815206
0.00037690317077039150285995960411884221248361986220397982890309986034512388944598906969328173191918455092442349342120260848413489
0.00719000930961321249037327722045004471643113022109609854225435091160849567903654118249774021659856540115680679116407910779246709

