centroid       numS31         numS22         numS211        numS1111       
true (1)       6 (4)          2 (6)          46 (12)        34 (24)        

S1 
0.2500000000000000000000000000000000000000000000000000000000000000    
0.0029689193255559650157212303816757024028332567255355850966495362    

S31 
0.0266927733953485582850212342334715904039344988350458466544230825    
0.0001776286721694091903146963185185846669271259905904822306834714    

0.0607317081519350247691732249176595950353829238135927056852754399    
0.0006499071406146495023519743850046594546448287234036408249750326    

0.3094480289034767040708065313428983612212182995028172580748198156    
0.0016729966202924167508075337752944563692355477738748834952598125    

0.1761474907231354882494819216094021641981031016644655233062072951    
0.0026197175891264038171742174446623640394379656180489287050549404    

0.2808275189732039244333454697568494080064980145418750129055264130    
0.0029494817198146753056143584283521291261814915266800216700249896    

0.2182296265938409340021465882567765136522626791797776632908488954    
0.0027407714724744601085313766035090376299685816124381990414636166    


S22 
0.4604038660194057457513208316433428292295831592122768719160318819    
0.0005584711069130480429809244579403036278358325665734053178200728    

0.3104790840247665676757074083385755489360119032627092863953195143    
0.0026375274140331857708255874256140829973728577829214864498797701    


S211 
0.0076694750266830177964466055719565278071983512505083711184830295    
0.9828278118293956129452910111859668256602044774689778274043271501    
0.0000063651970575678344952303739872070158759785807272598313039300    

0.0039848050272991312839689561929212710735985118770688331054874375    
0.8990435326308138161213945823386182227923222157800069101264457050    
0.0000431317274075274679742107642710741391345829730296931557961332    

0.0041513162061527214747026207326181797266995435427595553496516787    
0.8337210963391290700952738096123367268475068165263515934455712014    
0.0000402166166607597752476379724675141521326245026984980300629077    

0.0047449594801948630285050561156437213326370286942127565904689367    
0.7443651161394407225528570376371855935389662064428818056352170093    
0.0000849292920924371433890973598349533548937149293197598961200807    

0.0019009120510980392247417486105154714346526001408184654787009346    
0.5972533119475807601632068304334419639182856471796507642247437197    
0.0000363193986687067620581488857853083013075854608104322220731555    

0.0198572159743146544201296199439577297756769853226777587109653764    
0.0047081357028839263250036154664377797347019192472541841265549712    
0.0000450389181906802631916828226019383913323068076225515818101191    

0.4927059713893515912498172741667299783738828590063153162289697545    
0.0020819445191853689744095121126069702429278174220211571642353630    
0.0001024678941543249287258395489079542696393121720492953999353483    

0.0552570647747376739942962071026018304308059302832658450486190717    
0.0065407101100581297709117056746186819721261325058650352978271808    
0.0001922558997284566377088723813169595506512556114743475262497857    

0.4751602065026175489030438473077693430027480494159804548474566884    
0.0125350875470217700645181461504199997882047173703812205855893621    
0.0004592197192942255171131596738359617288257203013266036174742168    

0.0019060846109990917064227079269166167114521722024074777913263887    
0.0366297110391476855241808567400324797797588139752810997680796691    
0.0000126755322967386800274211116269999218610040581902704459884676    

0.4635827856611765101721183527210203344134141108748106047918321179    
0.0030927624408876810895198754621135962608358544981196223960229577    
0.0002487953240894441018140229029480701950064843948966899016682468    

0.1553975044213757394029407868292021132361703168273420403590263255    
0.0067498495692177172756007826462220403227426101504092160372554669    
0.0003683664610704410673246828322308027396025501492153435040096178    

0.4340721083206535235627425879203799387773703159774224685141870911    
0.0079440988972017590456315157069232628070634188982348589010905805    
0.0005035692050839197256359787736104295683052637280038962187538067    

0.2021546172532399042117689092670428852243273457295497328926178222    
0.0103331346021543059341408693378082552392166625914906375667404646    
0.0005906793254798819268889220377989848318033564996873104210348789    

0.4040605202744646509578257509447939419502439029012425269611570195    
0.0005245348750480563085978552157966664018390975623347957502522205    
0.0002179060658538463250916056943494009419127881131786161192453303    

0.3073299916601585924645029111721142668903473480561515378449121775    
0.0056160512436806839762637344166242693523960807068997296739774975    
0.0004741572694771503905460410377041961030825956394018728267622814    

0.3747693207394450377883269123263322718011002565245992344852411994    
0.0134122075040521056639597118672028763192784297032862517966853619    
0.0007827862254221771147152803612682020508834542463651809000961556    

0.0296298550670532692899480799429765395188666243780624262079489496    
0.8738508178587372404383492988370797815454589382050624910761570368    
0.0003305022059647865738416145103122066595687913038187680362535604    

0.0226081067180232154149003345163161370723287609895590056610733590    
0.8123294051878386762468159772337865478029758849793644735192726831    
0.0003137972417382007255840124483704100247257644709705965032313673    

0.0181860002192930812537719383460241677161032915489289170532095318    
0.7455002168937855349358395020359618694491892881888037017293021549    
0.0003218970881424887206317748330623410494550872661960981166492562    

0.0201759026892901354060846466432597570141766662571392753493201784    
0.6555599854367658352260762462442488765912567151946265317852045135    
0.0003272484343253095135424919642917114768961070969755253367808533    

0.1052769774108990736397401170460698901740380763448885843411041556    
0.0084188808109285552658557642731446775174668965270292662901009825    
0.0003423617359702550822381197431012437739394316720478113718379978    

0.4431877149735518607706639017642476715224046448041012606804865616    
0.0277852405125836253352480050930194963671857670795113229251272495    
0.0009624965098674680151387867342724485999805152232637163617670932    

0.4055979834143757026574750567247615026002265710778943507770262130    
0.0299162949464086336686999338701569683568440968876427539200229343    
0.0011636378397662996299538778820069504221802400059568050892086105    

0.2473057939123609188295763668976657714146858459360325570996894669    
0.0122114551655602781436926694014920758787807241945433268864617147    
0.0007121308900717395697873502986107574397482776836421797634811159    

0.0622919996252331504956073362239883000767115271830195621173465984    
0.7602168910051558474393220756203902408229074768694275724285816440    
0.0006431114077512782001941153644328771752568222706168662906828873    

0.0382833666409435076082161371576535838066238710935406515550179324    
0.6404409207485037688344001360122842695963195601705423613542025673    
0.0004136881194583124470537896298662477463066211910115145207954323    

0.0644625316424779655048091073802802404993307113901503435546484381    
0.4856583741502324114049157803194047783982388566263218973062708252    
0.0011938555606843905500156853998136124315978612029648645674893363    

0.1075007242310730454438466318517187740313408966905177326590322463    
0.0461995483414607947998752555829221298038028324704531799655444997    
0.0006711252682526438578865655907781121418501073973247762959659066    

0.1922302359260258583147420139892249132420754092007842912539129834    
0.0519314065341206761217083777656577620181609098611495068945193193    
0.0009636695243732569706402442713581133095066117458971020741085753    

0.2414691380140476392387964381761745690774448513390012092424050761    
0.0590553851970555237401129398654635786257230224538215872974108400    
0.0013700219333841463534220222444589987327145253984075802522682543    

0.2998703488725572230996754035726110225208223308623784892924082588    
0.0325510271376892812546471991606259644125935845916406748094684774    
0.0010302350906081871295631918054818270902958674380699596678145695    

0.0907459344657890956352876374420304421042125754441878455383017767    
0.6841753014173673225579697330425405200760128472139972070379113136    
0.0009593646005420145112733383771104523394182155913949027274486995    

0.0636688432660902139396576803409636992245298203069222367989966493    
0.5749380320888467192857279867847636643883116875318413670430115868    
0.0010879899025363186847709538293511969052772259294188229142221622    

0.1501629270420705236091478891295190461792263676245841255776123888    
0.0635327391830495010722009139482299618580550496008588037626374100    
0.0014356209740686537832498139866600094938825261580695297201333651    

0.1972685786548325437006042330718675424780800235691144758134974437    
0.0944724109198609238542576206594001554852292058106778246266777558    
0.0020791004725112032501741598867384590337989477157878082164344388    

0.4038899265028368527113903507091389285954391180734250442083071950    
0.0706214351765395147552823666159714517906824420935892690649780630    
0.0017904003775372703770210388863958581810565105870106504346252332    

0.3632399654717344064894851070365011325129599414772186045966606758    
0.0583678697422572312886250054542044206446440050824738546432655951    
0.0018932519939912793388743630737502238426415825615956955036189683    

0.1190317385235903820241246621929796687871074164651233771057189192    
0.5853719722668444512838896599751267189594910941036860497718597913    
0.0018006336709222174620111479088823466292115137786231563304175281    

0.1005035693692680026253386566438348617556740395719613536741014083    
0.4805670843171223668125547140140143148493222744282706448761518366    
0.0018610715135895025323582496287403545007882120610358658255877783    

0.3644936553847061753746470442063496140677492740048670756732726730    
0.1142055484942531805205925476286941843699124465551281450095047495    
0.0018699182035377857174428154036445010224980742177046250625740601    

0.2339297516749650575585810583475496440805841629528656186569867544    
0.1364484544709921901854785333270413924899565685146411104704226996    
0.0024089891422069657573951523892747084881300783543102319319896848    

0.2657402410586823433395517013992940097635729703565386468724933069    
0.0800664775798913296820408135409684466901598413105305643225221093    
0.0017087508636097716194639908003642438493801971763342664545626345    

0.1344018174309155217452742313470611468847660673636788257117897430    
0.5017463071457093601702521035163319547846809703174331525346443015    
0.0015160389046992387243597521905032635707036986808189446879154278    

0.1646296801861894402639244085655256801843510302542443911231666776    
0.4014670017641443287228655041910614470720979904097382690088800489    
0.0018342119619474249974909911898491817397677428891959292152555116    

0.3295126134225129047775842458077382169940242945967979785312283951    
0.1144583790299590414075211670624871073921000446138402324156568974    
0.0022110180517402795809911970398126739815474843072985687243166680    


S1111 
0.0528513520669222774093800441058860510733978399258786250630115206    
0.9228850003083907392055619103495226962856384743001526276564296193    
0.0193613749201139238962033321481378040226260892983083250413019617    
0.0000854162514512781016780049431941259543800638884235386144708864    

0.1033289624857207522291674023297393223495478167015385049737738123    
0.8657842209807224953145002888369249489059990913567109967307384110    
0.0248595033930346827959016362636703892679781773170325739270997671    
0.0001502507123534056668972104599298281660822511610861351920760603    

0.1692771130612147546806415380604128099939140531640625997693230541    
0.8107295448379255308241989609159253257729207530612274660103298315    
0.0178424873791281933578216372258964361364778071984091269192943549    
0.0000766630903311119287561024196524374407649872303653572411819401    

0.2359025944140331836394646597355486865894376819824401330594773274    
0.7245936960732409602114491791685185771512287754766247273574251670    
0.0364049728301490826036495095662793469646589442082932896168706231    
0.0001711882879274101364829196937012363959333439425993620866730238    

0.3199788657813583076316681798896585364185609640663548418289513504    
0.6631025282289025883843358198717432368303461675918944681048370842    
0.0147129341964867008586200666950236690067864939365633516276023398    
0.0001002515061923969191595328369924578100344672828553673354552184    

0.4014676273501515409527787157451492672955866120593363483467388903    
0.5690969167601848342930744124694695067440740483111879960087610674    
0.0214220819676812895963363145607613093577602872434315089348293026    
0.0002431313580580322368362568957299550834499309769860231827305901    

0.1064355644174403826869504549169368736822051674782014047933993878    
0.8324424805735502018253373249724141460154269560295703818766322388    
0.0599105610803196093365109736490013794060386195255272814077369176    
0.0000922255372486065661165705382726010132650713740735695745569401    

0.1630695999540764106834457798963130906767597419373734195096273627    
0.7774844327159038672991233154725351904895881668967823576941671640    
0.0521693451799310843387963353084745677117552454082749468480782285    
0.0002900156243038298799419795872553283849307431968680899339370311    

0.3058718682109652025293463527306803499854565829308910610760375860    
0.6375517730900326742175307620214016810038202551806745894209004785    
0.0485269012900273748999882175420211878635325489432084696699846709    
0.0003590601259334900955731464910610090605599853974866566059295118    

0.3920983116429315169051377924081528030027021956182418444618427972    
0.5611334339495157217529770917570943900790514023523736049013509431    
0.0466037274910207374660334936963499618463646341029541208458955246    
0.0001056613283269529727627344239205232594265475418792272018921961    

0.1626557536293045496426588855310295552183771767258574081887376218    
0.7349368544642116312367098964452804718028338893087270517450804773    
0.0991362346025793662640399925960862019720943981467652032624486517    
0.0001875725004425080618070016763460047452425297556326861958235363    

0.2979152505411154710103899384979673499357653346601298646865801545    
0.6119728602634737360840694656837517259968812835397780192022905173    
0.0887095296928255550314961761197790931611733448603250065677687893    
0.0001560299108933853510070881326047777657348430612701199452760674    

0.3704015298260139170034265914804128872114337733790839147600777867    
0.5366113073521915250360388165498173597439570922213386405542333802    
0.0815985304918019680638072730321661972419776093087581836977249102    
0.0005410256969169056677594278302796830752075473131090195155348743    

0.2219531036446464226803321025330993050675435410204394022157454331    
0.6326000044832933814850593786011132732890706052516942429717361285    
0.1431611594748381576184789078458085050183237939915417356630833757    
0.0002075239176643301967816157188195304583145625964063673430102298    

0.3621816152076169675334110479086610413404743351857968705709080565    
0.5114880467906154852369592374966936217531373546758670306601080955    
0.1241192523816642624284562356340199693527943598234936616841976985    
0.0002310518881819580200180020194871350113342514524595191985709554    

0.2737695475286877753164575882198042623230659395462449853396010491    
0.5385625262026722645634499752093460437124165266955948163486929097    
0.1856188169978851207629661582600781519760430094675212736778972316    
0.0002632577024183338057209998833043640822619930644424541063520939    

0.3403822511373568602648670999001339490887783123799559015667720783    
0.4754055560760126034907601746985953382772171557632393863024241628    
0.1711962314540930726266279035434265742613136256902778732165296870    
0.0007970719395506161038462527879880465910445947006378549239817873    

0.3137313521324399106731491247481292173438523969853608525378047257    
0.4446096230355270473322673078221458245999070992858064257813102693    
0.2388006210915518856803273884947776936250446598603677144590105320    
0.0002761076391345939222319482572844455066289138624682632082345431    

0.0999155319054094441741866821485654448056891196942319905782022663    
0.8180206072961130683453238970064488344378365159210747377827650546    
0.0595453496674467702995047497137877594609740368911868453664082493    
0.0004685648952757290160938412929318262121893734484745353486443934    

0.1592396172398647392081497379865400931837968528243559071486113079    
0.7517567393548166643101949530744731945684566603092081813816230631    
0.0560721277992842472951880892039268710937793528474513063289877045    
0.0004167856904315328168058607955687904498080324589961273252722381    

0.2216799916758420846792793105908866711104035511000706769950085781    
0.6977284926757313739007253847213715254999244142011258048425952224    
0.0542784152220021076936080590782280995757942119424216327885276397    
0.0005317695562662558486755163298204300250263279638921885048340064    

0.3709197831720353357742486931106398788408881926342556754465606786    
0.5550645785453161147426427053261574791523672449091048272540686586    
0.0488178360539403272978238636200847021164764680697151930175317886    
0.0006330335854037097204881944552413616791614036689999432734530506    

0.1564860215614278241307728263786557870029940658055444540010883105    
0.7156310938708314080330980086980664270768534706873905436503591768    
0.1019315511142206405078973591074384557149181330605808642995847426    
0.0006615397087416905753771296657455387918976308222737015961822173    

0.2252894354255882013668862685110985931052630394098831068414222888    
0.6831390392470104627465659514418479972359332132834332819479934100    
0.0844346443103594208669992317156074623096007318843622848197762828    
0.0003842910507670347024340560977358058549245407426282092305574904    

0.2739797873993725888612416776380709126671333808871027316811391770    
0.6126067661836578785947926365436981943273569690854644980046299569    
0.0838047638343758556629924443102840492879899653895501828830964836    
0.0008193206441490779178119531383057332532343971858738118086900926    

0.2031756568981166142650659427174913470357194493665246184812075735    
0.6346308678934384274595927794140243486767826570765495662547282700    
0.1359430147584486902995416913937839479554305234844204120746840418    
0.0009193753290644884142282582225630146501230680935510963997864887    

0.2830320294402881803197327812203893834387598281262596268479890985    
0.5766772863060669890479852506155612492732860181362931677501797506    
0.1275263220536818895072335854374083908543045638206022379287283377    
0.0006438078048003855262853262755677424175979909395760828709649631    

0.2575494021052967256488229311462639038876875228535286698058063042    
0.5311258150354000692610751875128747260786280865090303929026750529    
0.1788651697628317227448730564563308855529242672540084031736458088    
0.0011609257730134242549271253066903443905170646237267906753513303    

0.3073570739585732069175344599449955430339764311458823261447188954    
0.4312281076335919794907555455839675434149120402376487995226514985    
0.2326473622363852964747753542806226207891756386782201956236918602    
0.0009891186006088515896394171848106534006696996742777048427675915    

0.1977538785943355419225856859005673504735890475247266165894564845    
0.6582250842858963709537050263684388815811448934614708215191737763    
0.0861415006748775242725528235358324469048557710382592030550739575    
0.0009736659177477657781465540154998229482779643328376740679692123    

0.2458372549602009461193137574749785909291441106483453608012662424    
0.5621707917002641153348243062336345209155469589266254089712513630    
0.1233534674729859022268712290864475609568467282997696922723424701    
0.0017602886775144057765663126740654223463354640146294058153055695    

0.3411971996420568920204827442719637004291500004386966720675424632    
0.5066313774535315069009186771059958155053885143206910795877475075    
0.1136301727631265693091222742341301606880312059333992741457184197    
0.0013298546899588036377658870128138668060110350159299933555541787    

0.3114965377127265145304811596512940754673786334659119885761972268    
0.4581637463788296935787735220502193439363926022927802876959412966    
0.1712255729436113527522558350201653130443212118315750073657812097    
0.0014169287810445382371270655854486109803186207257108892232739483    

0.2841123967241415916262393377926171437442294412207149018261211705    
0.4436062982252197293838990698785772602768439975968248397504103112    
0.1705609252721598517866018103687715942130574743754117256812377260    
0.0017869260287529467768524476990982787309703335592481108089326883    

