centroid       numS31         numS22         numS211        numS1111       
false (1)      7 (4)          6 (6)          58 (12)        42 (24)        

S31 
[0.004783936688206807]                                                1.1718170679805366e-5                                                 
[0.04013265031265925]                                                 0.0001966324626396431                                                 
[0.30359702812222716]                                                 0.002098173649400434                                                  
[0.1702329807910983]                                                  0.00193529432502968                                                   
[0.20299112425233626]                                                 0.001654502580184976                                                  
[0.27632458701715024]                                                 0.0017005345838080083                                                 
[0.23006633952440433]                                                 0.0023528410212827235                                                 

S22 
[0.4943525161606657]                                                  7.418587977709633e-5                                                  
[0.48114635880297707]                                                 0.00023205071248665597                                                
[0.4522777358995257]                                                  0.0007381970348987201                                                 
[0.4185637152293021]                                                  0.0010991295762790806                                                 
[0.36250133971268356]                                                 0.001843130761475777                                                  
[0.3140770046080556]                                                  0.0022961681080040383                                                 

S211 
[0.0036704135513945125, 0.964527916079212]                            1.7465135369343234e-5                                                 
[0.00459835868355218, 0.9255606684940018]                             3.642184564140278e-5                                                  
[0.005032122072585453, 0.8758802199155001]                            5.313697026068826e-5                                                  
[0.003797211636143508, 0.8169755083705994]                            4.159730857434937e-5                                                  
[0.0047425859165518116, 0.7421423219006014]                           5.99262847752955e-5                                                   
[0.0015118418161124021, 0.6601439039919795]                           2.1908132227250177e-5                                                 
[0.0026456635158079605, 0.5600801913739294]                           2.433156493554775e-5                                                  
[0.019933730836082318, 0.00406712932873819]                           3.691988113854148e-5                                                  
[0.4854778551500971, 0.003267207046584524]                            0.0001370576289855781                                                 
[0.06075268893664212, 0.0014149120718228868]                          6.174565237310322e-5                                                  
[0.4658222681454616, 0.002207049075523405]                            0.00015659807243083356                                                
[0.10431518270433765, 0.0013894390107640523]                          0.00010785347010013234                                                
[0.15239104873419435, 0.0005843881707027879]                          0.0001187601744606279                                                 
[0.44261698152021156, 0.008315827432068656]                           0.0004496288158498732                                                 
[0.19706838385118428, 0.0010349428555863317]                          0.00014221613717197055                                                
[0.4182463371224022, 0.00331049230489571]                             0.0002543089767444826                                                 
[0.2538210224773563, 0.00420583351902819]                             0.0003418399187234023                                                 
[0.39755784240742587, 0.006718868857315513]                           0.00011584618349694504                                                
[0.3075321518108736, 0.001687457880143917]                            0.00016890348258344988                                                
[0.01883081838457226, 0.925522961131831]                              8.184541022473234e-5                                                  
[0.022149771012425896, 0.8760232349569854]                            0.0002115855547347369                                                 
[0.0219496139316671, 0.819687463121786]                               0.0002466428559364651                                                 
[0.018388504853910446, 0.7460038332704123]                            0.00023456133997377566                                                
[0.02253476108854538, 0.6812788896251895]                             0.00021134665093732778                                                
[0.022541645065650574, 0.5612097008833552]                            0.00038873452789956885                                                
[0.05441111546554595, 0.016287404046820036]                           0.0002331601557019646                                                 
[0.46706854124579933, 0.017274293532219924]                           0.0004360208608639074                                                 
[0.10182578576026703, 0.01752536642622053]                            0.00039038401044567364                                                
[0.15647344310706907, 0.017977728188830002]                           0.0005564054167289282                                                 
[0.20717865637850522, 0.014155661714758372]                           0.0006104819845742161                                                 
[0.4060925339214282, 0.0251693058308567]                              0.0009294597969750436                                                 
[0.26333841424112564, 0.02046708468154436]                            0.000754815274346807                                                  
[0.3670071650058114, 0.022634483357857053]                            0.0008086518606522322                                                 
[0.3060635397667603, 0.012968965466687653]                            0.0005292888613171702                                                 
[0.0551997709443203, 0.8242338252551755]                              0.0001628816134273394                                                 
[0.05666791202010785, 0.7406304086888454]                             0.0006478908029190912                                                 
[0.039877474273082816, 0.7032141812897538]                            0.0005317052236390516                                                 
[0.049810174834654955, 0.6238626492203581]                            0.000614630011491849                                                  
[0.043823997896805654, 0.5437511080994317]                            0.0006355155712722636                                                 
[0.09592354040397903, 0.05700163838159989]                            0.0007363454078131254                                                 
[0.43377132427215365, 0.0356063184122503]                             0.0009246589094569548                                                 
[0.14201811661188382, 0.055255501702116724]                           0.0009506155054665559                                                 
[0.18672260736243645, 0.04487310192944832]                            0.001107066410358415                                                  
[0.2924435088746602, 0.042790682271012834]                            0.0012819396041183326                                                 
[0.09299651479623246, 0.6716363686998115]                             0.0011106068418064714                                                 
[0.08222107167803988, 0.5670797709340051]                             0.0011380828397813828                                                 
[0.15083361181380747, 0.1139418398404323]                             0.0009476763508374457                                                 
[0.19002688150036579, 0.09891369253386012]                            0.0011556978600349651                                                 
[0.39219884811094174, 0.07171169199018045]                            0.0015850529485314153                                                 
[0.2375047561788742, 0.04620929913097802]                             0.000985800266897292                                                  
[0.35523542143756, 0.06411058063471008]                               0.0012399665642565335                                                 
[0.2572037338900661, 0.08137065716267038]                             0.0017184948950787155                                                 
[0.13000278819358574, 0.50324466833266]                               0.0018143336481103005                                                 
[0.10612576492597933, 0.4536284821889802]                             0.001366018606067783                                                  
[0.21544284692937782, 0.12235999044469098]                            0.001591905670718826                                                  
[0.3353264178647107, 0.1134443997918678]                              0.0018480551034529742                                                 
[0.16689270097888112, 0.40406203216602715]                            0.0019457475129927941                                                 
[0.2518037230863392, 0.1433660346267978]                              0.002093468575810988                                                  

S1111 
[0.054161945687442425, 0.9177548291603352, 0.024055324644873692]      7.331502564487042e-5                                                  
[0.10495579135020966, 0.8660945508833798, 0.02518719285964128]        9.463842498213288e-5                                                  
[0.16981965691301207, 0.8035197148444944, 0.022397476097601177]       0.000120673238625601                                                  
[0.24612084532576523, 0.7336236639084812, 0.0186230194804989]         4.99969756318362e-5                                                   
[0.3190373989472652, 0.657646207333711, 0.0181629710970839]           0.00014665997668562977                                                
[0.4002365635741156, 0.5808079966981884, 0.015371270181705081]        0.0001006831893822201                                                 
[0.10494658562226541, 0.8311231072064067, 0.05711716737063229]        0.0002008255247788912                                                 
[0.16194091987710654, 0.7777887037522617, 0.05801222880021545]        0.00012101757979565105                                                
[0.23341899267463612, 0.7164359420451158, 0.044150844230283315]       0.0002330158611526842                                                 
[0.30744619809699114, 0.6415855937853026, 0.050245095445773665]       8.878768394270499e-5                                                  
[0.2256444547724757, 0.6824682561783545, 0.09041901422809157]         0.000139651483293635                                                  
[0.3017451952562851, 0.6042826159209337, 0.08713552072339632]         0.0003430656369631716                                                 
[0.3752057721557407, 0.5350145618992217, 0.08729483041923143]         0.0001386835169992948                                                 
[0.27772227094528146, 0.58088089506074, 0.13905077036844254]          0.000159736131031475                                                  
[0.3631708991935868, 0.5114236601098241, 0.12486464243023992]         9.875025755264395e-5                                                  
[0.2758447983554684, 0.530910375684156, 0.18920673291742884]          0.0002483174528330651                                                 
[0.3392402518636922, 0.4799296547819179, 0.17479469778536935]         0.0003131158296996142                                                 
[0.33908096536735066, 0.4207497382811602, 0.2362744998908845]         0.0003312049318236779                                                 
[0.09951508492864969, 0.813825089909671, 0.056451340676232524]        0.0003964099662695769                                                 
[0.16334649351868846, 0.7654109160180366, 0.05145417066047883]        0.0004094204729970888                                                 
[0.3120891380532395, 0.6266023581367955, 0.044481330692456904]        0.00043690944963090513                                                
[0.3924162432273417, 0.5585413673942684, 0.04425219283336841]         0.00022653398554667512                                                
[0.16127079384947848, 0.7302525724867996, 0.10046545004566454]        0.0003427911316067499                                                 
[0.2304569259134303, 0.6751306894803852, 0.07565366629252858]         0.0005536023411463311                                                 
[0.2977648185822125, 0.5827421181554454, 0.08482114254131518]         0.0007246942499235571                                                 
[0.38328348563169534, 0.5255707957909602, 0.07218024318805524]        0.000565670536220449                                                  
[0.21847302775568334, 0.6355172491164472, 0.138174260084745]          0.0003773270995218671                                                 
[0.28431668307510405, 0.5717865838821414, 0.1270906205391751]         0.00038210594348646673                                                
[0.3527374779856011, 0.5041826106725208, 0.1265419231304738]          0.0006027797564183151                                                 
[0.26835207091627067, 0.5263557711033181, 0.17997913554868855]        0.0008052290202489568                                                 
[0.3249122109082529, 0.4470750622708431, 0.2062406072290938]          0.000592864807536354                                                  
[0.15230751633759676, 0.7182124734379043, 0.09662834323336317]        0.000595956669582018                                                  
[0.20465168272803475, 0.6552211182024594, 0.08644306405479671]        0.0008081817956842492                                                 
[0.3558918866446484, 0.502828989502235, 0.08625079859546295]          0.0008366832465851477                                                 
[0.21398614869933777, 0.6295781472742439, 0.12690621521393072]        0.0006053051447382087                                                 
[0.257553903318839, 0.5657732269979129, 0.13031811375327412]          0.0007137124539421968                                                 
[0.3402207175532845, 0.47772683132958105, 0.13694443052821131]        0.0009490105726220289                                                 
[0.320057235443509, 0.42901681410069986, 0.2001212569928927]          0.0011068745570193238                                                 
[0.2006424943329666, 0.5895246532228766, 0.12839210507445822]         0.0012027351471865975                                                 
[0.2893270502019715, 0.5051048844705007, 0.1293090150359421]          0.00081838992040534                                                   
[0.25026349138253534, 0.5019527514028505, 0.17898795194868544]        0.0011150514501258445                                                 
[0.2985735396875677, 0.42378515370562664, 0.17473582422023298]        0.0017152864395876615                                                 
