vertices       numS31         midedges       numS22         numfaceS21     numedge        
true (4)       8 (4)          true (6)       4 (6)          8 (12)         4 (12)         
numS211        numS1111       facecentroid   numfaceS111    centroid       
18 (12)        4 (24)         true (4)       6 (24)         true (1)       

-1.0000000000000000      -1.0000000000000000      -1.0000000000000000      0.0000059114863132       
1.0000000000000000       -1.0000000000000000      -1.0000000000000000      0.0000059114863132       
-1.0000000000000000      1.0000000000000000       -1.0000000000000000      0.0000059114863132       
-1.0000000000000000      -1.0000000000000000      1.0000000000000000       0.0000059114863132       
-0.9414967025204743      -0.9414967025204743      0.8244901075614230       0.0009331876101696       
-0.9414967025204743      0.8244901075614230       -0.9414967025204743      0.0009331876101696       
-0.9414967025204743      -0.9414967025204743      -0.9414967025204743      0.0009331876101696       
0.8244901075614230       -0.9414967025204743      -0.9414967025204743      0.0009331876101696       
-0.3445641467137638      -0.3445641467137638      -0.9663075598587088      0.0021960200673044       
-0.3445641467137638      -0.9663075598587088      -0.3445641467137638      0.0021960200673044       
-0.3445641467137638      -0.3445641467137638      -0.3445641467137638      0.0021960200673044       
-0.9663075598587088      -0.3445641467137638      -0.3445641467137638      0.0021960200673044       
-0.8198478825939253      -0.8198478825939253      0.4595436477817759       0.0035650367919694       
-0.8198478825939253      0.4595436477817758       -0.8198478825939253      0.0035650367919694       
-0.8198478825939253      -0.8198478825939253      -0.8198478825939253      0.0035650367919694       
0.4595436477817758       -0.8198478825939253      -0.8198478825939253      0.0035650367919694       
-0.3671342568174526      -0.3671342568174526      -0.8985972295476423      0.0028746748348889       
-0.3671342568174526      -0.8985972295476423      -0.3671342568174526      0.0028746748348889       
-0.3671342568174526      -0.3671342568174526      -0.3671342568174526      0.0028746748348889       
-0.8985972295476423      -0.3671342568174526      -0.3671342568174526      0.0028746748348889       
-0.6896198310870468      -0.6896198310870468      0.0688594932611406       0.0057632589433731       
-0.6896198310870468      0.0688594932611406       -0.6896198310870468      0.0057632589433731       
-0.6896198310870468      -0.6896198310870468      -0.6896198310870468      0.0057632589433731       
0.0688594932611407       -0.6896198310870468      -0.6896198310870468      0.0057632589433731       
-0.4002220530922780      -0.4002220530922780      -0.7993338407231660      0.0036627237496656       
-0.4002220530922780      -0.7993338407231660      -0.4002220530922780      0.0036627237496656       
-0.4002220530922780      -0.4002220530922780      -0.4002220530922780      0.0036627237496656       
-0.7993338407231660      -0.4002220530922780      -0.4002220530922780      0.0036627237496656       
-0.5808748360704264      -0.5808748360704264      -0.2573754917887206      0.0052531092209093       
-0.5808748360704264      -0.2573754917887206      -0.5808748360704264      0.0052531092209093       
-0.5808748360704264      -0.5808748360704264      -0.5808748360704264      0.0052531092209093       
-0.2573754917887206      -0.5808748360704264      -0.5808748360704264      0.0052531092209093       
-0.4484933258174722      -0.4484933258174722      -0.6545200225475836      0.0043676339497923       
-0.4484933258174722      -0.6545200225475836      -0.4484933258174722      0.0043676339497923       
-0.4484933258174722      -0.4484933258174722      -0.4484933258174722      0.0043676339497923       
-0.6545200225475836      -0.4484933258174722      -0.4484933258174722      0.0043676339497923       
0.0000000000000000       -1.0000000000000000      -1.0000000000000000      0.0000514504083201       
0.0000000000000000       0.0000000000000000       -1.0000000000000000      0.0000514504083201       
-1.0000000000000000      0.0000000000000000       -1.0000000000000000      0.0000514504083201       
-1.0000000000000000      -1.0000000000000000      0.0000000000000000       0.0000514504083201       
0.0000000000000000       -1.0000000000000000      0.0000000000000000       0.0000514504083201       
-1.0000000000000000      0.0000000000000000       0.0000000000000000       0.0000514504083201       
-0.0389881862054122      -0.9610118137945878      -0.9610118137945878      0.0013689916699668       
-0.9610118137945878      -0.0389881862054122      -0.9610118137945878      0.0013689916699668       
-0.9610118137945878      -0.9610118137945878      -0.0389881862054122      0.0013689916699668       
-0.0389881862054122      -0.0389881862054122      -0.9610118137945878      0.0013689916699668       
-0.0389881862054122      -0.9610118137945878      -0.0389881862054122      0.0013689916699668       
-0.9610118137945878      -0.0389881862054122      -0.0389881862054122      0.0013689916699668       
-0.1288997018012174      -0.8711002981987825      -0.8711002981987828      0.0032804859457894       
-0.8711002981987825      -0.1288997018012174      -0.8711002981987828      0.0032804859457894       
-0.8711002981987827      -0.8711002981987827      -0.1288997018012173      0.0032804859457894       
-0.1288997018012174      -0.1288997018012174      -0.8711002981987828      0.0032804859457894       
-0.1288997018012174      -0.8711002981987827      -0.1288997018012173      0.0032804859457894       
-0.8711002981987827      -0.1288997018012174      -0.1288997018012173      0.0032804859457894       
-0.2462433855669786      -0.7537566144330214      -0.7537566144330214      0.0038515707290595       
-0.7537566144330214      -0.2462433855669786      -0.7537566144330214      0.0038515707290595       
-0.7537566144330214      -0.7537566144330214      -0.2462433855669786      0.0038515707290595       
-0.2462433855669786      -0.2462433855669786      -0.7537566144330214      0.0038515707290595       
-0.2462433855669786      -0.7537566144330214      -0.2462433855669786      0.0038515707290595       
-0.7537566144330214      -0.2462433855669786      -0.2462433855669786      0.0038515707290595       
-0.3796540831557746      -0.6203459168442255      -0.6203459168442254      0.0040400219547826       
-0.6203459168442255      -0.3796540831557746      -0.6203459168442254      0.0040400219547826       
-0.6203459168442255      -0.6203459168442255      -0.3796540831557746      0.0040400219547826       
-0.3796540831557746      -0.3796540831557746      -0.6203459168442254      0.0040400219547826       
-0.3796540831557746      -0.6203459168442255      -0.3796540831557746      0.0040400219547826       
-0.6203459168442255      -0.3796540831557746      -0.3796540831557746      0.0040400219547826       
-0.9373759120776956      0.8747518241553911       -1.0000000000000000      0.0001750254732034       
-0.9373759120776956      -0.9373759120776954      -1.0000000000000000      0.0001750254732034       
0.8747518241553911       -0.9373759120776954      -1.0000000000000000      0.0001750254732034       
0.8747518241553911       -1.0000000000000000      -0.9373759120776956      0.0001750254732034       
-0.9373759120776954      -1.0000000000000000      -0.9373759120776956      0.0001750254732034       
-0.9373759120776954      -1.0000000000000000      0.8747518241553911       0.0001750254732034       
-0.9373759120776956      0.8747518241553911       -0.9373759120776956      0.0001750254732034       
0.8747518241553911       -0.9373759120776954      -0.9373759120776956      0.0001750254732034       
-0.9373759120776956      -0.9373759120776954      0.8747518241553911       0.0001750254732034       
-1.0000000000000000      -0.9373759120776956      0.8747518241553911       0.0001750254732034       
-1.0000000000000000      -0.9373759120776956      -0.9373759120776954      0.0001750254732034       
-1.0000000000000000      0.8747518241553911       -0.9373759120776954      0.0001750254732034       
-0.8022206696795784      0.6044413393591568       -1.0000000000000000      0.0004539501240271       
-0.8022206696795784      -0.8022206696795784      -1.0000000000000000      0.0004539501240271       
0.6044413393591568       -0.8022206696795784      -1.0000000000000000      0.0004539501240271       
0.6044413393591568       -1.0000000000000000      -0.8022206696795784      0.0004539501240271       
-0.8022206696795784      -1.0000000000000000      -0.8022206696795784      0.0004539501240271       
-0.8022206696795784      -1.0000000000000000      0.6044413393591568       0.0004539501240271       
-0.8022206696795784      0.6044413393591568       -0.8022206696795784      0.0004539501240271       
0.6044413393591568       -0.8022206696795784      -0.8022206696795784      0.0004539501240271       
-0.8022206696795784      -0.8022206696795784      0.6044413393591568       0.0004539501240271       
-1.0000000000000000      -0.8022206696795784      0.6044413393591568       0.0004539501240271       
-1.0000000000000000      -0.8022206696795784      -0.8022206696795784      0.0004539501240271       
-1.0000000000000000      0.6044413393591568       -0.8022206696795784      0.0004539501240271       
-0.6211754224085078      0.2423508448170155       -1.0000000000000000      0.0005874360894127       
-0.6211754224085078      -0.6211754224085078      -1.0000000000000000      0.0005874360894127       
0.2423508448170155       -0.6211754224085078      -1.0000000000000000      0.0005874360894127       
0.2423508448170155       -1.0000000000000000      -0.6211754224085078      0.0005874360894127       
-0.6211754224085078      -1.0000000000000000      -0.6211754224085078      0.0005874360894127       
-0.6211754224085078      -1.0000000000000000      0.2423508448170155       0.0005874360894127       
-0.6211754224085078      0.2423508448170155       -0.6211754224085078      0.0005874360894127       
0.2423508448170155       -0.6211754224085078      -0.6211754224085078      0.0005874360894127       
-0.6211754224085078      -0.6211754224085078      0.2423508448170155       0.0005874360894127       
-1.0000000000000000      -0.6211754224085078      0.2423508448170155       0.0005874360894127       
-1.0000000000000000      -0.6211754224085078      -0.6211754224085078      0.0005874360894127       
-1.0000000000000000      0.2423508448170155       -0.6211754224085078      0.0005874360894127       
-0.4477321529932814      -0.1045356940134372      -1.0000000000000000      0.0004350633745699       
-0.4477321529932814      -0.4477321529932814      -1.0000000000000000      0.0004350633745699       
-0.1045356940134372      -0.4477321529932814      -1.0000000000000000      0.0004350633745699       
-0.1045356940134372      -1.0000000000000000      -0.4477321529932814      0.0004350633745699       
-0.4477321529932814      -1.0000000000000000      -0.4477321529932814      0.0004350633745699       
-0.4477321529932814      -1.0000000000000000      -0.1045356940134372      0.0004350633745699       
-0.4477321529932814      -0.1045356940134372      -0.4477321529932814      0.0004350633745699       
-0.1045356940134372      -0.4477321529932814      -0.4477321529932814      0.0004350633745699       
-0.4477321529932814      -0.4477321529932814      -0.1045356940134372      0.0004350633745699       
-1.0000000000000000      -0.4477321529932814      -0.1045356940134372      0.0004350633745699       
-1.0000000000000000      -0.4477321529932814      -0.4477321529932814      0.0004350633745699       
-1.0000000000000000      -0.1045356940134372      -0.4477321529932814      0.0004350633745699       
-0.2582226030128082      -0.4835547939743836      -1.0000000000000000      0.0002675297617944       
-0.2582226030128082      -0.2582226030128082      -1.0000000000000000      0.0002675297617944       
-0.4835547939743836      -0.2582226030128082      -1.0000000000000000      0.0002675297617944       
-0.4835547939743836      -1.0000000000000000      -0.2582226030128082      0.0002675297617944       
-0.2582226030128082      -1.0000000000000000      -0.2582226030128082      0.0002675297617944       
-0.2582226030128082      -1.0000000000000000      -0.4835547939743836      0.0002675297617944       
-0.2582226030128082      -0.4835547939743836      -0.2582226030128082      0.0002675297617944       
-0.4835547939743836      -0.2582226030128082      -0.2582226030128082      0.0002675297617944       
-0.2582226030128082      -0.2582226030128082      -0.4835547939743836      0.0002675297617944       
-1.0000000000000000      -0.2582226030128082      -0.4835547939743836      0.0002675297617944       
-1.0000000000000000      -0.2582226030128082      -0.2582226030128082      0.0002675297617944       
-1.0000000000000000      -0.4835547939743836      -0.2582226030128082      0.0002675297617944       
-0.1615120118465212      -0.6769759763069576      -1.0000000000000000      0.0004671417560834       
-0.1615120118465212      -0.1615120118465212      -1.0000000000000000      0.0004671417560834       
-0.6769759763069576      -0.1615120118465212      -1.0000000000000000      0.0004671417560834       
-0.6769759763069576      -1.0000000000000000      -0.1615120118465212      0.0004671417560834       
-0.1615120118465212      -1.0000000000000000      -0.1615120118465212      0.0004671417560834       
-0.1615120118465212      -1.0000000000000000      -0.6769759763069576      0.0004671417560834       
-0.1615120118465212      -0.6769759763069576      -0.1615120118465212      0.0004671417560834       
-0.6769759763069576      -0.1615120118465212      -0.1615120118465212      0.0004671417560834       
-0.1615120118465212      -0.1615120118465212      -0.6769759763069576      0.0004671417560834       
-1.0000000000000000      -0.1615120118465212      -0.6769759763069576      0.0004671417560834       
-1.0000000000000000      -0.1615120118465212      -0.1615120118465212      0.0004671417560834       
-1.0000000000000000      -0.6769759763069576      -0.1615120118465212      0.0004671417560834       
-0.0807510205385681      -0.8384979589228638      -1.0000000000000000      0.0004278998138208       
-0.0807510205385681      -0.0807510205385680      -1.0000000000000000      0.0004278998138208       
-0.8384979589228638      -0.0807510205385680      -1.0000000000000000      0.0004278998138208       
-0.8384979589228638      -1.0000000000000000      -0.0807510205385681      0.0004278998138208       
-0.0807510205385680      -1.0000000000000000      -0.0807510205385681      0.0004278998138208       
-0.0807510205385680      -1.0000000000000000      -0.8384979589228638      0.0004278998138208       
-0.0807510205385681      -0.8384979589228638      -0.0807510205385681      0.0004278998138208       
-0.8384979589228638      -0.0807510205385680      -0.0807510205385681      0.0004278998138208       
-0.0807510205385681      -0.0807510205385680      -0.8384979589228638      0.0004278998138208       
-1.0000000000000000      -0.0807510205385681      -0.8384979589228638      0.0004278998138208       
-1.0000000000000000      -0.0807510205385681      -0.0807510205385680      0.0004278998138208       
-1.0000000000000000      -0.8384979589228638      -0.0807510205385680      0.0004278998138208       
-0.0248630032489399      -0.9502739935021202      -1.0000000000000000      0.0002475591873914       
-0.0248630032489399      -0.0248630032489399      -1.0000000000000000      0.0002475591873914       
-0.9502739935021202      -0.0248630032489399      -1.0000000000000000      0.0002475591873914       
-0.9502739935021202      -1.0000000000000000      -0.0248630032489399      0.0002475591873914       
-0.0248630032489399      -1.0000000000000000      -0.0248630032489399      0.0002475591873914       
-0.0248630032489399      -1.0000000000000000      -0.9502739935021202      0.0002475591873914       
-0.0248630032489399      -0.9502739935021202      -0.0248630032489399      0.0002475591873914       
-0.9502739935021202      -0.0248630032489399      -0.0248630032489399      0.0002475591873914       
-0.0248630032489399      -0.0248630032489399      -0.9502739935021202      0.0002475591873914       
-1.0000000000000000      -0.0248630032489399      -0.9502739935021202      0.0002475591873914       
-1.0000000000000000      -0.0248630032489399      -0.0248630032489399      0.0002475591873914       
-1.0000000000000000      -0.9502739935021202      -0.0248630032489399      0.0002475591873914       
-0.9340014304080592      -1.0000000000000000      -1.0000000000000000      0.0000321844582302       
0.9340014304080592       -1.0000000000000000      -1.0000000000000000      0.0000321844582302       
0.9340014304080592       -0.9340014304080592      -1.0000000000000000      0.0000321844582302       
-0.9340014304080592      0.9340014304080592       -1.0000000000000000      0.0000321844582302       
-1.0000000000000000      0.9340014304080592       -1.0000000000000000      0.0000321844582302       
-1.0000000000000000      -0.9340014304080592      -1.0000000000000000      0.0000321844582302       
-1.0000000000000000      -1.0000000000000000      -0.9340014304080592      0.0000321844582302       
-1.0000000000000000      -1.0000000000000000      0.9340014304080592       0.0000321844582302       
0.9340014304080592       -1.0000000000000000      -0.9340014304080592      0.0000321844582302       
-0.9340014304080592      -1.0000000000000000      0.9340014304080592       0.0000321844582302       
-1.0000000000000000      0.9340014304080592       -0.9340014304080592      0.0000321844582302       
-1.0000000000000000      -0.9340014304080592      0.9340014304080592       0.0000321844582302       
-0.7844834736631445      -1.0000000000000000      -1.0000000000000000      0.0000528456216456       
0.7844834736631445       -1.0000000000000000      -1.0000000000000000      0.0000528456216456       
0.7844834736631445       -0.7844834736631445      -1.0000000000000000      0.0000528456216456       
-0.7844834736631445      0.7844834736631445       -1.0000000000000000      0.0000528456216456       
-1.0000000000000000      0.7844834736631445       -1.0000000000000000      0.0000528456216456       
-1.0000000000000000      -0.7844834736631445      -1.0000000000000000      0.0000528456216456       
-1.0000000000000000      -1.0000000000000000      -0.7844834736631445      0.0000528456216456       
-1.0000000000000000      -1.0000000000000000      0.7844834736631445       0.0000528456216456       
0.7844834736631445       -1.0000000000000000      -0.7844834736631445      0.0000528456216456       
-0.7844834736631445      -1.0000000000000000      0.7844834736631445       0.0000528456216456       
-1.0000000000000000      0.7844834736631445       -0.7844834736631445      0.0000528456216456       
-1.0000000000000000      -0.7844834736631445      0.7844834736631445       0.0000528456216456       
-0.5652353269962052      -1.0000000000000000      -1.0000000000000000      0.0000645045739671       
0.5652353269962052       -1.0000000000000000      -1.0000000000000000      0.0000645045739671       
0.5652353269962052       -0.5652353269962052      -1.0000000000000000      0.0000645045739671       
-0.5652353269962052      0.5652353269962052       -1.0000000000000000      0.0000645045739671       
-1.0000000000000000      0.5652353269962052       -1.0000000000000000      0.0000645045739671       
-1.0000000000000000      -0.5652353269962052      -1.0000000000000000      0.0000645045739671       
-1.0000000000000000      -1.0000000000000000      -0.5652353269962052      0.0000645045739671       
-1.0000000000000000      -1.0000000000000000      0.5652353269962052       0.0000645045739671       
0.5652353269962052       -1.0000000000000000      -0.5652353269962052      0.0000645045739671       
-0.5652353269962052      -1.0000000000000000      0.5652353269962052       0.0000645045739671       
-1.0000000000000000      0.5652353269962052       -0.5652353269962052      0.0000645045739671       
-1.0000000000000000      -0.5652353269962052      0.5652353269962052       0.0000645045739671       
-0.2957581355869394      -1.0000000000000000      -1.0000000000000000      0.0000600099167353       
0.2957581355869394       -1.0000000000000000      -1.0000000000000000      0.0000600099167353       
0.2957581355869394       -0.2957581355869394      -1.0000000000000000      0.0000600099167353       
-0.2957581355869394      0.2957581355869394       -1.0000000000000000      0.0000600099167353       
-1.0000000000000000      0.2957581355869394       -1.0000000000000000      0.0000600099167353       
-1.0000000000000000      -0.2957581355869394      -1.0000000000000000      0.0000600099167353       
-1.0000000000000000      -1.0000000000000000      -0.2957581355869394      0.0000600099167353       
-1.0000000000000000      -1.0000000000000000      0.2957581355869394       0.0000600099167353       
0.2957581355869394       -1.0000000000000000      -0.2957581355869394      0.0000600099167353       
-0.2957581355869394      -1.0000000000000000      0.2957581355869394       0.0000600099167353       
-1.0000000000000000      0.2957581355869394       -0.2957581355869394      0.0000600099167353       
-1.0000000000000000      -0.2957581355869394      0.2957581355869394       0.0000600099167353       
-0.9404580718177602      -0.8061919298279270      0.6871080734634474       0.0016847030234403       
-0.9404580718177602      -0.9404580718177602      0.6871080734634474       0.0016847030234403       
-0.8061919298279270      -0.9404580718177602      0.6871080734634474       0.0016847030234403       
-0.8061919298279270      0.6871080734634474       -0.9404580718177602      0.0016847030234403       
-0.9404580718177602      0.6871080734634474       -0.9404580718177602      0.0016847030234403       
-0.9404580718177602      0.6871080734634474       -0.8061919298279270      0.0016847030234403       
-0.9404580718177602      -0.8061919298279270      -0.9404580718177602      0.0016847030234403       
-0.8061919298279270      -0.9404580718177602      -0.9404580718177602      0.0016847030234403       
-0.9404580718177602      -0.9404580718177602      -0.8061919298279270      0.0016847030234403       
0.6871080734634474       -0.9404580718177602      -0.8061919298279270      0.0016847030234403       
0.6871080734634474       -0.9404580718177602      -0.9404580718177602      0.0016847030234403       
0.6871080734634474       -0.8061919298279270      -0.9404580718177602      0.0016847030234403       
-0.9440421286555414      -0.6008250998288849      0.4889093571399677       0.0020222815061788       
-0.9440421286555414      -0.9440421286555414      0.4889093571399677       0.0020222815061788       
-0.6008250998288849      -0.9440421286555414      0.4889093571399677       0.0020222815061788       
-0.6008250998288849      0.4889093571399677       -0.9440421286555414      0.0020222815061788       
-0.9440421286555414      0.4889093571399677       -0.9440421286555414      0.0020222815061788       
-0.9440421286555414      0.4889093571399677       -0.6008250998288849      0.0020222815061788       
-0.9440421286555414      -0.6008250998288849      -0.9440421286555414      0.0020222815061788       
-0.6008250998288849      -0.9440421286555414      -0.9440421286555414      0.0020222815061788       
-0.9440421286555414      -0.9440421286555414      -0.6008250998288849      0.0020222815061788       
0.4889093571399677       -0.9440421286555414      -0.6008250998288849      0.0020222815061788       
0.4889093571399677       -0.9440421286555414      -0.9440421286555414      0.0020222815061788       
0.4889093571399677       -0.6008250998288849      -0.9440421286555414      0.0020222815061788       
-0.9488711268383160      -0.3399667696251119      0.2377090233017440       0.0019785579604394       
-0.9488711268383160      -0.9488711268383160      0.2377090233017440       0.0019785579604394       
-0.3399667696251118      -0.9488711268383160      0.2377090233017440       0.0019785579604394       
-0.3399667696251119      0.2377090233017440       -0.9488711268383160      0.0019785579604394       
-0.9488711268383160      0.2377090233017440       -0.9488711268383160      0.0019785579604394       
-0.9488711268383160      0.2377090233017440       -0.3399667696251118      0.0019785579604394       
-0.9488711268383160      -0.3399667696251119      -0.9488711268383160      0.0019785579604394       
-0.3399667696251118      -0.9488711268383160      -0.9488711268383160      0.0019785579604394       
-0.9488711268383160      -0.9488711268383160      -0.3399667696251118      0.0019785579604394       
0.2377090233017440       -0.9488711268383160      -0.3399667696251119      0.0019785579604394       
0.2377090233017440       -0.9488711268383160      -0.9488711268383160      0.0019785579604394       
0.2377090233017440       -0.3399667696251118      -0.9488711268383160      0.0019785579604394       
-0.8053352985080044      0.5548009991414409       -0.9441304021254320      0.0026066772789109       
-0.8053352985080044      -0.8053352985080044      -0.9441304021254320      0.0026066772789109       
0.5548009991414409       -0.8053352985080044      -0.9441304021254320      0.0026066772789109       
0.5548009991414409       -0.9441304021254320      -0.8053352985080044      0.0026066772789109       
-0.8053352985080044      -0.9441304021254320      -0.8053352985080044      0.0026066772789109       
-0.8053352985080044      -0.9441304021254320      0.5548009991414409       0.0026066772789109       
-0.8053352985080044      0.5548009991414409       -0.8053352985080044      0.0026066772789109       
0.5548009991414409       -0.8053352985080044      -0.8053352985080044      0.0026066772789109       
-0.8053352985080044      -0.8053352985080044      0.5548009991414409       0.0026066772789109       
-0.9441304021254320      -0.8053352985080044      0.5548009991414409       0.0026066772789109       
-0.9441304021254320      -0.8053352985080044      -0.8053352985080044      0.0026066772789109       
-0.9441304021254320      0.5548009991414409       -0.8053352985080044      0.0026066772789109       
-0.0875846186934445      -0.8645708599288496      -0.9602599026842614      0.0021945438027684       
-0.0875846186934445      -0.0875846186934445      -0.9602599026842614      0.0021945438027684       
-0.8645708599288496      -0.0875846186934445      -0.9602599026842614      0.0021945438027684       
-0.8645708599288496      -0.9602599026842614      -0.0875846186934445      0.0021945438027684       
-0.0875846186934445      -0.9602599026842614      -0.0875846186934445      0.0021945438027684       
-0.0875846186934445      -0.9602599026842614      -0.8645708599288496      0.0021945438027684       
-0.0875846186934445      -0.8645708599288496      -0.0875846186934445      0.0021945438027684       
-0.8645708599288496      -0.0875846186934445      -0.0875846186934445      0.0021945438027684       
-0.0875846186934445      -0.0875846186934445      -0.8645708599288496      0.0021945438027684       
-0.9602599026842614      -0.0875846186934445      -0.8645708599288496      0.0021945438027684       
-0.9602599026842614      -0.0875846186934445      -0.0875846186934445      0.0021945438027684       
-0.9602599026842614      -0.8645708599288496      -0.0875846186934445      0.0021945438027684       
-0.6362578939825718      0.2245615787301105       -0.9520457907649668      0.0031762100063712       
-0.6362578939825718      -0.6362578939825718      -0.9520457907649668      0.0031762100063712       
0.2245615787301105       -0.6362578939825718      -0.9520457907649668      0.0031762100063712       
0.2245615787301105       -0.9520457907649668      -0.6362578939825718      0.0031762100063712       
-0.6362578939825718      -0.9520457907649668      -0.6362578939825718      0.0031762100063712       
-0.6362578939825718      -0.9520457907649668      0.2245615787301105       0.0031762100063712       
-0.6362578939825718      0.2245615787301105       -0.6362578939825718      0.0031762100063712       
0.2245615787301105       -0.6362578939825718      -0.6362578939825718      0.0031762100063712       
-0.6362578939825718      -0.6362578939825718      0.2245615787301105       0.0031762100063712       
-0.9520457907649668      -0.6362578939825718      0.2245615787301105       0.0031762100063712       
-0.9520457907649668      -0.6362578939825718      -0.6362578939825718      0.0031762100063712       
-0.9520457907649668      0.2245615787301105       -0.6362578939825718      0.0031762100063712       
-0.1582639416536924      -0.7229019522300428      -0.9605701644625724      0.0023266577198767       
-0.1582639416536924      -0.1582639416536924      -0.9605701644625724      0.0023266577198767       
-0.7229019522300428      -0.1582639416536924      -0.9605701644625724      0.0023266577198767       
-0.7229019522300428      -0.9605701644625724      -0.1582639416536924      0.0023266577198767       
-0.1582639416536924      -0.9605701644625724      -0.1582639416536924      0.0023266577198767       
-0.1582639416536924      -0.9605701644625724      -0.7229019522300428      0.0023266577198767       
-0.1582639416536924      -0.7229019522300428      -0.1582639416536924      0.0023266577198767       
-0.7229019522300428      -0.1582639416536924      -0.1582639416536924      0.0023266577198767       
-0.1582639416536924      -0.1582639416536924      -0.7229019522300428      0.0023266577198767       
-0.9605701644625724      -0.1582639416536924      -0.7229019522300428      0.0023266577198767       
-0.9605701644625724      -0.1582639416536924      -0.1582639416536924      0.0023266577198767       
-0.9605701644625724      -0.7229019522300428      -0.1582639416536924      0.0023266577198767       
-0.4739569212142747      -0.0906861856448846      -0.9613999719265660      0.0026884439957395       
-0.4739569212142747      -0.4739569212142747      -0.9613999719265660      0.0026884439957395       
-0.0906861856448846      -0.4739569212142747      -0.9613999719265660      0.0026884439957395       
-0.0906861856448846      -0.9613999719265660      -0.4739569212142747      0.0026884439957395       
-0.4739569212142747      -0.9613999719265660      -0.4739569212142747      0.0026884439957395       
-0.4739569212142747      -0.9613999719265660      -0.0906861856448846      0.0026884439957395       
-0.4739569212142747      -0.0906861856448846      -0.4739569212142747      0.0026884439957395       
-0.0906861856448846      -0.4739569212142747      -0.4739569212142747      0.0026884439957395       
-0.4739569212142747      -0.4739569212142747      -0.0906861856448846      0.0026884439957395       
-0.9613999719265660      -0.4739569212142747      -0.0906861856448846      0.0026884439957395       
-0.9613999719265660      -0.4739569212142747      -0.4739569212142747      0.0026884439957395       
-0.9613999719265660      -0.0906861856448846      -0.4739569212142747      0.0026884439957395       
-0.2378878427023026      -0.5596032277251182      -0.9646210868702768      0.0022496094095119       
-0.2378878427023026      -0.2378878427023026      -0.9646210868702768      0.0022496094095119       
-0.5596032277251182      -0.2378878427023026      -0.9646210868702768      0.0022496094095119       
-0.5596032277251182      -0.9646210868702768      -0.2378878427023026      0.0022496094095119       
-0.2378878427023026      -0.9646210868702768      -0.2378878427023026      0.0022496094095119       
-0.2378878427023026      -0.9646210868702768      -0.5596032277251182      0.0022496094095119       
-0.2378878427023026      -0.5596032277251182      -0.2378878427023026      0.0022496094095119       
-0.5596032277251182      -0.2378878427023026      -0.2378878427023026      0.0022496094095119       
-0.2378878427023026      -0.2378878427023026      -0.5596032277251182      0.0022496094095119       
-0.9646210868702768      -0.2378878427023026      -0.5596032277251182      0.0022496094095119       
-0.9646210868702768      -0.2378878427023026      -0.2378878427023026      0.0022496094095119       
-0.9646210868702768      -0.5596032277251182      -0.2378878427023026      0.0022496094095119       
-0.8351738549379504      -0.6379626922911117      0.3083104021670125       0.0045285343586928       
-0.8351738549379504      -0.8351738549379504      0.3083104021670124       0.0045285343586928       
-0.6379626922911117      -0.8351738549379504      0.3083104021670124       0.0045285343586928       
-0.6379626922911117      0.3083104021670125       -0.8351738549379504      0.0045285343586928       
-0.8351738549379504      0.3083104021670124       -0.8351738549379504      0.0045285343586928       
-0.8351738549379504      0.3083104021670124       -0.6379626922911117      0.0045285343586928       
-0.8351738549379504      -0.6379626922911117      -0.8351738549379504      0.0045285343586928       
-0.6379626922911117      -0.8351738549379504      -0.8351738549379504      0.0045285343586928       
-0.8351738549379504      -0.8351738549379504      -0.6379626922911117      0.0045285343586928       
0.3083104021670125       -0.8351738549379504      -0.6379626922911117      0.0045285343586928       
0.3083104021670124       -0.8351738549379504      -0.8351738549379504      0.0045285343586928       
0.3083104021670124       -0.6379626922911117      -0.8351738549379504      0.0045285343586928       
-0.8446548867775532      -0.4131405466011364      0.1024503201562428       0.0041950423462840       
-0.8446548867775532      -0.8446548867775532      0.1024503201562428       0.0041950423462840       
-0.4131405466011364      -0.8446548867775532      0.1024503201562428       0.0041950423462840       
-0.4131405466011364      0.1024503201562428       -0.8446548867775532      0.0041950423462840       
-0.8446548867775532      0.1024503201562428       -0.8446548867775532      0.0041950423462840       
-0.8446548867775532      0.1024503201562428       -0.4131405466011364      0.0041950423462840       
-0.8446548867775532      -0.4131405466011364      -0.8446548867775532      0.0041950423462840       
-0.4131405466011364      -0.8446548867775532      -0.8446548867775532      0.0041950423462840       
-0.8446548867775532      -0.8446548867775532      -0.4131405466011364      0.0041950423462840       
0.1024503201562428       -0.8446548867775532      -0.4131405466011364      0.0041950423462840       
0.1024503201562428       -0.8446548867775532      -0.8446548867775532      0.0041950423462840       
0.1024503201562428       -0.4131405466011364      -0.8446548867775532      0.0041950423462840       
-0.6579445951779244      0.1640308428798519       -0.8481416525240033      0.0050672966913857       
-0.6579445951779244      -0.6579445951779244      -0.8481416525240033      0.0050672966913857       
0.1640308428798520       -0.6579445951779244      -0.8481416525240033      0.0050672966913857       
0.1640308428798519       -0.8481416525240033      -0.6579445951779244      0.0050672966913857       
-0.6579445951779244      -0.8481416525240033      -0.6579445951779244      0.0050672966913857       
-0.6579445951779244      -0.8481416525240033      0.1640308428798520       0.0050672966913857       
-0.6579445951779244      0.1640308428798519       -0.6579445951779244      0.0050672966913857       
0.1640308428798520       -0.6579445951779244      -0.6579445951779244      0.0050672966913857       
-0.6579445951779244      -0.6579445951779244      0.1640308428798520       0.0050672966913857       
-0.8481416525240033      -0.6579445951779244      0.1640308428798519       0.0050672966913857       
-0.8481416525240033      -0.6579445951779244      -0.6579445951779244      0.0050672966913857       
-0.8481416525240033      0.1640308428798520       -0.6579445951779244      0.0050672966913857       
-0.1921868281278781      -0.7414118591922494      -0.8742144845519944      0.0037601636420916       
-0.1921868281278781      -0.1921868281278782      -0.8742144845519944      0.0037601636420916       
-0.7414118591922494      -0.1921868281278782      -0.8742144845519944      0.0037601636420916       
-0.7414118591922494      -0.8742144845519944      -0.1921868281278781      0.0037601636420916       
-0.1921868281278782      -0.8742144845519944      -0.1921868281278781      0.0037601636420916       
-0.1921868281278782      -0.8742144845519944      -0.7414118591922494      0.0037601636420916       
-0.1921868281278781      -0.7414118591922494      -0.1921868281278781      0.0037601636420916       
-0.7414118591922494      -0.1921868281278782      -0.1921868281278781      0.0037601636420916       
-0.1921868281278781      -0.1921868281278782      -0.7414118591922494      0.0037601636420916       
-0.8742144845519944      -0.1921868281278781      -0.7414118591922494      0.0037601636420916       
-0.8742144845519944      -0.1921868281278781      -0.1921868281278782      0.0037601636420916       
-0.8742144845519944      -0.7414118591922494      -0.1921868281278782      0.0037601636420916       
-0.4984531427087296      -0.1271937682298712      -0.8758999463526695      0.0040497241404008       
-0.4984531427087296      -0.4984531427087298      -0.8758999463526695      0.0040497241404008       
-0.1271937682298712      -0.4984531427087298      -0.8758999463526695      0.0040497241404008       
-0.1271937682298712      -0.8758999463526695      -0.4984531427087296      0.0040497241404008       
-0.4984531427087298      -0.8758999463526695      -0.4984531427087296      0.0040497241404008       
-0.4984531427087298      -0.8758999463526695      -0.1271937682298712      0.0040497241404008       
-0.4984531427087296      -0.1271937682298712      -0.4984531427087296      0.0040497241404008       
-0.1271937682298712      -0.4984531427087298      -0.4984531427087296      0.0040497241404008       
-0.4984531427087296      -0.4984531427087298      -0.1271937682298712      0.0040497241404008       
-0.8758999463526695      -0.4984531427087296      -0.1271937682298712      0.0040497241404008       
-0.8758999463526695      -0.4984531427087296      -0.4984531427087298      0.0040497241404008       
-0.8758999463526695      -0.1271937682298712      -0.4984531427087298      0.0040497241404008       
-0.2740834664192282      -0.5661729083261275      -0.8856601588354160      0.0035861404532635       
-0.2740834664192282      -0.2740834664192282      -0.8856601588354160      0.0035861404532635       
-0.5661729083261275      -0.2740834664192282      -0.8856601588354160      0.0035861404532635       
-0.5661729083261275      -0.8856601588354160      -0.2740834664192282      0.0035861404532635       
-0.2740834664192282      -0.8856601588354160      -0.2740834664192282      0.0035861404532635       
-0.2740834664192282      -0.8856601588354160      -0.5661729083261275      0.0035861404532635       
-0.2740834664192282      -0.5661729083261275      -0.2740834664192282      0.0035861404532635       
-0.5661729083261275      -0.2740834664192282      -0.2740834664192282      0.0035861404532635       
-0.2740834664192282      -0.2740834664192282      -0.5661729083261275      0.0035861404532635       
-0.8856601588354160      -0.2740834664192282      -0.5661729083261275      0.0035861404532635       
-0.8856601588354160      -0.2740834664192282      -0.2740834664192282      0.0035861404532635       
-0.8856601588354160      -0.5661729083261275      -0.2740834664192282      0.0035861404532635       
-0.7168461409767866      -0.4825779062292758      -0.0837298118171512      0.0051259020665510       
-0.7168461409767866      -0.7168461409767866      -0.0837298118171512      0.0051259020665510       
-0.4825779062292758      -0.7168461409767866      -0.0837298118171512      0.0051259020665510       
-0.4825779062292758      -0.0837298118171512      -0.7168461409767866      0.0051259020665510       
-0.7168461409767866      -0.0837298118171512      -0.7168461409767866      0.0051259020665510       
-0.7168461409767866      -0.0837298118171512      -0.4825779062292758      0.0051259020665510       
-0.7168461409767866      -0.4825779062292758      -0.7168461409767866      0.0051259020665510       
-0.4825779062292758      -0.7168461409767866      -0.7168461409767866      0.0051259020665510       
-0.7168461409767866      -0.7168461409767866      -0.4825779062292758      0.0051259020665510       
-0.0837298118171512      -0.7168461409767866      -0.4825779062292758      0.0051259020665510       
-0.0837298118171512      -0.7168461409767866      -0.7168461409767866      0.0051259020665510       
-0.0837298118171512      -0.4825779062292758      -0.7168461409767866      0.0051259020665510       
-0.5380751480648834      -0.1750610632257190      -0.7487886406445141      0.0047085947680797       
-0.5380751480648834      -0.5380751480648834      -0.7487886406445141      0.0047085947680797       
-0.1750610632257190      -0.5380751480648834      -0.7487886406445141      0.0047085947680797       
-0.1750610632257190      -0.7487886406445141      -0.5380751480648834      0.0047085947680797       
-0.5380751480648834      -0.7487886406445141      -0.5380751480648834      0.0047085947680797       
-0.5380751480648834      -0.7487886406445141      -0.1750610632257190      0.0047085947680797       
-0.5380751480648834      -0.1750610632257190      -0.5380751480648834      0.0047085947680797       
-0.1750610632257190      -0.5380751480648834      -0.5380751480648834      0.0047085947680797       
-0.5380751480648834      -0.5380751480648834      -0.1750610632257190      0.0047085947680797       
-0.7487886406445141      -0.5380751480648834      -0.1750610632257190      0.0047085947680797       
-0.7487886406445141      -0.5380751480648834      -0.5380751480648834      0.0047085947680797       
-0.7487886406445141      -0.1750610632257190      -0.5380751480648834      0.0047085947680797       
-0.3207048058355774      -0.5918990093244808      -0.7666913790043646      0.0047747905167316       
-0.3207048058355774      -0.3207048058355774      -0.7666913790043646      0.0047747905167316       
-0.5918990093244808      -0.3207048058355774      -0.7666913790043646      0.0047747905167316       
-0.5918990093244808      -0.7666913790043646      -0.3207048058355774      0.0047747905167316       
-0.3207048058355774      -0.7666913790043646      -0.3207048058355774      0.0047747905167316       
-0.3207048058355774      -0.7666913790043646      -0.5918990093244808      0.0047747905167316       
-0.3207048058355774      -0.5918990093244808      -0.3207048058355774      0.0047747905167316       
-0.5918990093244808      -0.3207048058355774      -0.3207048058355774      0.0047747905167316       
-0.3207048058355774      -0.3207048058355774      -0.5918990093244808      0.0047747905167316       
-0.7666913790043646      -0.3207048058355774      -0.5918990093244808      0.0047747905167316       
-0.7666913790043646      -0.3207048058355774      -0.3207048058355774      0.0047747905167316       
-0.7666913790043646      -0.5918990093244808      -0.3207048058355774      0.0047747905167316       
-0.8097027984751655      0.4127780182603662       -1.0000000000000000      0.0004602783945228       
-0.6030752197852007      0.4127780182603662       -1.0000000000000000      0.0004602783945228       
-0.6030752197852007      -0.8097027984751655      -1.0000000000000000      0.0004602783945228       
-0.8097027984751655      -0.6030752197852007      -1.0000000000000000      0.0004602783945228       
0.4127780182603662       -0.6030752197852007      -1.0000000000000000      0.0004602783945228       
0.4127780182603662       -0.8097027984751655      -1.0000000000000000      0.0004602783945228       
0.4127780182603662       -1.0000000000000000      -0.8097027984751655      0.0004602783945228       
0.4127780182603662       -1.0000000000000000      -0.6030752197852007      0.0004602783945228       
-0.8097027984751655      -1.0000000000000000      -0.6030752197852007      0.0004602783945228       
-0.6030752197852007      -1.0000000000000000      -0.8097027984751655      0.0004602783945228       
-0.6030752197852007      -1.0000000000000000      0.4127780182603662       0.0004602783945228       
-0.8097027984751655      -1.0000000000000000      0.4127780182603662       0.0004602783945228       
-0.6030752197852007      0.4127780182603662       -0.8097027984751655      0.0004602783945228       
-0.8097027984751655      0.4127780182603662       -0.6030752197852007      0.0004602783945228       
0.4127780182603662       -0.8097027984751655      -0.6030752197852007      0.0004602783945228       
0.4127780182603662       -0.6030752197852007      -0.8097027984751655      0.0004602783945228       
-0.8097027984751655      -0.6030752197852007      0.4127780182603662       0.0004602783945228       
-0.6030752197852007      -0.8097027984751655      0.4127780182603662       0.0004602783945228       
-1.0000000000000000      -0.8097027984751655      0.4127780182603662       0.0004602783945228       
-1.0000000000000000      -0.6030752197852007      0.4127780182603662       0.0004602783945228       
-1.0000000000000000      -0.6030752197852007      -0.8097027984751655      0.0004602783945228       
-1.0000000000000000      -0.8097027984751655      -0.6030752197852007      0.0004602783945228       
-1.0000000000000000      0.4127780182603662       -0.6030752197852007      0.0004602783945228       
-1.0000000000000000      0.4127780182603662       -0.8097027984751655      0.0004602783945228       
-0.3555240280481160      0.1827161615075145       -1.0000000000000000      0.0005304473631927       
-0.8271921334593986      0.1827161615075145       -1.0000000000000000      0.0005304473631927       
-0.8271921334593986      -0.3555240280481160      -1.0000000000000000      0.0005304473631927       
-0.3555240280481160      -0.8271921334593987      -1.0000000000000002      0.0005304473631927       
0.1827161615075145       -0.8271921334593987      -1.0000000000000002      0.0005304473631927       
0.1827161615075145       -0.3555240280481160      -1.0000000000000000      0.0005304473631927       
0.1827161615075145       -1.0000000000000000      -0.3555240280481160      0.0005304473631927       
0.1827161615075145       -1.0000000000000000      -0.8271921334593986      0.0005304473631927       
-0.3555240280481160      -1.0000000000000000      -0.8271921334593986      0.0005304473631927       
-0.8271921334593987      -1.0000000000000002      -0.3555240280481160      0.0005304473631927       
-0.8271921334593987      -1.0000000000000002      0.1827161615075145       0.0005304473631927       
-0.3555240280481160      -1.0000000000000000      0.1827161615075145       0.0005304473631927       
-0.8271921334593986      0.1827161615075145       -0.3555240280481160      0.0005304473631927       
-0.3555240280481160      0.1827161615075145       -0.8271921334593986      0.0005304473631927       
0.1827161615075145       -0.3555240280481160      -0.8271921334593986      0.0005304473631927       
0.1827161615075145       -0.8271921334593987      -0.3555240280481160      0.0005304473631927       
-0.3555240280481160      -0.8271921334593987      0.1827161615075145       0.0005304473631927       
-0.8271921334593986      -0.3555240280481160      0.1827161615075145       0.0005304473631927       
-1.0000000000000000      -0.3555240280481160      0.1827161615075145       0.0005304473631927       
-1.0000000000000000      -0.8271921334593986      0.1827161615075145       0.0005304473631927       
-1.0000000000000000      -0.8271921334593986      -0.3555240280481160      0.0005304473631927       
-1.0000000000000002      -0.3555240280481160      -0.8271921334593987      0.0005304473631927       
-1.0000000000000002      0.1827161615075145       -0.8271921334593987      0.0005304473631927       
-1.0000000000000000      0.1827161615075145       -0.3555240280481160      0.0005304473631927       
-0.3989928668301224      0.0517124201962976       -1.0000000000000000      0.0005024487666867       
-0.6527195533661752      0.0517124201962976       -1.0000000000000000      0.0005024487666867       
-0.6527195533661752      -0.3989928668301224      -1.0000000000000000      0.0005024487666867       
-0.3989928668301224      -0.6527195533661750      -0.9999999999999998      0.0005024487666867       
0.0517124201962976       -0.6527195533661750      -0.9999999999999998      0.0005024487666867       
0.0517124201962976       -0.3989928668301224      -1.0000000000000000      0.0005024487666867       
0.0517124201962976       -1.0000000000000000      -0.3989928668301224      0.0005024487666867       
0.0517124201962976       -1.0000000000000000      -0.6527195533661752      0.0005024487666867       
-0.3989928668301224      -1.0000000000000000      -0.6527195533661752      0.0005024487666867       
-0.6527195533661750      -0.9999999999999998      -0.3989928668301224      0.0005024487666867       
-0.6527195533661750      -0.9999999999999998      0.0517124201962976       0.0005024487666867       
-0.3989928668301224      -1.0000000000000000      0.0517124201962976       0.0005024487666867       
-0.6527195533661752      0.0517124201962976       -0.3989928668301224      0.0005024487666867       
-0.3989928668301224      0.0517124201962976       -0.6527195533661752      0.0005024487666867       
0.0517124201962976       -0.3989928668301224      -0.6527195533661752      0.0005024487666867       
0.0517124201962976       -0.6527195533661750      -0.3989928668301224      0.0005024487666867       
-0.3989928668301224      -0.6527195533661750      0.0517124201962976       0.0005024487666867       
-0.6527195533661752      -0.3989928668301224      0.0517124201962976       0.0005024487666867       
-1.0000000000000000      -0.3989928668301224      0.0517124201962976       0.0005024487666867       
-1.0000000000000000      -0.6527195533661752      0.0517124201962976       0.0005024487666867       
-1.0000000000000000      -0.6527195533661752      -0.3989928668301224      0.0005024487666867       
-0.9999999999999998      -0.3989928668301224      -0.6527195533661750      0.0005024487666867       
-0.9999999999999998      0.0517124201962976       -0.6527195533661750      0.0005024487666867       
-1.0000000000000000      0.0517124201962976       -0.3989928668301224      0.0005024487666867       
-0.9415634252346244      0.5233386604447414       -1.0000000000000000      0.0003587477193122       
-0.5817752352101171      0.5233386604447414       -1.0000000000000000      0.0003587477193122       
-0.5817752352101171      -0.9415634252346244      -1.0000000000000000      0.0003587477193122       
-0.9415634252346244      -0.5817752352101171      -1.0000000000000000      0.0003587477193122       
0.5233386604447414       -0.5817752352101171      -1.0000000000000000      0.0003587477193122       
0.5233386604447414       -0.9415634252346244      -1.0000000000000000      0.0003587477193122       
0.5233386604447414       -1.0000000000000000      -0.9415634252346244      0.0003587477193122       
0.5233386604447414       -1.0000000000000000      -0.5817752352101171      0.0003587477193122       
-0.9415634252346244      -1.0000000000000000      -0.5817752352101171      0.0003587477193122       
-0.5817752352101171      -1.0000000000000000      -0.9415634252346244      0.0003587477193122       
-0.5817752352101171      -1.0000000000000000      0.5233386604447414       0.0003587477193122       
-0.9415634252346244      -1.0000000000000000      0.5233386604447414       0.0003587477193122       
-0.5817752352101171      0.5233386604447414       -0.9415634252346244      0.0003587477193122       
-0.9415634252346244      0.5233386604447414       -0.5817752352101171      0.0003587477193122       
0.5233386604447414       -0.9415634252346244      -0.5817752352101171      0.0003587477193122       
0.5233386604447414       -0.5817752352101171      -0.9415634252346244      0.0003587477193122       
-0.9415634252346244      -0.5817752352101171      0.5233386604447414       0.0003587477193122       
-0.5817752352101171      -0.9415634252346244      0.5233386604447414       0.0003587477193122       
-1.0000000000000000      -0.9415634252346244      0.5233386604447414       0.0003587477193122       
-1.0000000000000000      -0.5817752352101171      0.5233386604447414       0.0003587477193122       
-1.0000000000000000      -0.5817752352101171      -0.9415634252346244      0.0003587477193122       
-1.0000000000000000      -0.9415634252346244      -0.5817752352101171      0.0003587477193122       
-1.0000000000000000      0.5233386604447414       -0.5817752352101171      0.0003587477193122       
-1.0000000000000000      0.5233386604447414       -0.9415634252346244      0.0003587477193122       
-0.9391144610827694      0.7333419708556306       -1.0000000000000000      0.0002968873777906       
-0.7942275097728613      0.7333419708556306       -1.0000000000000000      0.0002968873777906       
-0.7942275097728613      -0.9391144610827694      -1.0000000000000000      0.0002968873777906       
-0.9391144610827694      -0.7942275097728613      -1.0000000000000000      0.0002968873777906       
0.7333419708556306       -0.7942275097728613      -1.0000000000000000      0.0002968873777906       
0.7333419708556306       -0.9391144610827694      -1.0000000000000000      0.0002968873777906       
0.7333419708556306       -1.0000000000000000      -0.9391144610827694      0.0002968873777906       
0.7333419708556306       -1.0000000000000000      -0.7942275097728613      0.0002968873777906       
-0.9391144610827694      -1.0000000000000000      -0.7942275097728613      0.0002968873777906       
-0.7942275097728613      -1.0000000000000000      -0.9391144610827694      0.0002968873777906       
-0.7942275097728613      -1.0000000000000000      0.7333419708556306       0.0002968873777906       
-0.9391144610827694      -1.0000000000000000      0.7333419708556306       0.0002968873777906       
-0.7942275097728613      0.7333419708556306       -0.9391144610827694      0.0002968873777906       
-0.9391144610827694      0.7333419708556306       -0.7942275097728613      0.0002968873777906       
0.7333419708556306       -0.9391144610827694      -0.7942275097728613      0.0002968873777906       
0.7333419708556306       -0.7942275097728613      -0.9391144610827694      0.0002968873777906       
-0.9391144610827694      -0.7942275097728613      0.7333419708556306       0.0002968873777906       
-0.7942275097728613      -0.9391144610827694      0.7333419708556306       0.0002968873777906       
-1.0000000000000000      -0.9391144610827694      0.7333419708556306       0.0002968873777906       
-1.0000000000000000      -0.7942275097728613      0.7333419708556306       0.0002968873777906       
-1.0000000000000000      -0.7942275097728613      -0.9391144610827694      0.0002968873777906       
-1.0000000000000000      -0.9391144610827694      -0.7942275097728613      0.0002968873777906       
-1.0000000000000000      0.7333419708556306       -0.7942275097728613      0.0002968873777906       
-1.0000000000000000      0.7333419708556306       -0.9391144610827694      0.0002968873777906       
-0.9471752125028486      0.2640540574511714       -1.0000000000000000      0.0003508765344388       
-0.3168788449483228      0.2640540574511714       -1.0000000000000000      0.0003508765344388       
-0.3168788449483228      -0.9471752125028486      -1.0000000000000000      0.0003508765344388       
-0.9471752125028486      -0.3168788449483228      -1.0000000000000000      0.0003508765344388       
0.2640540574511714       -0.3168788449483228      -1.0000000000000000      0.0003508765344388       
0.2640540574511714       -0.9471752125028486      -1.0000000000000000      0.0003508765344388       
0.2640540574511714       -1.0000000000000000      -0.9471752125028486      0.0003508765344388       
0.2640540574511714       -1.0000000000000000      -0.3168788449483228      0.0003508765344388       
-0.9471752125028486      -1.0000000000000000      -0.3168788449483228      0.0003508765344388       
-0.3168788449483228      -1.0000000000000000      -0.9471752125028486      0.0003508765344388       
-0.3168788449483228      -1.0000000000000000      0.2640540574511714       0.0003508765344388       
-0.9471752125028486      -1.0000000000000000      0.2640540574511714       0.0003508765344388       
-0.3168788449483228      0.2640540574511714       -0.9471752125028486      0.0003508765344388       
-0.9471752125028486      0.2640540574511714       -0.3168788449483228      0.0003508765344388       
0.2640540574511714       -0.9471752125028486      -0.3168788449483228      0.0003508765344388       
0.2640540574511714       -0.3168788449483228      -0.9471752125028486      0.0003508765344388       
-0.9471752125028486      -0.3168788449483228      0.2640540574511714       0.0003508765344388       
-0.3168788449483228      -0.9471752125028486      0.2640540574511714       0.0003508765344388       
-1.0000000000000000      -0.9471752125028486      0.2640540574511714       0.0003508765344388       
-1.0000000000000000      -0.3168788449483228      0.2640540574511714       0.0003508765344388       
-1.0000000000000000      -0.3168788449483228      -0.9471752125028486      0.0003508765344388       
-1.0000000000000000      -0.9471752125028486      -0.3168788449483228      0.0003508765344388       
-1.0000000000000000      0.2640540574511714       -0.3168788449483228      0.0003508765344388       
-1.0000000000000000      0.2640540574511714       -0.9471752125028486      0.0003508765344388       
-0.3333333333333333      -0.3333333333333333      -1.0000000000000000      0.0001772994713910       
-0.3333333333333333      -1.0000000000000000      -0.3333333333333333      0.0001772994713910       
-0.3333333333333333      -0.3333333333333333      -0.3333333333333333      0.0001772994713910       
-1.0000000000000000      -0.3333333333333333      -0.3333333333333333      0.0001772994713910       
0.3778608367517136       -0.9526953128893004      -0.8182235623079538      0.0028059360471188       
-0.6069419615544592      -0.9526953128893004      -0.8182235623079538      0.0028059360471188       
-0.6069419615544592      0.3778608367517136       -0.8182235623079539      0.0028059360471188       
0.3778608367517136       -0.6069419615544592      -0.8182235623079538      0.0028059360471188       
-0.9526953128893004      -0.6069419615544592      -0.8182235623079538      0.0028059360471188       
-0.9526953128893004      0.3778608367517136       -0.8182235623079539      0.0028059360471188       
-0.9526953128893004      -0.8182235623079538      0.3778608367517136       0.0028059360471188       
-0.9526953128893004      -0.8182235623079538      -0.6069419615544592      0.0028059360471188       
0.3778608367517136       -0.8182235623079539      -0.6069419615544592      0.0028059360471188       
-0.6069419615544592      -0.8182235623079538      0.3778608367517136       0.0028059360471188       
-0.6069419615544592      -0.8182235623079538      -0.9526953128893004      0.0028059360471188       
0.3778608367517136       -0.8182235623079539      -0.9526953128893004      0.0028059360471188       
-0.6069419615544592      -0.9526953128893004      0.3778608367517136       0.0028059360471188       
0.3778608367517136       -0.9526953128893004      -0.6069419615544592      0.0028059360471188       
-0.9526953128893004      0.3778608367517136       -0.6069419615544592      0.0028059360471188       
-0.9526953128893004      -0.6069419615544592      0.3778608367517136       0.0028059360471188       
0.3778608367517136       -0.6069419615544592      -0.9526953128893004      0.0028059360471188       
-0.6069419615544592      0.3778608367517136       -0.9526953128893004      0.0028059360471188       
-0.8182235623079538      0.3778608367517136       -0.9526953128893004      0.0028059360471188       
-0.8182235623079538      -0.6069419615544592      -0.9526953128893004      0.0028059360471188       
-0.8182235623079539      -0.6069419615544592      0.3778608367517136       0.0028059360471188       
-0.8182235623079538      0.3778608367517136       -0.6069419615544592      0.0028059360471188       
-0.8182235623079538      -0.9526953128893004      -0.6069419615544592      0.0028059360471188       
-0.8182235623079539      -0.9526953128893004      0.3778608367517136       0.0028059360471188       
0.1520845758239402       -0.9513047622010006      -0.8362954663154144      0.0027897843074486       
-0.3644843473075254      -0.9513047622010006      -0.8362954663154144      0.0027897843074486       
-0.3644843473075254      0.1520845758239402       -0.8362954663154143      0.0027897843074486       
0.1520845758239401       -0.3644843473075254      -0.8362954663154144      0.0027897843074486       
-0.9513047622010006      -0.3644843473075254      -0.8362954663154144      0.0027897843074486       
-0.9513047622010006      0.1520845758239402       -0.8362954663154143      0.0027897843074486       
-0.9513047622010006      -0.8362954663154144      0.1520845758239402       0.0027897843074486       
-0.9513047622010006      -0.8362954663154144      -0.3644843473075254      0.0027897843074486       
0.1520845758239402       -0.8362954663154143      -0.3644843473075254      0.0027897843074486       
-0.3644843473075254      -0.8362954663154144      0.1520845758239401       0.0027897843074486       
-0.3644843473075254      -0.8362954663154144      -0.9513047622010006      0.0027897843074486       
0.1520845758239402       -0.8362954663154143      -0.9513047622010006      0.0027897843074486       
-0.3644843473075254      -0.9513047622010006      0.1520845758239402       0.0027897843074486       
0.1520845758239402       -0.9513047622010006      -0.3644843473075254      0.0027897843074486       
-0.9513047622010006      0.1520845758239402       -0.3644843473075254      0.0027897843074486       
-0.9513047622010006      -0.3644843473075254      0.1520845758239401       0.0027897843074486       
0.1520845758239401       -0.3644843473075254      -0.9513047622010006      0.0027897843074486       
-0.3644843473075254      0.1520845758239402       -0.9513047622010006      0.0027897843074486       
-0.8362954663154144      0.1520845758239402       -0.9513047622010006      0.0027897843074486       
-0.8362954663154144      -0.3644843473075254      -0.9513047622010006      0.0027897843074486       
-0.8362954663154143      -0.3644843473075254      0.1520845758239402       0.0027897843074486       
-0.8362954663154144      0.1520845758239401       -0.3644843473075254      0.0027897843074486       
-0.8362954663154144      -0.9513047622010006      -0.3644843473075254      0.0027897843074486       
-0.8362954663154143      -0.9513047622010006      0.1520845758239402       0.0027897843074486       
0.0446749055376783       -0.9570006260030656      -0.6756846948661575      0.0029267006336521       
-0.4119895846684552      -0.9570006260030656      -0.6756846948661575      0.0029267006336521       
-0.4119895846684552      0.0446749055376782       -0.6756846948661575      0.0029267006336521       
0.0446749055376782       -0.4119895846684552      -0.6756846948661575      0.0029267006336521       
-0.9570006260030656      -0.4119895846684552      -0.6756846948661575      0.0029267006336521       
-0.9570006260030656      0.0446749055376782       -0.6756846948661575      0.0029267006336521       
-0.9570006260030656      -0.6756846948661575      0.0446749055376783       0.0029267006336521       
-0.9570006260030656      -0.6756846948661575      -0.4119895846684552      0.0029267006336521       
0.0446749055376782       -0.6756846948661575      -0.4119895846684552      0.0029267006336521       
-0.4119895846684552      -0.6756846948661575      0.0446749055376782       0.0029267006336521       
-0.4119895846684552      -0.6756846948661575      -0.9570006260030656      0.0029267006336521       
0.0446749055376782       -0.6756846948661575      -0.9570006260030656      0.0029267006336521       
-0.4119895846684552      -0.9570006260030656      0.0446749055376783       0.0029267006336521       
0.0446749055376783       -0.9570006260030656      -0.4119895846684552      0.0029267006336521       
-0.9570006260030656      0.0446749055376782       -0.4119895846684552      0.0029267006336521       
-0.9570006260030656      -0.4119895846684552      0.0446749055376782       0.0029267006336521       
0.0446749055376782       -0.4119895846684552      -0.9570006260030656      0.0029267006336521       
-0.4119895846684552      0.0446749055376782       -0.9570006260030656      0.0029267006336521       
-0.6756846948661575      0.0446749055376783       -0.9570006260030656      0.0029267006336521       
-0.6756846948661575      -0.4119895846684552      -0.9570006260030656      0.0029267006336521       
-0.6756846948661575      -0.4119895846684552      0.0446749055376782       0.0029267006336521       
-0.6756846948661575      0.0446749055376782       -0.4119895846684552      0.0029267006336521       
-0.6756846948661575      -0.9570006260030656      -0.4119895846684552      0.0029267006336521       
-0.6756846948661575      -0.9570006260030656      0.0446749055376782       0.0029267006336521       
-0.0099818344040741      -0.8591412831049330      -0.6916821040999359      0.0044933675945287       
-0.4391947783910570      -0.8591412831049330      -0.6916821040999359      0.0044933675945287       
-0.4391947783910570      -0.0099818344040742      -0.6916821040999360      0.0044933675945287       
-0.0099818344040741      -0.4391947783910569      -0.6916821040999359      0.0044933675945287       
-0.8591412831049330      -0.4391947783910569      -0.6916821040999359      0.0044933675945287       
-0.8591412831049330      -0.0099818344040742      -0.6916821040999360      0.0044933675945287       
-0.8591412831049330      -0.6916821040999359      -0.0099818344040741      0.0044933675945287       
-0.8591412831049330      -0.6916821040999359      -0.4391947783910570      0.0044933675945287       
-0.0099818344040742      -0.6916821040999360      -0.4391947783910570      0.0044933675945287       
-0.4391947783910569      -0.6916821040999359      -0.0099818344040741      0.0044933675945287       
-0.4391947783910569      -0.6916821040999359      -0.8591412831049330      0.0044933675945287       
-0.0099818344040742      -0.6916821040999360      -0.8591412831049330      0.0044933675945287       
-0.4391947783910570      -0.8591412831049330      -0.0099818344040741      0.0044933675945287       
-0.0099818344040741      -0.8591412831049330      -0.4391947783910570      0.0044933675945287       
-0.8591412831049330      -0.0099818344040742      -0.4391947783910570      0.0044933675945287       
-0.8591412831049330      -0.4391947783910569      -0.0099818344040741      0.0044933675945287       
-0.0099818344040741      -0.4391947783910569      -0.8591412831049330      0.0044933675945287       
-0.4391947783910570      -0.0099818344040742      -0.8591412831049330      0.0044933675945287       
-0.6916821040999359      -0.0099818344040741      -0.8591412831049330      0.0044933675945287       
-0.6916821040999359      -0.4391947783910570      -0.8591412831049330      0.0044933675945287       
-0.6916821040999360      -0.4391947783910570      -0.0099818344040742      0.0044933675945287       
-0.6916821040999359      -0.0099818344040741      -0.4391947783910569      0.0044933675945287       
-0.6916821040999359      -0.8591412831049330      -0.4391947783910569      0.0044933675945287       
-0.6916821040999360      -0.8591412831049330      -0.0099818344040742      0.0044933675945287       
-0.5000000000000000      -0.5000000000000000      -0.5000000000000000      0.0022711048029176       


===================================================================================
   Facet quadrature data (degree 18 quadrature on a triangle with 91 nodes)
===================================================================================
vertices    midedges    numS21      numedge     numS111     centroid    
true (3)    true (3)    8 (3)       4 (6)       6 (6)       true (1)    

-1.0000000000000000      -1.0000000000000000      0.0003297824717475       
1.0000000000000000       -1.0000000000000000      0.0003297824717475       
-1.0000000000000000      1.0000000000000000       0.0003297824717475       
0.0000000000000000       -1.0000000000000000      0.0041243920672251       
0.0000000000000000       0.0000000000000000       0.0041243920672251       
-1.0000000000000000      0.0000000000000000       0.0041243920672251       
-0.9373759120776956      0.8747518241553911       0.0108790197219418       
-0.9373759120776956      -0.9373759120776954      0.0108790197219418       
0.8747518241553911       -0.9373759120776954      0.0108790197219418       
-0.8022206696795784      0.6044413393591568       0.0290450919834950       
-0.8022206696795784      -0.8022206696795784      0.0290450919834950       
0.6044413393591568       -0.8022206696795784      0.0290450919834950       
-0.6211754224085078      0.2423508448170155       0.0431639307821239       
-0.6211754224085078      -0.6211754224085078      0.0431639307821239       
0.2423508448170155       -0.6211754224085078      0.0431639307821239       
-0.4477321529932814      -0.1045356940134372      0.0392478109494437       
-0.4477321529932814      -0.4477321529932814      0.0392478109494437       
-0.1045356940134372      -0.4477321529932814      0.0392478109494437       
-0.2582226030128082      -0.4835547939743836      0.0340731758035252       
-0.2582226030128082      -0.2582226030128082      0.0340731758035252       
-0.4835547939743836      -0.2582226030128082      0.0340731758035252       
-0.1615120118465212      -0.6769759763069576      0.0420717342867313       
-0.1615120118465212      -0.1615120118465212      0.0420717342867313       
-0.6769759763069576      -0.1615120118465212      0.0420717342867313       
-0.0807510205385681      -0.8384979589228638      0.0383678047460057       
-0.0807510205385681      -0.0807510205385680      0.0383678047460057       
-0.8384979589228638      -0.0807510205385680      0.0383678047460057       
-0.0248630032489399      -0.9502739935021202      0.0243369723706531       
-0.0248630032489399      -0.0248630032489399      0.0243369723706531       
-0.9502739935021202      -0.0248630032489399      0.0243369723706531       
-0.9340014304080592      -1.0000000000000000      0.0018849300430364       
0.9340014304080592       -1.0000000000000000      0.0018849300430364       
0.9340014304080592       -0.9340014304080592      0.0018849300430364       
-0.9340014304080592      0.9340014304080592       0.0018849300430364       
-1.0000000000000000      0.9340014304080592       0.0018849300430364       
-1.0000000000000000      -0.9340014304080592      0.0018849300430364       
-0.7844834736631445      -1.0000000000000000      0.0031445820532632       
0.7844834736631445       -1.0000000000000000      0.0031445820532632       
0.7844834736631445       -0.7844834736631445      0.0031445820532632       
-0.7844834736631445      0.7844834736631445       0.0031445820532632       
-1.0000000000000000      0.7844834736631445       0.0031445820532632       
-1.0000000000000000      -0.7844834736631445      0.0031445820532632       
-0.5652353269962052      -1.0000000000000000      0.0039880337077878       
0.5652353269962052       -1.0000000000000000      0.0039880337077878       
0.5652353269962052       -0.5652353269962052      0.0039880337077878       
-0.5652353269962052      0.5652353269962052       0.0039880337077878       
-1.0000000000000000      0.5652353269962052       0.0039880337077878       
-1.0000000000000000      -0.5652353269962052      0.0039880337077878       
-0.2957581355869394      -1.0000000000000000      0.0041637372465411       
0.2957581355869394       -1.0000000000000000      0.0041637372465411       
0.2957581355869394       -0.2957581355869394      0.0041637372465411       
-0.2957581355869394      0.2957581355869394       0.0041637372465411       
-1.0000000000000000      0.2957581355869394       0.0041637372465411       
-1.0000000000000000      -0.2957581355869394      0.0041637372465411       
-0.8097027984751655      0.4127780182603662       0.0367264427363611       
-0.6030752197852007      0.4127780182603662       0.0367264427363611       
-0.6030752197852007      -0.8097027984751655      0.0367264427363611       
-0.8097027984751655      -0.6030752197852007      0.0367264427363611       
0.4127780182603662       -0.6030752197852007      0.0367264427363611       
0.4127780182603662       -0.8097027984751655      0.0367264427363611       
-0.3555240280481160      0.1827161615075145       0.0391750110870636       
-0.8271921334593986      0.1827161615075145       0.0391750110870636       
-0.8271921334593986      -0.3555240280481160      0.0391750110870636       
-0.3555240280481160      -0.8271921334593987      0.0391750110870636       
0.1827161615075145       -0.8271921334593987      0.0391750110870636       
0.1827161615075145       -0.3555240280481160      0.0391750110870636       
-0.3989928668301224      0.0517124201962976       0.0439242729173207       
-0.6527195533661752      0.0517124201962976       0.0439242729173207       
-0.6527195533661752      -0.3989928668301224      0.0439242729173207       
-0.3989928668301224      -0.6527195533661750      0.0439242729173207       
0.0517124201962976       -0.6527195533661750      0.0439242729173207       
0.0517124201962976       -0.3989928668301224      0.0439242729173207       
-0.9415634252346244      0.5233386604447414       0.0234054564623757       
-0.5817752352101171      0.5233386604447414       0.0234054564623757       
-0.5817752352101171      -0.9415634252346244      0.0234054564623757       
-0.9415634252346244      -0.5817752352101171      0.0234054564623757       
0.5233386604447414       -0.5817752352101171      0.0234054564623757       
0.5233386604447414       -0.9415634252346244      0.0234054564623757       
-0.9391144610827694      0.7333419708556306       0.0181601445001030       
-0.7942275097728613      0.7333419708556306       0.0181601445001030       
-0.7942275097728613      -0.9391144610827694      0.0181601445001030       
-0.9391144610827694      -0.7942275097728613      0.0181601445001030       
0.7333419708556306       -0.7942275097728613      0.0181601445001030       
0.7333419708556306       -0.9391144610827694      0.0181601445001030       
-0.9471752125028486      0.2640540574511714       0.0247305956306681       
-0.3168788449483228      0.2640540574511714       0.0247305956306681       
-0.3168788449483228      -0.9471752125028486      0.0247305956306681       
-0.9471752125028486      -0.3168788449483228      0.0247305956306681       
0.2640540574511714       -0.3168788449483228      0.0247305956306681       
0.2640540574511714       -0.9471752125028486      0.0247305956306681       
-0.3333333333333333      -0.3333333333333333      0.0072616161441983       
