centroid    numS21      numS111     
true (1)    8 (3)       9 (6)       

-0.97804771794320447192070397628224037507452488364171395307718817778889130536473295297350121879955463660462948132667643784328040451
0.95609543588640894384140795256448075014904976728342790615437635557778261072946590594700243759910927320925896265335287568656080901
0.00319536316426647944789458473306577707218022551047662824694531374350483305388209093356097295634918265934870277663192872396666509

-0.97804771794320447192070397628224037507452488364171395307718817778889130536473295297350121879955463660462948132667643784328040451
-0.97804771794320447192070397628224037507452488364171395307718817778889130536473295297350121879955463660462948132667643784328040451
0.00319536316426647944789458473306577707218022551047662824694531374350483305388209093356097295634918265934870277663192872396666509

0.95609543588640894384140795256448075014904976728342790615437635557778261072946590594700243759910927320925896265335287568656080901
-0.97804771794320447192070397628224037507452488364171395307718817778889130536473295297350121879955463660462948132667643784328040451
0.00319536316426647944789458473306577707218022551047662824694531374350483305388209093356097295634918265934870277663192872396666509

-0.92537823880223061201299256742556755611904186871827934193566485636338101688345638380696862984351064890596087782544881696326866154
0.85075647760446122402598513485113511223808373743655868387132971272676203376691276761393725968702129781192175565089763392653732307
0.00864510164266231010469272215780677450804678126411329500099148138646851181678135522870380552457364596558877165950689652680151244

-0.92537823880223061201299256742556755611904186871827934193566485636338101688345638380696862984351064890596087782544881696326866154
-0.92537823880223061201299256742556755611904186871827934193566485636338101688345638380696862984351064890596087782544881696326866154
0.00864510164266231010469272215780677450804678126411329500099148138646851181678135522870380552457364596558877165950689652680151244

0.85075647760446122402598513485113511223808373743655868387132971272676203376691276761393725968702129781192175565089763392653732307
-0.92537823880223061201299256742556755611904186871827934193566485636338101688345638380696862984351064890596087782544881696326866154
0.00864510164266231010469272215780677450804678126411329500099148138646851181678135522870380552457364596558877165950689652680151244

-0.78123280657657080596625505020033275588983685049589105538090483526392327794164864943541527889874230640625555956383061084956838387
0.56246561315314161193251010040066551177967370099178211076180967052784655588329729887083055779748461281251111912766122169913676773
0.03132092310429813368440700364889420344668302829602343012420532220143673992064865349560148399488243426468552674157093191753851450

-0.78123280657657080596625505020033275588983685049589105538090483526392327794164864943541527889874230640625555956383061084956838387
-0.78123280657657080596625505020033275588983685049589105538090483526392327794164864943541527889874230640625555956383061084956838387
0.03132092310429813368440700364889420344668302829602343012420532220143673992064865349560148399488243426468552674157093191753851450

0.56246561315314161193251010040066551177967370099178211076180967052784655588329729887083055779748461281251111912766122169913676773
-0.78123280657657080596625505020033275588983685049589105538090483526392327794164864943541527889874230640625555956383061084956838387
0.03132092310429813368440700364889420344668302829602343012420532220143673992064865349560148399488243426468552674157093191753851450

-0.62741000451091811445653498388475129105072401592240081269182915788685084079850083431342664480984403606517924643733516195258692088
0.25482000902183622891306996776950258210144803184480162538365831577370168159700166862685328961968807213035849287467032390517384176
0.03669385189701165791925285411813804353712221136238785826566995298003685277384512014859075716725774320032894454574509226719736115

-0.62741000451091811445653498388475129105072401592240081269182915788685084079850083431342664480984403606517924643733516195258692088
-0.62741000451091811445653498388475129105072401592240081269182915788685084079850083431342664480984403606517924643733516195258692088
0.03669385189701165791925285411813804353712221136238785826566995298003685277384512014859075716725774320032894454574509226719736115

0.25482000902183622891306996776950258210144803184480162538365831577370168159700166862685328961968807213035849287467032390517384176
-0.62741000451091811445653498388475129105072401592240081269182915788685084079850083431342664480984403606517924643733516195258692088
0.03669385189701165791925285411813804353712221136238785826566995298003685277384512014859075716725774320032894454574509226719736115

-0.49084146465332177523029470374523072315068445470969111771604922077261177570340670838631006456239592883340150241373939218268136140
-0.01831707069335644953941059250953855369863109058061776456790155845477644859318658322737987087520814233319699517252121563463727721
0.05633280523008099012864178412473069935982717693040229194199489806686406071220877604735459778933942436479002083071990426611940439

-0.49084146465332177523029470374523072315068445470969111771604922077261177570340670838631006456239592883340150241373939218268136140
-0.49084146465332177523029470374523072315068445470969111771604922077261177570340670838631006456239592883340150241373939218268136140
0.05633280523008099012864178412473069935982717693040229194199489806686406071220877604735459778933942436479002083071990426611940439

-0.01831707069335644953941059250953855369863109058061776456790155845477644859318658322737987087520814233319699517252121563463727721
-0.49084146465332177523029470374523072315068445470969111771604922077261177570340670838631006456239592883340150241373939218268136140
0.05633280523008099012864178412473069935982717693040229194199489806686406071220877604735459778933942436479002083071990426611940439

-0.04750877691900197357929625553481808806135735225153480292321604887293576737797513504216083485114115158571366016481260303904731346
-0.90498244616199605284140748893036382387728529549693039415356790225412846524404972991567833029771769682857267967037479392190537308
0.02840730121363376196768046592447929038209293230759368529226177433964255525022161009448608527365998269162599268254057637365418735

-0.04750877691900197357929625553481808806135735225153480292321604887293576737797513504216083485114115158571366016481260303904731346
-0.04750877691900197357929625553481808806135735225153480292321604887293576737797513504216083485114115158571366016481260303904731346
0.02840730121363376196768046592447929038209293230759368529226177433964255525022161009448608527365998269162599268254057637365418735

-0.90498244616199605284140748893036382387728529549693039415356790225412846524404972991567833029771769682857267967037479392190537308
-0.04750877691900197357929625553481808806135735225153480292321604887293576737797513504216083485114115158571366016481260303904731346
0.02840730121363376196768046592447929038209293230759368529226177433964255525022161009448608527365998269162599268254057637365418735

-0.10889788608815036962555544313157118466595516669619041167966128092238275951479498739954652628195644062285334731857270759457316920
-0.78220422782369926074888911373685763066808966660761917664067743815523448097041002520090694743608711875429330536285458481085366159
0.03780959973292979074731416264079959672114514555420978263997819177156918267632241130721842453294254665026206136121168638185172311

-0.10889788608815036962555544313157118466595516669619041167966128092238275951479498739954652628195644062285334731857270759457316920
-0.10889788608815036962555544313157118466595516669619041167966128092238275951479498739954652628195644062285334731857270759457316920
0.03780959973292979074731416264079959672114514555420978263997819177156918267632241130721842453294254665026206136121168638185172311

-0.78220422782369926074888911373685763066808966660761917664067743815523448097041002520090694743608711875429330536285458481085366159
-0.10889788608815036962555544313157118466595516669619041167966128092238275951479498739954652628195644062285334731857270759457316920
0.03780959973292979074731416264079959672114514555420978263997819177156918267632241130721842453294254665026206136121168638185172311

-0.21314930436580028264207251299344481703675642692242817677059093294560587835133603917989499508713142893079842067234465686036378923
-0.57370139126839943471585497401311036592648714615514364645881813410878824329732792164021000982573714213840315865531068627927242154
0.05515220251628183605355089086327739307935546243266425887361087532197254588678695650659903939704243369231824180624422684917474375

-0.21314930436580028264207251299344481703675642692242817677059093294560587835133603917989499508713142893079842067234465686036378923
-0.21314930436580028264207251299344481703675642692242817677059093294560587835133603917989499508713142893079842067234465686036378923
0.05515220251628183605355089086327739307935546243266425887361087532197254588678695650659903939704243369231824180624422684917474375

-0.57370139126839943471585497401311036592648714615514364645881813410878824329732792164021000982573714213840315865531068627927242154
-0.21314930436580028264207251299344481703675642692242817677059093294560587835133603917989499508713142893079842067234465686036378923
0.05515220251628183605355089086327739307935546243266425887361087532197254588678695650659903939704243369231824180624422684917474375

-0.99029012478475249342326969684217244652123125817042807148596575056716239300007909343528029335687133439489192284002501069490307132
-0.87181882878313187990026866476433962456642499243320755277153738149585544710171941574299349607865246479085888484017277871748791103
0.00451947840850346211792351505839295604845758268767274115222660557445250068240219117302917694888884233201439635821373307808926346

0.86210895356788437332353836160651207108765625060363562425750313206301784010179850917827378943552379918575080768019778941239098235
-0.87181882878313187990026866476433962456642499243320755277153738149585544710171941574299349607865246479085888484017277871748791103
0.00451947840850346211792351505839295604845758268767274115222660557445250068240219117302917694888884233201439635821373307808926346

0.86210895356788437332353836160651207108765625060363562425750313206301784010179850917827378943552379918575080768019778941239098235
-0.99029012478475249342326969684217244652123125817042807148596575056716239300007909343528029335687133439489192284002501069490307132
0.00451947840850346211792351505839295604845758268767274115222660557445250068240219117302917694888884233201439635821373307808926346

-0.99029012478475249342326969684217244652123125817042807148596575056716239300007909343528029335687133439489192284002501069490307132
0.86210895356788437332353836160651207108765625060363562425750313206301784010179850917827378943552379918575080768019778941239098235
0.00451947840850346211792351505839295604845758268767274115222660557445250068240219117302917694888884233201439635821373307808926346

-0.87181882878313187990026866476433962456642499243320755277153738149585544710171941574299349607865246479085888484017277871748791103
0.86210895356788437332353836160651207108765625060363562425750313206301784010179850917827378943552379918575080768019778941239098235
0.00451947840850346211792351505839295604845758268767274115222660557445250068240219117302917694888884233201439635821373307808926346

-0.87181882878313187990026866476433962456642499243320755277153738149585544710171941574299349607865246479085888484017277871748791103
-0.99029012478475249342326969684217244652123125817042807148596575056716239300007909343528029335687133439489192284002501069490307132
0.00451947840850346211792351505839295604845758268767274115222660557445250068240219117302917694888884233201439635821373307808926346

-0.98485843899060694347353308294287690802376253659636105704187981381658635155080164709651028887654116639975748571049465921942516948
-0.68173258468586555087076929714329628438490668617316919410851883980999804958948177019926202441771947046239852493109205119103027639
0.00881158967423399025613127081578538464816513940763938727572790172792078153008384880799221786314916301611962105955330658245856968

0.66659102367647249434430238008617319240866922276953025115039865362658440114028341729577231329426063686215601064158671041045544587
-0.68173258468586555087076929714329628438490668617316919410851883980999804958948177019926202441771947046239852493109205119103027639
0.00881158967423399025613127081578538464816513940763938727572790172792078153008384880799221786314916301611962105955330658245856968

0.66659102367647249434430238008617319240866922276953025115039865362658440114028341729577231329426063686215601064158671041045544587
-0.98485843899060694347353308294287690802376253659636105704187981381658635155080164709651028887654116639975748571049465921942516948
0.00881158967423399025613127081578538464816513940763938727572790172792078153008384880799221786314916301611962105955330658245856968

-0.98485843899060694347353308294287690802376253659636105704187981381658635155080164709651028887654116639975748571049465921942516948
0.66659102367647249434430238008617319240866922276953025115039865362658440114028341729577231329426063686215601064158671041045544587
0.00881158967423399025613127081578538464816513940763938727572790172792078153008384880799221786314916301611962105955330658245856968

-0.68173258468586555087076929714329628438490668617316919410851883980999804958948177019926202441771947046239852493109205119103027639
0.66659102367647249434430238008617319240866922276953025115039865362658440114028341729577231329426063686215601064158671041045544587
0.00881158967423399025613127081578538464816513940763938727572790172792078153008384880799221786314916301611962105955330658245856968

-0.68173258468586555087076929714329628438490668617316919410851883980999804958948177019926202441771947046239852493109205119103027639
-0.98485843899060694347353308294287690802376253659636105704187981381658635155080164709651028887654116639975748571049465921942516948
0.00881158967423399025613127081578538464816513940763938727572790172792078153008384880799221786314916301611962105955330658245856968

-0.97852557428797782533895087798420844580705241461775348414937958119836307542959707613088305645021114406834542946462211525742881353
-0.43883717715266953032502693891187358647913730518177570035918275044385597474351157773415714941433590462899557276924844616826933142
0.01431280095383074145972534643117173666267035533945276539474140604056610085545845048041097021622335886940166536955703754229167706

0.41736275144064735566397781689608203228618971979952918450856233164221905017310865386504020586454704869734100223387056142569814495
-0.43883717715266953032502693891187358647913730518177570035918275044385597474351157773415714941433590462899557276924844616826933142
0.01431280095383074145972534643117173666267035533945276539474140604056610085545845048041097021622335886940166536955703754229167706

0.41736275144064735566397781689608203228618971979952918450856233164221905017310865386504020586454704869734100223387056142569814495
-0.97852557428797782533895087798420844580705241461775348414937958119836307542959707613088305645021114406834542946462211525742881353
0.01431280095383074145972534643117173666267035533945276539474140604056610085545845048041097021622335886940166536955703754229167706

-0.97852557428797782533895087798420844580705241461775348414937958119836307542959707613088305645021114406834542946462211525742881353
0.41736275144064735566397781689608203228618971979952918450856233164221905017310865386504020586454704869734100223387056142569814495
0.01431280095383074145972534643117173666267035533945276539474140604056610085545845048041097021622335886940166536955703754229167706

-0.43883717715266953032502693891187358647913730518177570035918275044385597474351157773415714941433590462899557276924844616826933142
0.41736275144064735566397781689608203228618971979952918450856233164221905017310865386504020586454704869734100223387056142569814495
0.01431280095383074145972534643117173666267035533945276539474140604056610085545845048041097021622335886940166536955703754229167706

-0.43883717715266953032502693891187358647913730518177570035918275044385597474351157773415714941433590462899557276924844616826933142
-0.97852557428797782533895087798420844580705241461775348414937958119836307542959707613088305645021114406834542946462211525742881353
0.01431280095383074145972534643117173666267035533945276539474140604056610085545845048041097021622335886940166536955703754229167706

-0.98033690341439487884297752854262651580138484262235600200130631014997761456409142079517317676886185267691211821117781532577078935
-0.15995248236755184070711416610546211280201102184669860470340217895802229853357584149165078608822057513576403413127384228070861004
0.01478272600102119191287687445277038168957251273373424748615262583541777100524248946598930192802623087820534802411418883484056488

0.14028938578194671955009169464808862860339586446905460670470848910799991309766726228682396285708242781267615234245165760647939939
-0.15995248236755184070711416610546211280201102184669860470340217895802229853357584149165078608822057513576403413127384228070861004
0.01478272600102119191287687445277038168957251273373424748615262583541777100524248946598930192802623087820534802411418883484056488

0.14028938578194671955009169464808862860339586446905460670470848910799991309766726228682396285708242781267615234245165760647939939
-0.98033690341439487884297752854262651580138484262235600200130631014997761456409142079517317676886185267691211821117781532577078935
0.01478272600102119191287687445277038168957251273373424748615262583541777100524248946598930192802623087820534802411418883484056488

-0.98033690341439487884297752854262651580138484262235600200130631014997761456409142079517317676886185267691211821117781532577078935
0.14028938578194671955009169464808862860339586446905460670470848910799991309766726228682396285708242781267615234245165760647939939
0.01478272600102119191287687445277038168957251273373424748615262583541777100524248946598930192802623087820534802411418883484056488

-0.15995248236755184070711416610546211280201102184669860470340217895802229853357584149165078608822057513576403413127384228070861004
0.14028938578194671955009169464808862860339586446905460670470848910799991309766726228682396285708242781267615234245165760647939939
0.01478272600102119191287687445277038168957251273373424748615262583541777100524248946598930192802623087820534802411418883484056488

-0.15995248236755184070711416610546211280201102184669860470340217895802229853357584149165078608822057513576403413127384228070861004
-0.98033690341439487884297752854262651580138484262235600200130631014997761456409142079517317676886185267691211821117781532577078935
0.01478272600102119191287687445277038168957251273373424748615262583541777100524248946598930192802623087820534802411418883484056488

-0.92327263044925080925477729510569699731270430903222864508127486599198372048383472374236276575255610669819256963798239072537354728
-0.80009540742372268923418435330576760380291492381068485581701480607273676866346908203126213937063674359876394940053473037932728839
0.01658284611045543085104945063563047659778652496603753297863761342426791425940854939261287282200839841706759189322406410269985435

0.72336803787297349848896164841146460111561923284291350089828967206472048914730380577362490512319285029695651903851712110470083567
-0.80009540742372268923418435330576760380291492381068485581701480607273676866346908203126213937063674359876394940053473037932728839
0.01658284611045543085104945063563047659778652496603753297863761342426791425940854939261287282200839841706759189322406410269985435

0.72336803787297349848896164841146460111561923284291350089828967206472048914730380577362490512319285029695651903851712110470083567
-0.92327263044925080925477729510569699731270430903222864508127486599198372048383472374236276575255610669819256963798239072537354728
0.01658284611045543085104945063563047659778652496603753297863761342426791425940854939261287282200839841706759189322406410269985435

-0.92327263044925080925477729510569699731270430903222864508127486599198372048383472374236276575255610669819256963798239072537354728
0.72336803787297349848896164841146460111561923284291350089828967206472048914730380577362490512319285029695651903851712110470083567
0.01658284611045543085104945063563047659778652496603753297863761342426791425940854939261287282200839841706759189322406410269985435

-0.80009540742372268923418435330576760380291492381068485581701480607273676866346908203126213937063674359876394940053473037932728839
0.72336803787297349848896164841146460111561923284291350089828967206472048914730380577362490512319285029695651903851712110470083567
0.01658284611045543085104945063563047659778652496603753297863761342426791425940854939261287282200839841706759189322406410269985435

-0.80009540742372268923418435330576760380291492381068485581701480607273676866346908203126213937063674359876394940053473037932728839
-0.92327263044925080925477729510569699731270430903222864508127486599198372048383472374236276575255610669819256963798239072537354728
0.01658284611045543085104945063563047659778652496603753297863761342426791425940854939261287282200839841706759189322406410269985435

-0.90687927018467136697246089078946388707102182691206908429389459165175617877965754719471612661660104398876656405239845604744029023
-0.60296373554242364323995659398430200322831962188342465308840929548443644310747885408195792731599741314099893850386621338412685063
0.02394559431581876008058525614499916549291393965752286587193518337058595052812259323125589495259441893228931804247992453711272095

0.50984300572709501021241748477376589029934144879549373738230388713619262188713640127667405393259845712976550255626466943156714086
-0.60296373554242364323995659398430200322831962188342465308840929548443644310747885408195792731599741314099893850386621338412685063
0.02394559431581876008058525614499916549291393965752286587193518337058595052812259323125589495259441893228931804247992453711272095

0.50984300572709501021241748477376589029934144879549373738230388713619262188713640127667405393259845712976550255626466943156714086
-0.90687927018467136697246089078946388707102182691206908429389459165175617877965754719471612661660104398876656405239845604744029023
0.02394559431581876008058525614499916549291393965752286587193518337058595052812259323125589495259441893228931804247992453711272095

-0.90687927018467136697246089078946388707102182691206908429389459165175617877965754719471612661660104398876656405239845604744029023
0.50984300572709501021241748477376589029934144879549373738230388713619262188713640127667405393259845712976550255626466943156714086
0.02394559431581876008058525614499916549291393965752286587193518337058595052812259323125589495259441893228931804247992453711272095

-0.60296373554242364323995659398430200322831962188342465308840929548443644310747885408195792731599741314099893850386621338412685063
0.50984300572709501021241748477376589029934144879549373738230388713619262188713640127667405393259845712976550255626466943156714086
0.02394559431581876008058525614499916549291393965752286587193518337058595052812259323125589495259441893228931804247992453711272095

-0.60296373554242364323995659398430200322831962188342465308840929548443644310747885408195792731599741314099893850386621338412685063
-0.90687927018467136697246089078946388707102182691206908429389459165175617877965754719471612661660104398876656405239845604744029023
0.02394559431581876008058525614499916549291393965752286587193518337058595052812259323125589495259441893228931804247992453711272095

-0.89002504171402637873154550296837045791687405187871179289338975620550472560876827133667412668641952944991964523653803852543722975
-0.33373036538082502114474980467491497240352393898706464804533768621689477861636269620843870342443407563208925731233443664285349017
0.03466890226887733224873062605803573422137709965543870380787219977427498813621082377430993583487138254527100152101840711461369955

0.22375540709485139987629530764328543032039799086577644093872744242239950422513096754511283011085360508200890254887247516829071992
-0.33373036538082502114474980467491497240352393898706464804533768621689477861636269620843870342443407563208925731233443664285349017
0.03466890226887733224873062605803573422137709965543870380787219977427498813621082377430993583487138254527100152101840711461369955

0.22375540709485139987629530764328543032039799086577644093872744242239950422513096754511283011085360508200890254887247516829071992
-0.89002504171402637873154550296837045791687405187871179289338975620550472560876827133667412668641952944991964523653803852543722975
0.03466890226887733224873062605803573422137709965543870380787219977427498813621082377430993583487138254527100152101840711461369955

-0.89002504171402637873154550296837045791687405187871179289338975620550472560876827133667412668641952944991964523653803852543722975
0.22375540709485139987629530764328543032039799086577644093872744242239950422513096754511283011085360508200890254887247516829071992
0.03466890226887733224873062605803573422137709965543870380787219977427498813621082377430993583487138254527100152101840711461369955

-0.33373036538082502114474980467491497240352393898706464804533768621689477861636269620843870342443407563208925731233443664285349017
0.22375540709485139987629530764328543032039799086577644093872744242239950422513096754511283011085360508200890254887247516829071992
0.03466890226887733224873062605803573422137709965543870380787219977427498813621082377430993583487138254527100152101840711461369955

-0.33373036538082502114474980467491497240352393898706464804533768621689477861636269620843870342443407563208925731233443664285349017
-0.89002504171402637873154550296837045791687405187871179289338975620550472560876827133667412668641952944991964523653803852543722975
0.03466890226887733224873062605803573422137709965543870380787219977427498813621082377430993583487138254527100152101840711461369955

-0.78754559055945991527489139589221510387859362327354173086712460707395859312870533884197677960129880269168353435150815492499869950
-0.56878588521981119394110406409901682735989970104174826538289111124656657754290866636613296047199872749216239233360126013679021323
0.03089043128839691937748165065085341718283093692987240995655198674664966894867683305701730279417648503325540461938608209889543404

0.35633147577927110921599545999123193123849332431528999625001571832052517067161400520810974007329753018384592668510941506178891274
-0.56878588521981119394110406409901682735989970104174826538289111124656657754290866636613296047199872749216239233360126013679021323
0.03089043128839691937748165065085341718283093692987240995655198674664966894867683305701730279417648503325540461938608209889543404

0.35633147577927110921599545999123193123849332431528999625001571832052517067161400520810974007329753018384592668510941506178891274
-0.78754559055945991527489139589221510387859362327354173086712460707395859312870533884197677960129880269168353435150815492499869950
0.03089043128839691937748165065085341718283093692987240995655198674664966894867683305701730279417648503325540461938608209889543404

-0.78754559055945991527489139589221510387859362327354173086712460707395859312870533884197677960129880269168353435150815492499869950
0.35633147577927110921599545999123193123849332431528999625001571832052517067161400520810974007329753018384592668510941506178891274
0.03089043128839691937748165065085341718283093692987240995655198674664966894867683305701730279417648503325540461938608209889543404

-0.56878588521981119394110406409901682735989970104174826538289111124656657754290866636613296047199872749216239233360126013679021323
0.35633147577927110921599545999123193123849332431528999625001571832052517067161400520810974007329753018384592668510941506178891274
0.03089043128839691937748165065085341718283093692987240995655198674664966894867683305701730279417648503325540461938608209889543404

-0.56878588521981119394110406409901682735989970104174826538289111124656657754290866636613296047199872749216239233360126013679021323
-0.78754559055945991527489139589221510387859362327354173086712460707395859312870533884197677960129880269168353435150815492499869950
0.03089043128839691937748165065085341718283093692987240995655198674664966894867683305701730279417648503325540461938608209889543404

-0.72038385601640020281169703206316563308212132857089111923070191598611559808605110459938384369649086840360639242302393853923596435
-0.36427975232845596804806465673948070355884372934765694728233242401171943169547400948766702534673077327773116518460853678699087347
0.04676698292731094773018431093778184981435259138617708653181419351313822830835751283061747505287683231809642160174263875877317048

0.08466360834485617085976168880264633664096505791854806651303433999783502978152511408705086904322164168133755760763247532622683783
-0.36427975232845596804806465673948070355884372934765694728233242401171943169547400948766702534673077327773116518460853678699087347
0.04676698292731094773018431093778184981435259138617708653181419351313822830835751283061747505287683231809642160174263875877317048

0.08466360834485617085976168880264633664096505791854806651303433999783502978152511408705086904322164168133755760763247532622683783
-0.72038385601640020281169703206316563308212132857089111923070191598611559808605110459938384369649086840360639242302393853923596435
0.04676698292731094773018431093778184981435259138617708653181419351313822830835751283061747505287683231809642160174263875877317048

-0.72038385601640020281169703206316563308212132857089111923070191598611559808605110459938384369649086840360639242302393853923596435
0.08466360834485617085976168880264633664096505791854806651303433999783502978152511408705086904322164168133755760763247532622683783
0.04676698292731094773018431093778184981435259138617708653181419351313822830835751283061747505287683231809642160174263875877317048

-0.36427975232845596804806465673948070355884372934765694728233242401171943169547400948766702534673077327773116518460853678699087347
0.08466360834485617085976168880264633664096505791854806651303433999783502978152511408705086904322164168133755760763247532622683783
0.04676698292731094773018431093778184981435259138617708653181419351313822830835751283061747505287683231809642160174263875877317048

-0.36427975232845596804806465673948070355884372934765694728233242401171943169547400948766702534673077327773116518460853678699087347
-0.72038385601640020281169703206316563308212132857089111923070191598611559808605110459938384369649086840360639242302393853923596435
0.04676698292731094773018431093778184981435259138617708653181419351313822830835751283061747505287683231809642160174263875877317048

-0.33333333333333333333333333333333333333333333333333333333333333333333333333333333333333333333333333333333333333333333333333333333
-0.33333333333333333333333333333333333333333333333333333333333333333333333333333333333333333333333333333333333333333333333333333333
0.05564044280581246363156678825389805153188101244509986610906827452187072820412932543424360961496714548283060185174997418243793790

