centroid    numS21      numS111     
true (1)    12 (3)      24 (6)      

-0.98995639850678909684335071719801439184151823115040817484362245606487762525922334536347536168278253920750575346939363106761508609
0.97991279701357819368670143439602878368303646230081634968724491212975525051844669072695072336556507841501150693878726213523017218
0.00066174717158227024571781692291039249049695525414254203913304066661191541523156225818167719790491934065931520330894623596414993

-0.98995639850678909684335071719801439184151823115040817484362245606487762525922334536347536168278253920750575346939363106761508609
-0.98995639850678909684335071719801439184151823115040817484362245606487762525922334536347536168278253920750575346939363106761508609
0.00066174717158227024571781692291039249049695525414254203913304066661191541523156225818167719790491934065931520330894623596414993

0.97991279701357819368670143439602878368303646230081634968724491212975525051844669072695072336556507841501150693878726213523017218
-0.98995639850678909684335071719801439184151823115040817484362245606487762525922334536347536168278253920750575346939363106761508609
0.00066174717158227024571781692291039249049695525414254203913304066661191541523156225818167719790491934065931520330894623596414993

-0.95172401210360962993903629475884734914856675941657492287634722495574321313047960073110854187452493737992535083670757424160881003
0.90344802420721925987807258951769469829713351883314984575269444991148642626095920146221708374904987475985070167341514848321762006
0.00297815392863812787723942557884102493834689338343270800620087537701717124246834816669729726481019295852229567671088736192189939

-0.95172401210360962993903629475884734914856675941657492287634722495574321313047960073110854187452493737992535083670757424160881003
-0.95172401210360962993903629475884734914856675941657492287634722495574321313047960073110854187452493737992535083670757424160881003
0.00297815392863812787723942557884102493834689338343270800620087537701717124246834816669729726481019295852229567671088736192189939

0.90344802420721925987807258951769469829713351883314984575269444991148642626095920146221708374904987475985070167341514848321762006
-0.95172401210360962993903629475884734914856675941657492287634722495574321313047960073110854187452493737992535083670757424160881003
0.00297815392863812787723942557884102493834689338343270800620087537701717124246834816669729726481019295852229567671088736192189939

-0.80914860563990884171438497067425758381555886937338968430977338406088957311995934576168691307278816357002661584790076355512839603
0.61829721127981768342876994134851516763111773874677936861954676812177914623991869152337382614557632714005323169580152711025679205
0.01122556700555514726700047120715499143180237651692561438590064816770389848314477168594707514194492514681583719264852312688511781

-0.80914860563990884171438497067425758381555886937338968430977338406088957311995934576168691307278816357002661584790076355512839603
-0.80914860563990884171438497067425758381555886937338968430977338406088957311995934576168691307278816357002661584790076355512839603
0.01122556700555514726700047120715499143180237651692561438590064816770389848314477168594707514194492514681583719264852312688511781

0.61829721127981768342876994134851516763111773874677936861954676812177914623991869152337382614557632714005323169580152711025679205
-0.80914860563990884171438497067425758381555886937338968430977338406088957311995934576168691307278816357002661584790076355512839603
0.01122556700555514726700047120715499143180237651692561438590064816770389848314477168594707514194492514681583719264852312688511781

-0.72773234171947127930372376389947296190110207862684272670118259865958831827931106669562278228830313967920787572812175630341622820
0.45546468343894255860744752779894592380220415725368545340236519731917663655862213339124556457660627935841575145624351260683245640
0.01635499977589542694471361801511637934371689652663626201093551528516029744816859957223620941009119581084632989991489109977711343

-0.72773234171947127930372376389947296190110207862684272670118259865958831827931106669562278228830313967920787572812175630341622820
-0.72773234171947127930372376389947296190110207862684272670118259865958831827931106669562278228830313967920787572812175630341622820
0.01635499977589542694471361801511637934371689652663626201093551528516029744816859957223620941009119581084632989991489109977711343

0.45546468343894255860744752779894592380220415725368545340236519731917663655862213339124556457660627935841575145624351260683245640
-0.72773234171947127930372376389947296190110207862684272670118259865958831827931106669562278228830313967920787572812175630341622820
0.01635499977589542694471361801511637934371689652663626201093551528516029744816859957223620941009119581084632989991489109977711343

-0.63519114652542941118781040374271432602154892954510893417459299641366401564129632562911196236633412524413635752921418655587775779
0.27038229305085882237562080748542865204309785909021786834918599282732803128259265125822392473266825048827271505842837311175551558
0.02129710061043049773631226240861980570707720752707461682283154734606969711441721185787758561134369237245866401811305247591228630

-0.63519114652542941118781040374271432602154892954510893417459299641366401564129632562911196236633412524413635752921418655587775779
-0.63519114652542941118781040374271432602154892954510893417459299641366401564129632562911196236633412524413635752921418655587775779
0.02129710061043049773631226240861980570707720752707461682283154734606969711441721185787758561134369237245866401811305247591228630

0.27038229305085882237562080748542865204309785909021786834918599282732803128259265125822392473266825048827271505842837311175551558
-0.63519114652542941118781040374271432602154892954510893417459299641366401564129632562911196236633412524413635752921418655587775779
0.02129710061043049773631226240861980570707720752707461682283154734606969711441721185787758561134369237245866401811305247591228630

-0.53620152359319969806746543670667043238100046537063771219422022685182596819275166974400357220960400916914318403089087343550528030
0.07240304718639939613493087341334086476200093074127542438844045370365193638550333948800714441920801833828636806178174687101056061
0.02537552586611630781129841458769346584835794007056158199833599117649357225030637352604135478491365890752125352715857497875005269

-0.53620152359319969806746543670667043238100046537063771219422022685182596819275166974400357220960400916914318403089087343550528030
-0.53620152359319969806746543670667043238100046537063771219422022685182596819275166974400357220960400916914318403089087343550528030
0.02537552586611630781129841458769346584835794007056158199833599117649357225030637352604135478491365890752125352715857497875005269

0.07240304718639939613493087341334086476200093074127542438844045370365193638550333948800714441920801833828636806178174687101056061
-0.53620152359319969806746543670667043238100046537063771219422022685182596819275166974400357220960400916914318403089087343550528030
0.02537552586611630781129841458769346584835794007056158199833599117649357225030637352604135478491365890752125352715857497875005269

-0.43391786160907423389046781513131442819887237444434765322146236209289744931867689103043924099940875673989179672805921991636926310
-0.13216427678185153221906436973737114360225525111130469355707527581420510136264621793912151800118248652021640654388156016726147379
0.02806737439935687352459024010683752102013271200059761161136344822747039343302137714877973331439216382471853772288791820963141946

-0.43391786160907423389046781513131442819887237444434765322146236209289744931867689103043924099940875673989179672805921991636926310
-0.43391786160907423389046781513131442819887237444434765322146236209289744931867689103043924099940875673989179672805921991636926310
0.02806737439935687352459024010683752102013271200059761161136344822747039343302137714877973331439216382471853772288791820963141946

-0.13216427678185153221906436973737114360225525111130469355707527581420510136264621793912151800118248652021640654388156016726147379
-0.43391786160907423389046781513131442819887237444434765322146236209289744931867689103043924099940875673989179672805921991636926310
0.02806737439935687352459024010683752102013271200059761161136344822747039343302137714877973331439216382471853772288791820963141946

-0.00661953447233014006256652551074566531139309221137190253954784740097943333459585756530104176644418676808053207399167513029010704
-0.98676093105533971987486694897850866937721381557725619492090430519804113333080828486939791646711162646383893585201664973941978593
0.00585168864490414990888268471707778558971917427780663062477915992990889442810712849136692842392074197464750172333289322892014661

-0.00661953447233014006256652551074566531139309221137190253954784740097943333459585756530104176644418676808053207399167513029010704
-0.00661953447233014006256652551074566531139309221137190253954784740097943333459585756530104176644418676808053207399167513029010704
0.00585168864490414990888268471707778558971917427780663062477915992990889442810712849136692842392074197464750172333289322892014661

-0.98676093105533971987486694897850866937721381557725619492090430519804113333080828486939791646711162646383893585201664973941978593
-0.00661953447233014006256652551074566531139309221137190253954784740097943333459585756530104176644418676808053207399167513029010704
0.00585168864490414990888268471707778558971917427780663062477915992990889442810712849136692842392074197464750172333289322892014661

-0.03498420013747406536748774351798068476744927923911983294692427981164085104005634580192405013151904868570925420795153998347059910
-0.93003159972505186926502451296403863046510144152176033410615144037671829791988730839615189973696190262858149158409692003305880180
0.01330584230532315116964362163762319799941512774996972350080551940523299207977685270583075921847775109082620001231110126776977777

-0.03498420013747406536748774351798068476744927923911983294692427981164085104005634580192405013151904868570925420795153998347059910
-0.03498420013747406536748774351798068476744927923911983294692427981164085104005634580192405013151904868570925420795153998347059910
0.01330584230532315116964362163762319799941512774996972350080551940523299207977685270583075921847775109082620001231110126776977777

-0.93003159972505186926502451296403863046510144152176033410615144037671829791988730839615189973696190262858149158409692003305880180
-0.03498420013747406536748774351798068476744927923911983294692427981164085104005634580192405013151904868570925420795153998347059910
0.01330584230532315116964362163762319799941512774996972350080551940523299207977685270583075921847775109082620001231110126776977777

-0.08541276421684769842783455361243981878366923855888940311151911934303349507990708337401579375885244343600638402733757056480514553
-0.82917447156630460314433089277512036243266152288222119377696176131393300984018583325196841248229511312798723194532485887038970894
0.01994760645621509569746214519356464368994824050980763572469028166130078132541438058113989399817050612133154865431636009678144235

-0.08541276421684769842783455361243981878366923855888940311151911934303349507990708337401579375885244343600638402733757056480514553
-0.08541276421684769842783455361243981878366923855888940311151911934303349507990708337401579375885244343600638402733757056480514553
0.01994760645621509569746214519356464368994824050980763572469028166130078132541438058113989399817050612133154865431636009678144235

-0.82917447156630460314433089277512036243266152288222119377696176131393300984018583325196841248229511312798723194532485887038970894
-0.08541276421684769842783455361243981878366923855888940311151911934303349507990708337401579375885244343600638402733757056480514553
0.01994760645621509569746214519356464368994824050980763572469028166130078132541438058113989399817050612133154865431636009678144235

-0.15477741406841139434696440225699712597955131103729125723620320334547400017080522515315206897888764209354582532236922789560777401
-0.69044517186317721130607119548600574804089737792541748552759359330905199965838954969369586204222471581290834935526154420878445199
0.02488425187538444417796203261013630286714157535465362973439376316078382695844285332089146286714601080658412422937574176390511795

-0.15477741406841139434696440225699712597955131103729125723620320334547400017080522515315206897888764209354582532236922789560777401
-0.15477741406841139434696440225699712597955131103729125723620320334547400017080522515315206897888764209354582532236922789560777401
0.02488425187538444417796203261013630286714157535465362973439376316078382695844285332089146286714601080658412422937574176390511795

-0.69044517186317721130607119548600574804089737792541748552759359330905199965838954969369586204222471581290834935526154420878445199
-0.15477741406841139434696440225699712597955131103729125723620320334547400017080522515315206897888764209354582532236922789560777401
0.02488425187538444417796203261013630286714157535465362973439376316078382695844285332089146286714601080658412422937574176390511795

-0.23868417012203720788811161264663251170992985738571259378449895340751407360630459649350825746399248497485103195350106353980147265
-0.52263165975592558422377677470673497658014028522857481243100209318497185278739080701298348507201503005029793609299787292039705470
0.02801623336032893714115458029363460126234193141023664368499505646180467925834674106174815184419762329890645813193874155419829871

-0.23868417012203720788811161264663251170992985738571259378449895340751407360630459649350825746399248497485103195350106353980147265
-0.23868417012203720788811161264663251170992985738571259378449895340751407360630459649350825746399248497485103195350106353980147265
0.02801623336032893714115458029363460126234193141023664368499505646180467925834674106174815184419762329890645813193874155419829871

-0.52263165975592558422377677470673497658014028522857481243100209318497185278739080701298348507201503005029793609299787292039705470
-0.23868417012203720788811161264663251170992985738571259378449895340751407360630459649350825746399248497485103195350106353980147265
0.02801623336032893714115458029363460126234193141023664368499505646180467925834674106174815184419762329890645813193874155419829871

-0.99085619176197952481413200922323292972964580139749926710864259884235812674429296759432769907129141610481737110687607238748517769
-0.94748737408061424827205460957394606052688644474162798683014754660977097107272704267890736431979337610360269733223132724937262255
0.00138067073096877791416029305996589150882258798322120169158810523349312388881810198622032272458259156506442322234217034944817816

0.93834356584259377308618661879717899025653224613912725393879014545212909781702001027323506339108479220842006843910739963685780025
-0.94748737408061424827205460957394606052688644474162798683014754660977097107272704267890736431979337610360269733223132724937262255
0.00138067073096877791416029305996589150882258798322120169158810523349312388881810198622032272458259156506442322234217034944817816

0.93834356584259377308618661879717899025653224613912725393879014545212909781702001027323506339108479220842006843910739963685780025
-0.99085619176197952481413200922323292972964580139749926710864259884235812674429296759432769907129141610481737110687607238748517769
0.00138067073096877791416029305996589150882258798322120169158810523349312388881810198622032272458259156506442322234217034944817816

-0.99085619176197952481413200922323292972964580139749926710864259884235812674429296759432769907129141610481737110687607238748517769
0.93834356584259377308618661879717899025653224613912725393879014545212909781702001027323506339108479220842006843910739963685780025
0.00138067073096877791416029305996589150882258798322120169158810523349312388881810198622032272458259156506442322234217034944817816

-0.94748737408061424827205460957394606052688644474162798683014754660977097107272704267890736431979337610360269733223132724937262255
0.93834356584259377308618661879717899025653224613912725393879014545212909781702001027323506339108479220842006843910739963685780025
0.00138067073096877791416029305996589150882258798322120169158810523349312388881810198622032272458259156506442322234217034944817816

-0.94748737408061424827205460957394606052688644474162798683014754660977097107272704267890736431979337610360269733223132724937262255
-0.99085619176197952481413200922323292972964580139749926710864259884235812674429296759432769907129141610481737110687607238748517769
0.00138067073096877791416029305996589150882258798322120169158810523349312388881810198622032272458259156506442322234217034944817816

-0.99046797896204823650379238792419220665120065672471153710849262657352965980995184565064104685077398339883524275652232239461787500
-0.87345648825032066825778943566159999438109995705763130193810310318158206127783981461832067019694146036162947432579807563584060105
0.00215859655902984211396154960573132240479408846299625820902512538692507984603780825005204662185478010558340152330822555271731883

0.86392446721236890476158182358579220103230061378234283904659572975511172108779166026896171704771544376046471708232039803045847606
-0.87345648825032066825778943566159999438109995705763130193810310318158206127783981461832067019694146036162947432579807563584060105
0.00215859655902984211396154960573132240479408846299625820902512538692507984603780825005204662185478010558340152330822555271731883

0.86392446721236890476158182358579220103230061378234283904659572975511172108779166026896171704771544376046471708232039803045847606
-0.99046797896204823650379238792419220665120065672471153710849262657352965980995184565064104685077398339883524275652232239461787500
0.00215859655902984211396154960573132240479408846299625820902512538692507984603780825005204662185478010558340152330822555271731883

-0.99046797896204823650379238792419220665120065672471153710849262657352965980995184565064104685077398339883524275652232239461787500
0.86392446721236890476158182358579220103230061378234283904659572975511172108779166026896171704771544376046471708232039803045847606
0.00215859655902984211396154960573132240479408846299625820902512538692507984603780825005204662185478010558340152330822555271731883

-0.87345648825032066825778943566159999438109995705763130193810310318158206127783981461832067019694146036162947432579807563584060105
0.86392446721236890476158182358579220103230061378234283904659572975511172108779166026896171704771544376046471708232039803045847606
0.00215859655902984211396154960573132240479408846299625820902512538692507984603780825005204662185478010558340152330822555271731883

-0.87345648825032066825778943566159999438109995705763130193810310318158206127783981461832067019694146036162947432579807563584060105
-0.99046797896204823650379238792419220665120065672471153710849262657352965980995184565064104685077398339883524275652232239461787500
0.00215859655902984211396154960573132240479408846299625820902512538692507984603780825005204662185478010558340152330822555271731883

-0.99638338763204465151179982705223972002065590815222222860376666158817526635991190146235804157225571328118412845172978638841344896
-0.76989808140274228152566098402579574691293060120778717379070302230726472692466633880664085504741616951493894863835969010747068555
0.00141670086494987079050873416629144885781678087677013948527133647383080829887075451310229622805588788240469268981849417648525511

0.76628146903478693303746081107803546693358650936000940239446968389543999328457824026899889661967188279612307709008947649588413451
-0.76989808140274228152566098402579574691293060120778717379070302230726472692466633880664085504741616951493894863835969010747068555
0.00141670086494987079050873416629144885781678087677013948527133647383080829887075451310229622805588788240469268981849417648525511

0.76628146903478693303746081107803546693358650936000940239446968389543999328457824026899889661967188279612307709008947649588413451
-0.99638338763204465151179982705223972002065590815222222860376666158817526635991190146235804157225571328118412845172978638841344896
0.00141670086494987079050873416629144885781678087677013948527133647383080829887075451310229622805588788240469268981849417648525511

-0.99638338763204465151179982705223972002065590815222222860376666158817526635991190146235804157225571328118412845172978638841344896
0.76628146903478693303746081107803546693358650936000940239446968389543999328457824026899889661967188279612307709008947649588413451
0.00141670086494987079050873416629144885781678087677013948527133647383080829887075451310229622805588788240469268981849417648525511

-0.76989808140274228152566098402579574691293060120778717379070302230726472692466633880664085504741616951493894863835969010747068555
0.76628146903478693303746081107803546693358650936000940239446968389543999328457824026899889661967188279612307709008947649588413451
0.00141670086494987079050873416629144885781678087677013948527133647383080829887075451310229622805588788240469268981849417648525511

-0.76989808140274228152566098402579574691293060120778717379070302230726472692466633880664085504741616951493894863835969010747068555
-0.99638338763204465151179982705223972002065590815222222860376666158817526635991190146235804157225571328118412845172978638841344896
0.00141670086494987079050873416629144885781678087677013948527133647383080829887075451310229622805588788240469268981849417648525511

-0.98782255727181776101196130493169287518498638112136569694859195734798810858335350529279658546538457072474466474029901111039132808
-0.64785553085609309331819141618925907159938450680156376502028184956966446005758729603874328005180757963273322983609378562591590147
0.00419018621081211874751689891080453560088096606925163068809100012094071957944353975311553240974181862955923846021303281576966029

0.63567808812791085433015272112095194678437088792292946196887380691765256864094080133153986551719215035747789457639279673630722955
-0.64785553085609309331819141618925907159938450680156376502028184956966446005758729603874328005180757963273322983609378562591590147
0.00419018621081211874751689891080453560088096606925163068809100012094071957944353975311553240974181862955923846021303281576966029

0.63567808812791085433015272112095194678437088792292946196887380691765256864094080133153986551719215035747789457639279673630722955
-0.98782255727181776101196130493169287518498638112136569694859195734798810858335350529279658546538457072474466474029901111039132808
0.00419018621081211874751689891080453560088096606925163068809100012094071957944353975311553240974181862955923846021303281576966029

-0.98782255727181776101196130493169287518498638112136569694859195734798810858335350529279658546538457072474466474029901111039132808
0.63567808812791085433015272112095194678437088792292946196887380691765256864094080133153986551719215035747789457639279673630722955
0.00419018621081211874751689891080453560088096606925163068809100012094071957944353975311553240974181862955923846021303281576966029

-0.64785553085609309331819141618925907159938450680156376502028184956966446005758729603874328005180757963273322983609378562591590147
0.63567808812791085433015272112095194678437088792292946196887380691765256864094080133153986551719215035747789457639279673630722955
0.00419018621081211874751689891080453560088096606925163068809100012094071957944353975311553240974181862955923846021303281576966029

-0.64785553085609309331819141618925907159938450680156376502028184956966446005758729603874328005180757963273322983609378562591590147
-0.98782255727181776101196130493169287518498638112136569694859195734798810858335350529279658546538457072474466474029901111039132808
0.00419018621081211874751689891080453560088096606925163068809100012094071957944353975311553240974181862955923846021303281576966029

-0.99839995298794339751771593940351707975937948205234269621174628655610712691136463951490082368979939217625157452274436310638120086
-0.50106592783096767578175758231889684502074235868265191528337534661390365433118423207176955631962485584712569919935811753765277880
0.00160703968141855638638707762118890823645966926154214217617034572097242870178036258195346819291805000475152637259114749844233775

0.49946588081891107329947352172241392478012184073499461149512163317001078124254887158667038000942424802337727372210248064403397966
-0.50106592783096767578175758231889684502074235868265191528337534661390365433118423207176955631962485584712569919935811753765277880
0.00160703968141855638638707762118890823645966926154214217617034572097242870178036258195346819291805000475152637259114749844233775

0.49946588081891107329947352172241392478012184073499461149512163317001078124254887158667038000942424802337727372210248064403397966
-0.99839995298794339751771593940351707975937948205234269621174628655610712691136463951490082368979939217625157452274436310638120086
0.00160703968141855638638707762118890823645966926154214217617034572097242870178036258195346819291805000475152637259114749844233775

-0.99839995298794339751771593940351707975937948205234269621174628655610712691136463951490082368979939217625157452274436310638120086
0.49946588081891107329947352172241392478012184073499461149512163317001078124254887158667038000942424802337727372210248064403397966
0.00160703968141855638638707762118890823645966926154214217617034572097242870178036258195346819291805000475152637259114749844233775

-0.50106592783096767578175758231889684502074235868265191528337534661390365433118423207176955631962485584712569919935811753765277880
0.49946588081891107329947352172241392478012184073499461149512163317001078124254887158667038000942424802337727372210248064403397966
0.00160703968141855638638707762118890823645966926154214217617034572097242870178036258195346819291805000475152637259114749844233775

-0.50106592783096767578175758231889684502074235868265191528337534661390365433118423207176955631962485584712569919935811753765277880
-0.99839995298794339751771593940351707975937948205234269621174628655610712691136463951490082368979939217625157452274436310638120086
0.00160703968141855638638707762118890823645966926154214217617034572097242870178036258195346819291805000475152637259114749844233775

-0.98704004879238171181431415602797755042940317834189556214237495119130951107216209798580410315883742833627672433960552478945875178
-0.34495345143888253714734512949840744670077651737860274299915403568093419098673315866318424698621391797189894054444400385644018977
0.00544295240664445790237911791511312938109476607865794648493890989039263938028687877300836571258215038656558209362265396144718773

0.33199350023126424896165928552638499713017969572049830514152898687224370205889525664898835014505134630817566488404952864589894154
-0.34495345143888253714734512949840744670077651737860274299915403568093419098673315866318424698621391797189894054444400385644018977
0.00544295240664445790237911791511312938109476607865794648493890989039263938028687877300836571258215038656558209362265396144718773

0.33199350023126424896165928552638499713017969572049830514152898687224370205889525664898835014505134630817566488404952864589894154
-0.98704004879238171181431415602797755042940317834189556214237495119130951107216209798580410315883742833627672433960552478945875178
0.00544295240664445790237911791511312938109476607865794648493890989039263938028687877300836571258215038656558209362265396144718773

-0.98704004879238171181431415602797755042940317834189556214237495119130951107216209798580410315883742833627672433960552478945875178
0.33199350023126424896165928552638499713017969572049830514152898687224370205889525664898835014505134630817566488404952864589894154
0.00544295240664445790237911791511312938109476607865794648493890989039263938028687877300836571258215038656558209362265396144718773

-0.34495345143888253714734512949840744670077651737860274299915403568093419098673315866318424698621391797189894054444400385644018977
0.33199350023126424896165928552638499713017969572049830514152898687224370205889525664898835014505134630817566488404952864589894154
0.00544295240664445790237911791511312938109476607865794648493890989039263938028687877300836571258215038656558209362265396144718773

-0.34495345143888253714734512949840744670077651737860274299915403568093419098673315866318424698621391797189894054444400385644018977
-0.98704004879238171181431415602797755042940317834189556214237495119130951107216209798580410315883742833627672433960552478945875178
0.00544295240664445790237911791511312938109476607865794648493890989039263938028687877300836571258215038656558209362265396144718773

-0.99804169785210388483155488166124008522917100204487777166584833691222204581340933694981265368852591174599860502281652695788706269
-0.17336163541609803857478858496321855480067876000537550235347208161717131802383932348227124110306259924436163056900805189976188898
0.00192892009924415423989669501583764011462921954828760089726058688659548975343274856456130691516487835505339943213845466553224195

0.17140333326820192340634346662445864002984976205025327401932041852939336383724866043208389479158851099036023559182457885764895168
-0.17336163541609803857478858496321855480067876000537550235347208161717131802383932348227124110306259924436163056900805189976188898
0.00192892009924415423989669501583764011462921954828760089726058688659548975343274856456130691516487835505339943213845466553224195

0.17140333326820192340634346662445864002984976205025327401932041852939336383724866043208389479158851099036023559182457885764895168
-0.99804169785210388483155488166124008522917100204487777166584833691222204581340933694981265368852591174599860502281652695788706269
0.00192892009924415423989669501583764011462921954828760089726058688659548975343274856456130691516487835505339943213845466553224195

-0.99804169785210388483155488166124008522917100204487777166584833691222204581340933694981265368852591174599860502281652695788706269
0.17140333326820192340634346662445864002984976205025327401932041852939336383724866043208389479158851099036023559182457885764895168
0.00192892009924415423989669501583764011462921954828760089726058688659548975343274856456130691516487835505339943213845466553224195

-0.17336163541609803857478858496321855480067876000537550235347208161717131802383932348227124110306259924436163056900805189976188898
0.17140333326820192340634346662445864002984976205025327401932041852939336383724866043208389479158851099036023559182457885764895168
0.00192892009924415423989669501583764011462921954828760089726058688659548975343274856456130691516487835505339943213845466553224195

-0.17336163541609803857478858496321855480067876000537550235347208161717131802383932348227124110306259924436163056900805189976188898
-0.99804169785210388483155488166124008522917100204487777166584833691222204581340933694981265368852591174599860502281652695788706269
0.00192892009924415423989669501583764011462921954828760089726058688659548975343274856456130691516487835505339943213845466553224195

-0.95096208045191926912445505205854031459613417183770914993537260416136317544730763206178313754988074348936659861928743190392494743
-0.88258224287878636923575478082109181057300444308643670028332009706391891528762623112524830919022610815606574061345065393126113238
0.00452506417561498026555937186450437331815129592382472116559972931968285449449272576636705148683709937175500635918049396764856093

0.83354432333070563836020983287963212516913861492414585021869270122528209073493386318703144674010685164543233923273808583518607981
-0.88258224287878636923575478082109181057300444308643670028332009706391891528762623112524830919022610815606574061345065393126113238
0.00452506417561498026555937186450437331815129592382472116559972931968285449449272576636705148683709937175500635918049396764856093

0.83354432333070563836020983287963212516913861492414585021869270122528209073493386318703144674010685164543233923273808583518607981
-0.95096208045191926912445505205854031459613417183770914993537260416136317544730763206178313754988074348936659861928743190392494743
0.00452506417561498026555937186450437331815129592382472116559972931968285449449272576636705148683709937175500635918049396764856093

-0.95096208045191926912445505205854031459613417183770914993537260416136317544730763206178313754988074348936659861928743190392494743
0.83354432333070563836020983287963212516913861492414585021869270122528209073493386318703144674010685164543233923273808583518607981
0.00452506417561498026555937186450437331815129592382472116559972931968285449449272576636705148683709937175500635918049396764856093

-0.88258224287878636923575478082109181057300444308643670028332009706391891528762623112524830919022610815606574061345065393126113238
0.83354432333070563836020983287963212516913861492414585021869270122528209073493386318703144674010685164543233923273808583518607981
0.00452506417561498026555937186450437331815129592382472116559972931968285449449272576636705148683709937175500635918049396764856093

-0.88258224287878636923575478082109181057300444308643670028332009706391891528762623112524830919022610815606574061345065393126113238
-0.95096208045191926912445505205854031459613417183770914993537260416136317544730763206178313754988074348936659861928743190392494743
0.00452506417561498026555937186450437331815129592382472116559972931968285449449272576636705148683709937175500635918049396764856093

-0.96674195757500978035275011652730449025808609179301020418905236065542664198440518484234392266498390261484124862354477067659910442
-0.77896883679304933259194184980053438831640460613836012808299635000652273712001853021868096481978946617111557229965801993728574370
0.00540839593109751446360649765118710934714696021710890457930963177436503973425715413470706941025484544045166324757422910685758821

0.74571079436805911294469196632783887857449069793137033227204871066194937910442371506102488748477336878595682092320279061388484812
-0.77896883679304933259194184980053438831640460613836012808299635000652273712001853021868096481978946617111557229965801993728574370
0.00540839593109751446360649765118710934714696021710890457930963177436503973425715413470706941025484544045166324757422910685758821

0.74571079436805911294469196632783887857449069793137033227204871066194937910442371506102488748477336878595682092320279061388484812
-0.96674195757500978035275011652730449025808609179301020418905236065542664198440518484234392266498390261484124862354477067659910442
0.00540839593109751446360649765118710934714696021710890457930963177436503973425715413470706941025484544045166324757422910685758821

-0.96674195757500978035275011652730449025808609179301020418905236065542664198440518484234392266498390261484124862354477067659910442
0.74571079436805911294469196632783887857449069793137033227204871066194937910442371506102488748477336878595682092320279061388484812
0.00540839593109751446360649765118710934714696021710890457930963177436503973425715413470706941025484544045166324757422910685758821

-0.77896883679304933259194184980053438831640460613836012808299635000652273712001853021868096481978946617111557229965801993728574370
0.74571079436805911294469196632783887857449069793137033227204871066194937910442371506102488748477336878595682092320279061388484812
0.00540839593109751446360649765118710934714696021710890457930963177436503973425715413470706941025484544045166324757422910685758821

-0.77896883679304933259194184980053438831640460613836012808299635000652273712001853021868096481978946617111557229965801993728574370
-0.96674195757500978035275011652730449025808609179301020418905236065542664198440518484234392266498390261484124862354477067659910442
0.00540839593109751446360649765118710934714696021710890457930963177436503973425715413470706941025484544045166324757422910685758821

-0.93824228616154709181072272446298004857777739407368434379614846763402954555646743879603415191438470857643162642364280575763192181
-0.65951401404437937941604387034193018874540697242810375281039624872452690410487975245788982456414495658806014660351779134221450922
0.00905525346353834870272574407108158748707138761928596003940415261962519486826668659617223190911653971447606112064008981410049900

0.59775630020592647122676659480491023732318436650178809660654471635855644966134719125392397647852966516449177302716059709984643103
-0.65951401404437937941604387034193018874540697242810375281039624872452690410487975245788982456414495658806014660351779134221450922
0.00905525346353834870272574407108158748707138761928596003940415261962519486826668659617223190911653971447606112064008981410049900

0.59775630020592647122676659480491023732318436650178809660654471635855644966134719125392397647852966516449177302716059709984643103
-0.93824228616154709181072272446298004857777739407368434379614846763402954555646743879603415191438470857643162642364280575763192181
0.00905525346353834870272574407108158748707138761928596003940415261962519486826668659617223190911653971447606112064008981410049900

-0.93824228616154709181072272446298004857777739407368434379614846763402954555646743879603415191438470857643162642364280575763192181
0.59775630020592647122676659480491023732318436650178809660654471635855644966134719125392397647852966516449177302716059709984643103
0.00905525346353834870272574407108158748707138761928596003940415261962519486826668659617223190911653971447606112064008981410049900

-0.65951401404437937941604387034193018874540697242810375281039624872452690410487975245788982456414495658806014660351779134221450922
0.59775630020592647122676659480491023732318436650178809660654471635855644966134719125392397647852966516449177302716059709984643103
0.00905525346353834870272574407108158748707138761928596003940415261962519486826668659617223190911653971447606112064008981410049900

-0.65951401404437937941604387034193018874540697242810375281039624872452690410487975245788982456414495658806014660351779134221450922
-0.93824228616154709181072272446298004857777739407368434379614846763402954555646743879603415191438470857643162642364280575763192181
0.00905525346353834870272574407108158748707138761928596003940415261962519486826668659617223190911653971447606112064008981410049900

-0.96651101813458897848240600916912027184879023125994333897870821292973312749841389767973297423783957766526382357678644938091409387
-0.50866698783292313920088688321875729362799018192005628730790779121753431956966693589195789138544754586360736565811587735238685176
0.00797865538843991542750268198230590258185418362906140972850120253717501747998406740657862227187511807842502391550494919684489559

0.47517800596751211768329289238787756547678041317999962628661600414726744706808083357169086562328712352887118923490232673330094563
-0.50866698783292313920088688321875729362799018192005628730790779121753431956966693589195789138544754586360736565811587735238685176
0.00797865538843991542750268198230590258185418362906140972850120253717501747998406740657862227187511807842502391550494919684489559

0.47517800596751211768329289238787756547678041317999962628661600414726744706808083357169086562328712352887118923490232673330094563
-0.96651101813458897848240600916912027184879023125994333897870821292973312749841389767973297423783957766526382357678644938091409387
0.00797865538843991542750268198230590258185418362906140972850120253717501747998406740657862227187511807842502391550494919684489559

-0.96651101813458897848240600916912027184879023125994333897870821292973312749841389767973297423783957766526382357678644938091409387
0.47517800596751211768329289238787756547678041317999962628661600414726744706808083357169086562328712352887118923490232673330094563
0.00797865538843991542750268198230590258185418362906140972850120253717501747998406740657862227187511807842502391550494919684489559

-0.50866698783292313920088688321875729362799018192005628730790779121753431956966693589195789138544754586360736565811587735238685176
0.47517800596751211768329289238787756547678041317999962628661600414726744706808083357169086562328712352887118923490232673330094563
0.00797865538843991542750268198230590258185418362906140972850120253717501747998406740657862227187511807842502391550494919684489559

-0.50866698783292313920088688321875729362799018192005628730790779121753431956966693589195789138544754586360736565811587735238685176
-0.96651101813458897848240600916912027184879023125994333897870821292973312749841389767973297423783957766526382357678644938091409387
0.00797865538843991542750268198230590258185418362906140972850120253717501747998406740657862227187511807842502391550494919684489559

-0.93182819936152600468307619473170294957810615796085641736013307861448110040580292754173561832429690045979247011453417621116763569
-0.36481961925528119901159590308585685751324761473562553538925895926242545515154662835078813623750717403385251773258802337833046018
0.01231217783825331403692717521070273088536503782813375101897364476489869631480833223486919353387239716044654074618037777840575584

0.29664781861680720369467209781755980709135377269648195274939203787690655555734955589252375456180407449364498784712219958949809586
-0.36481961925528119901159590308585685751324761473562553538925895926242545515154662835078813623750717403385251773258802337833046018
0.01231217783825331403692717521070273088536503782813375101897364476489869631480833223486919353387239716044654074618037777840575584

0.29664781861680720369467209781755980709135377269648195274939203787690655555734955589252375456180407449364498784712219958949809586
-0.93182819936152600468307619473170294957810615796085641736013307861448110040580292754173561832429690045979247011453417621116763569
0.01231217783825331403692717521070273088536503782813375101897364476489869631480833223486919353387239716044654074618037777840575584

-0.93182819936152600468307619473170294957810615796085641736013307861448110040580292754173561832429690045979247011453417621116763569
0.29664781861680720369467209781755980709135377269648195274939203787690655555734955589252375456180407449364498784712219958949809586
0.01231217783825331403692717521070273088536503782813375101897364476489869631480833223486919353387239716044654074618037777840575584

-0.36481961925528119901159590308585685751324761473562553538925895926242545515154662835078813623750717403385251773258802337833046018
0.29664781861680720369467209781755980709135377269648195274939203787690655555734955589252375456180407449364498784712219958949809586
0.01231217783825331403692717521070273088536503782813375101897364476489869631480833223486919353387239716044654074618037777840575584

-0.36481961925528119901159590308585685751324761473562553538925895926242545515154662835078813623750717403385251773258802337833046018
-0.93182819936152600468307619473170294957810615796085641736013307861448110040580292754173561832429690045979247011453417621116763569
0.01231217783825331403692717521070273088536503782813375101897364476489869631480833223486919353387239716044654074618037777840575584

-0.96432813338384006774342949145429779143771888533862808090486671814371703159045210801684245226825257296820995286186649095145798095
-0.18725234962543801105421037259786715214567549385159416298943254274811710026249498130767006489371821997500734871408761407200321520
0.00946635980390537500138563963553657246747609979934784769790286029363155369557828408025132872066361874504543081769515895592064555

0.15158048300927807879763986405216494358339437919022224389429926089183413185294708932451251716197079294321730157595410502346119615
-0.18725234962543801105421037259786715214567549385159416298943254274811710026249498130767006489371821997500734871408761407200321520
0.00946635980390537500138563963553657246747609979934784769790286029363155369557828408025132872066361874504543081769515895592064555

0.15158048300927807879763986405216494358339437919022224389429926089183413185294708932451251716197079294321730157595410502346119615
-0.96432813338384006774342949145429779143771888533862808090486671814371703159045210801684245226825257296820995286186649095145798095
0.00946635980390537500138563963553657246747609979934784769790286029363155369557828408025132872066361874504543081769515895592064555

-0.96432813338384006774342949145429779143771888533862808090486671814371703159045210801684245226825257296820995286186649095145798095
0.15158048300927807879763986405216494358339437919022224389429926089183413185294708932451251716197079294321730157595410502346119615
0.00946635980390537500138563963553657246747609979934784769790286029363155369557828408025132872066361874504543081769515895592064555

-0.18725234962543801105421037259786715214567549385159416298943254274811710026249498130767006489371821997500734871408761407200321520
0.15158048300927807879763986405216494358339437919022224389429926089183413185294708932451251716197079294321730157595410502346119615
0.00946635980390537500138563963553657246747609979934784769790286029363155369557828408025132872066361874504543081769515895592064555

-0.18725234962543801105421037259786715214567549385159416298943254274811710026249498130767006489371821997500734871408761407200321520
-0.96432813338384006774342949145429779143771888533862808090486671814371703159045210801684245226825257296820995286186649095145798095
0.00946635980390537500138563963553657246747609979934784769790286029363155369557828408025132872066361874504543081769515895592064555

-0.89607447997229300962165580073124302519921279779854038730279443095170341459221340926776601456469622050772506493624325364210152044
-0.86776672897373851958497882277456678847603461563420001898268255043025492839057672749758090809613192024085049623807373666699475259
0.00380065907689516943027116001458102963448292622906724272680734693435259276961538584743196828046524990215915957235087060428211263

0.76384120894603152920663462350580981367524741343274040628547698138195834298279013676534692266082814074857556117431699030909627303
-0.86776672897373851958497882277456678847603461563420001898268255043025492839057672749758090809613192024085049623807373666699475259
0.00380065907689516943027116001458102963448292622906724272680734693435259276961538584743196828046524990215915957235087060428211263

0.76384120894603152920663462350580981367524741343274040628547698138195834298279013676534692266082814074857556117431699030909627303
-0.89607447997229300962165580073124302519921279779854038730279443095170341459221340926776601456469622050772506493624325364210152044
0.00380065907689516943027116001458102963448292622906724272680734693435259276961538584743196828046524990215915957235087060428211263

-0.89607447997229300962165580073124302519921279779854038730279443095170341459221340926776601456469622050772506493624325364210152044
0.76384120894603152920663462350580981367524741343274040628547698138195834298279013676534692266082814074857556117431699030909627303
0.00380065907689516943027116001458102963448292622906724272680734693435259276961538584743196828046524990215915957235087060428211263

-0.86776672897373851958497882277456678847603461563420001898268255043025492839057672749758090809613192024085049623807373666699475259
0.76384120894603152920663462350580981367524741343274040628547698138195834298279013676534692266082814074857556117431699030909627303
0.00380065907689516943027116001458102963448292622906724272680734693435259276961538584743196828046524990215915957235087060428211263

-0.86776672897373851958497882277456678847603461563420001898268255043025492839057672749758090809613192024085049623807373666699475259
-0.89607447997229300962165580073124302519921279779854038730279443095170341459221340926776601456469622050772506493624325364210152044
0.00380065907689516943027116001458102963448292622906724272680734693435259276961538584743196828046524990215915957235087060428211263

-0.90347797948349900238880404408499961391342270191995120409185962902124770938112595326691239680659333409468360282585063167218819734
-0.78333224271711617066181648197329090231032966322472133749364783242432332518925459342336199642192865726142413578730057277953047297
0.00816217732421226449811168280841213144925474428443452057184032872863780418646812119697477467006449678765595391892796610552502742

0.68681022220061517305062052605829051622375236514467254158550746144557103457038054669027439322852199135610773861315120445171867032
-0.78333224271711617066181648197329090231032966322472133749364783242432332518925459342336199642192865726142413578730057277953047297
0.00816217732421226449811168280841213144925474428443452057184032872863780418646812119697477467006449678765595391892796610552502742

0.68681022220061517305062052605829051622375236514467254158550746144557103457038054669027439322852199135610773861315120445171867032
-0.90347797948349900238880404408499961391342270191995120409185962902124770938112595326691239680659333409468360282585063167218819734
0.00816217732421226449811168280841213144925474428443452057184032872863780418646812119697477467006449678765595391892796610552502742

-0.90347797948349900238880404408499961391342270191995120409185962902124770938112595326691239680659333409468360282585063167218819734
0.68681022220061517305062052605829051622375236514467254158550746144557103457038054669027439322852199135610773861315120445171867032
0.00816217732421226449811168280841213144925474428443452057184032872863780418646812119697477467006449678765595391892796610552502742

-0.78333224271711617066181648197329090231032966322472133749364783242432332518925459342336199642192865726142413578730057277953047297
0.68681022220061517305062052605829051622375236514467254158550746144557103457038054669027439322852199135610773861315120445171867032
0.00816217732421226449811168280841213144925474428443452057184032872863780418646812119697477467006449678765595391892796610552502742

-0.78333224271711617066181648197329090231032966322472133749364783242432332518925459342336199642192865726142413578730057277953047297
-0.90347797948349900238880404408499961391342270191995120409185962902124770938112595326691239680659333409468360282585063167218819734
0.00816217732421226449811168280841213144925474428443452057184032872863780418646812119697477467006449678765595391892796610552502742

-0.89402887678956607688642597570992793812446725255623584631177983127934567874549354659324644241816882782339683306732339926469603832
-0.53439077044091283127304171122107947639808873330038826359875571877777758381746025316809206085026985050830033390393488085209284429
0.01338061227283688346975148880519280625161703323707404254272721015458902320803810683311699978809884652366712777658209063600785778

0.42841964723047890815946768693100741452255598585662410991053555005712326256295379976133850326843867833169716697125828011678888261
-0.53439077044091283127304171122107947639808873330038826359875571877777758381746025316809206085026985050830033390393488085209284429
0.01338061227283688346975148880519280625161703323707404254272721015458902320803810683311699978809884652366712777658209063600785778

0.42841964723047890815946768693100741452255598585662410991053555005712326256295379976133850326843867833169716697125828011678888261
-0.89402887678956607688642597570992793812446725255623584631177983127934567874549354659324644241816882782339683306732339926469603832
0.01338061227283688346975148880519280625161703323707404254272721015458902320803810683311699978809884652366712777658209063600785778

-0.89402887678956607688642597570992793812446725255623584631177983127934567874549354659324644241816882782339683306732339926469603832
0.42841964723047890815946768693100741452255598585662410991053555005712326256295379976133850326843867833169716697125828011678888261
0.01338061227283688346975148880519280625161703323707404254272721015458902320803810683311699978809884652366712777658209063600785778

-0.53439077044091283127304171122107947639808873330038826359875571877777758381746025316809206085026985050830033390393488085209284429
0.42841964723047890815946768693100741452255598585662410991053555005712326256295379976133850326843867833169716697125828011678888261
0.01338061227283688346975148880519280625161703323707404254272721015458902320803810683311699978809884652366712777658209063600785778

-0.53439077044091283127304171122107947639808873330038826359875571877777758381746025316809206085026985050830033390393488085209284429
-0.89402887678956607688642597570992793812446725255623584631177983127934567874549354659324644241816882782339683306732339926469603832
0.01338061227283688346975148880519280625161703323707404254272721015458902320803810683311699978809884652366712777658209063600785778

-0.88593394905945778989102168484822924228894020049075971820875037461847758734749035745214252407457826738009672229891767575476030063
-0.22201672839633571052933431603089191568582134864214377769209794994332217733398047588725843049522560368122543278762294594724780890
0.01633603170187480281422008561230366687801955347985175069952053184889255977358228753655309590527706996013910052771782622067348573

0.10795067745579350042035600087912115797476154913290349590084832456179976468147083333940095456980387106132215508654062170200810953
-0.22201672839633571052933431603089191568582134864214377769209794994332217733398047588725843049522560368122543278762294594724780890
0.01633603170187480281422008561230366687801955347985175069952053184889255977358228753655309590527706996013910052771782622067348573

0.10795067745579350042035600087912115797476154913290349590084832456179976468147083333940095456980387106132215508654062170200810953
-0.88593394905945778989102168484822924228894020049075971820875037461847758734749035745214252407457826738009672229891767575476030063
0.01633603170187480281422008561230366687801955347985175069952053184889255977358228753655309590527706996013910052771782622067348573

-0.88593394905945778989102168484822924228894020049075971820875037461847758734749035745214252407457826738009672229891767575476030063
0.10795067745579350042035600087912115797476154913290349590084832456179976468147083333940095456980387106132215508654062170200810953
0.01633603170187480281422008561230366687801955347985175069952053184889255977358228753655309590527706996013910052771782622067348573

-0.22201672839633571052933431603089191568582134864214377769209794994332217733398047588725843049522560368122543278762294594724780890
0.10795067745579350042035600087912115797476154913290349590084832456179976468147083333940095456980387106132215508654062170200810953
0.01633603170187480281422008561230366687801955347985175069952053184889255977358228753655309590527706996013910052771782622067348573

-0.22201672839633571052933431603089191568582134864214377769209794994332217733398047588725843049522560368122543278762294594724780890
-0.88593394905945778989102168484822924228894020049075971820875037461847758734749035745214252407457826738009672229891767575476030063
0.01633603170187480281422008561230366687801955347985175069952053184889255977358228753655309590527706996013910052771782622067348573

-0.85020852076882002400701795396182744699261183104640372493943590529288012009038314256295313728944381196509398714416560445285026642
-0.68255192567182719760828782988483221735317589323318059537586425396720698908167148700577459467211566257209322699606496510741682012
0.01317318964668815802628740307692298796989023473266861911842911944062807198636176632398103164526481119345535134541809539883332131

0.53276044644064722161530578384665966434578772427958432031530015926008710917205462956872773196155947453718721414023056956026708654
-0.68255192567182719760828782988483221735317589323318059537586425396720698908167148700577459467211566257209322699606496510741682012
0.01317318964668815802628740307692298796989023473266861911842911944062807198636176632398103164526481119345535134541809539883332131

0.53276044644064722161530578384665966434578772427958432031530015926008710917205462956872773196155947453718721414023056956026708654
-0.85020852076882002400701795396182744699261183104640372493943590529288012009038314256295313728944381196509398714416560445285026642
0.01317318964668815802628740307692298796989023473266861911842911944062807198636176632398103164526481119345535134541809539883332131

-0.85020852076882002400701795396182744699261183104640372493943590529288012009038314256295313728944381196509398714416560445285026642
0.53276044644064722161530578384665966434578772427958432031530015926008710917205462956872773196155947453718721414023056956026708654
0.01317318964668815802628740307692298796989023473266861911842911944062807198636176632398103164526481119345535134541809539883332131

-0.68255192567182719760828782988483221735317589323318059537586425396720698908167148700577459467211566257209322699606496510741682012
0.53276044644064722161530578384665966434578772427958432031530015926008710917205462956872773196155947453718721414023056956026708654
0.01317318964668815802628740307692298796989023473266861911842911944062807198636176632398103164526481119345535134541809539883332131

-0.68255192567182719760828782988483221735317589323318059537586425396720698908167148700577459467211566257209322699606496510741682012
-0.85020852076882002400701795396182744699261183104640372493943590529288012009038314256295313728944381196509398714416560445285026642
0.01317318964668815802628740307692298796989023473266861911842911944062807198636176632398103164526481119345535134541809539883332131

-0.83718681408818279193125720039919584640606883788198608544419548064336263771695626158706715888024386682134438174446781150123321481
-0.43428095438126431649833126733303384190922006277584331045757934571110551203031736468450498431957659467559402646570027278502980022
0.00648269239408556178705646920153757527084237651235569074878624624708178859624046386850074822448570416252210488746439010876804755

0.27146776846944710842958846773222968831528890065782939590177482635446814974727362627157214319982046149693840821016808428626301502
-0.43428095438126431649833126733303384190922006277584331045757934571110551203031736468450498431957659467559402646570027278502980022
0.00648269239408556178705646920153757527084237651235569074878624624708178859624046386850074822448570416252210488746439010876804755

0.27146776846944710842958846773222968831528890065782939590177482635446814974727362627157214319982046149693840821016808428626301502
-0.83718681408818279193125720039919584640606883788198608544419548064336263771695626158706715888024386682134438174446781150123321481
0.00648269239408556178705646920153757527084237651235569074878624624708178859624046386850074822448570416252210488746439010876804755

-0.83718681408818279193125720039919584640606883788198608544419548064336263771695626158706715888024386682134438174446781150123321481
0.27146776846944710842958846773222968831528890065782939590177482635446814974727362627157214319982046149693840821016808428626301502
0.00648269239408556178705646920153757527084237651235569074878624624708178859624046386850074822448570416252210488746439010876804755

-0.43428095438126431649833126733303384190922006277584331045757934571110551203031736468450498431957659467559402646570027278502980022
0.27146776846944710842958846773222968831528890065782939590177482635446814974727362627157214319982046149693840821016808428626301502
0.00648269239408556178705646920153757527084237651235569074878624624708178859624046386850074822448570416252210488746439010876804755

-0.43428095438126431649833126733303384190922006277584331045757934571110551203031736468450498431957659467559402646570027278502980022
-0.83718681408818279193125720039919584640606883788198608544419548064336263771695626158706715888024386682134438174446781150123321481
0.00648269239408556178705646920153757527084237651235569074878624624708178859624046386850074822448570416252210488746439010876804755

-0.83367961578121067546753070422326215576403104649323124559006623230765322867234305292219526218671858466370646133917981579559601174
-0.39340037260509895140315408607990116536934778793559289161173659061455666713654479581272767140004218850972212303185796375106053002
0.01245648187887910445717645862639556656822674847328463108302320649700926837838351321075047690748538749718829518762694154456120803

0.22707998838630962687068479030316332113337883442882413720180282292220989580888784873492293358676077317342858437103777954665654176
-0.39340037260509895140315408607990116536934778793559289161173659061455666713654479581272767140004218850972212303185796375106053002
0.01245648187887910445717645862639556656822674847328463108302320649700926837838351321075047690748538749718829518762694154456120803

0.22707998838630962687068479030316332113337883442882413720180282292220989580888784873492293358676077317342858437103777954665654176
-0.83367961578121067546753070422326215576403104649323124559006623230765322867234305292219526218671858466370646133917981579559601174
0.01245648187887910445717645862639556656822674847328463108302320649700926837838351321075047690748538749718829518762694154456120803

-0.83367961578121067546753070422326215576403104649323124559006623230765322867234305292219526218671858466370646133917981579559601174
0.22707998838630962687068479030316332113337883442882413720180282292220989580888784873492293358676077317342858437103777954665654176
0.01245648187887910445717645862639556656822674847328463108302320649700926837838351321075047690748538749718829518762694154456120803

-0.39340037260509895140315408607990116536934778793559289161173659061455666713654479581272767140004218850972212303185796375106053002
0.22707998838630962687068479030316332113337883442882413720180282292220989580888784873492293358676077317342858437103777954665654176
0.01245648187887910445717645862639556656822674847328463108302320649700926837838351321075047690748538749718829518762694154456120803

-0.39340037260509895140315408607990116536934778793559289161173659061455666713654479581272767140004218850972212303185796375106053002
-0.83367961578121067546753070422326215576403104649323124559006623230765322867234305292219526218671858466370646133917981579559601174
0.01245648187887910445717645862639556656822674847328463108302320649700926837838351321075047690748538749718829518762694154456120803

-0.77989768707276356338699392162692448852095659816379476904963547692910093752141536067477786638131848250729315688733622965473974549
-0.57838161065552392647581532943758356804852816046642435221618284030351429071281473949524205802882031148484678834881463796214567308
0.01801131184918248892618167545455674228354210689319584063368892011833891388104640034344657196045772081088453359568303086965251461

0.35827929772828748986280925106450805656948475863021912126581831723261522823423010017001992441013879399213994523615086761688541857
-0.57838161065552392647581532943758356804852816046642435221618284030351429071281473949524205802882031148484678834881463796214567308
0.01801131184918248892618167545455674228354210689319584063368892011833891388104640034344657196045772081088453359568303086965251461

0.35827929772828748986280925106450805656948475863021912126581831723261522823423010017001992441013879399213994523615086761688541857
-0.77989768707276356338699392162692448852095659816379476904963547692910093752141536067477786638131848250729315688733622965473974549
0.01801131184918248892618167545455674228354210689319584063368892011833891388104640034344657196045772081088453359568303086965251461

-0.77989768707276356338699392162692448852095659816379476904963547692910093752141536067477786638131848250729315688733622965473974549
0.35827929772828748986280925106450805656948475863021912126581831723261522823423010017001992441013879399213994523615086761688541857
0.01801131184918248892618167545455674228354210689319584063368892011833891388104640034344657196045772081088453359568303086965251461

-0.57838161065552392647581532943758356804852816046642435221618284030351429071281473949524205802882031148484678834881463796214567308
0.35827929772828748986280925106450805656948475863021912126581831723261522823423010017001992441013879399213994523615086761688541857
0.01801131184918248892618167545455674228354210689319584063368892011833891388104640034344657196045772081088453359568303086965251461

-0.57838161065552392647581532943758356804852816046642435221618284030351429071281473949524205802882031148484678834881463796214567308
-0.77989768707276356338699392162692448852095659816379476904963547692910093752141536067477786638131848250729315688733622965473974549
0.01801131184918248892618167545455674228354210689319584063368892011833891388104640034344657196045772081088453359568303086965251461

-0.70052115686200285405943918323734376005749408129268801323355422395205307773421890728193818744623415466810048307756584474781592679
-0.46539293571200628198331389817596758655516629747968221833371559444881691969936638228450954027851308899467607570505958178513149894
0.02272655871740335279241492688247414363564659766203934957346675041376456686903267824070788181140976909881893286636864303097639809

0.16591409257400913604275308141331134661266037877237023156726981840086999743358528956644772772474724366277655878262542653294742573
-0.46539293571200628198331389817596758655516629747968221833371559444881691969936638228450954027851308899467607570505958178513149894
0.02272655871740335279241492688247414363564659766203934957346675041376456686903267824070788181140976909881893286636864303097639809

0.16591409257400913604275308141331134661266037877237023156726981840086999743358528956644772772474724366277655878262542653294742573
-0.70052115686200285405943918323734376005749408129268801323355422395205307773421890728193818744623415466810048307756584474781592679
0.02272655871740335279241492688247414363564659766203934957346675041376456686903267824070788181140976909881893286636864303097639809

-0.70052115686200285405943918323734376005749408129268801323355422395205307773421890728193818744623415466810048307756584474781592679
0.16591409257400913604275308141331134661266037877237023156726981840086999743358528956644772772474724366277655878262542653294742573
0.02272655871740335279241492688247414363564659766203934957346675041376456686903267824070788181140976909881893286636864303097639809

-0.46539293571200628198331389817596758655516629747968221833371559444881691969936638228450954027851308899467607570505958178513149894
0.16591409257400913604275308141331134661266037877237023156726981840086999743358528956644772772474724366277655878262542653294742573
0.02272655871740335279241492688247414363564659766203934957346675041376456686903267824070788181140976909881893286636864303097639809

-0.46539293571200628198331389817596758655516629747968221833371559444881691969936638228450954027851308899467607570505958178513149894
-0.70052115686200285405943918323734376005749408129268801323355422395205307773421890728193818744623415466810048307756584474781592679
0.02272655871740335279241492688247414363564659766203934957346675041376456686903267824070788181140976909881893286636864303097639809

-0.76565980949700409027024344617870485536307414589068094603823744992110924127583130305241149012031076649412471067235112568689502730
-0.27882769364438411570788854672731766378069280998739020894823942349200146886338633577903384286491950865756937742167431533764558293
0.02201311046081625633707120117589093026034533025597220337927984402647898497956724290887802660304904616681900916114377338303802759

0.04448750314138820597813199290602251914376695587807115498647687341311071013921763883144533298523027515169408809402544102454061023
-0.27882769364438411570788854672731766378069280998739020894823942349200146886338633577903384286491950865756937742167431533764558293
0.02201311046081625633707120117589093026034533025597220337927984402647898497956724290887802660304904616681900916114377338303802759

0.04448750314138820597813199290602251914376695587807115498647687341311071013921763883144533298523027515169408809402544102454061023
-0.76565980949700409027024344617870485536307414589068094603823744992110924127583130305241149012031076649412471067235112568689502730
0.02201311046081625633707120117589093026034533025597220337927984402647898497956724290887802660304904616681900916114377338303802759

-0.76565980949700409027024344617870485536307414589068094603823744992110924127583130305241149012031076649412471067235112568689502730
0.04448750314138820597813199290602251914376695587807115498647687341311071013921763883144533298523027515169408809402544102454061023
0.02201311046081625633707120117589093026034533025597220337927984402647898497956724290887802660304904616681900916114377338303802759

-0.27882769364438411570788854672731766378069280998739020894823942349200146886338633577903384286491950865756937742167431533764558293
0.04448750314138820597813199290602251914376695587807115498647687341311071013921763883144533298523027515169408809402544102454061023
0.02201311046081625633707120117589093026034533025597220337927984402647898497956724290887802660304904616681900916114377338303802759

-0.27882769364438411570788854672731766378069280998739020894823942349200146886338633577903384286491950865756937742167431533764558293
-0.76565980949700409027024344617870485536307414589068094603823744992110924127583130305241149012031076649412471067235112568689502730
0.02201311046081625633707120117589093026034533025597220337927984402647898497956724290887802660304904616681900916114377338303802759

-0.61258241244526392057864583241578901824773310180282230853294152792665569131078197018510394989734897826422109136874757398252587944
-0.35170959171619011817180105824908419863671958926826275165776478575372785891022903548099020171007219940937567906980609006933616696
0.02609811021987732068499574046748146384117887358160470908719898941363662773372330929802961709948539507489590649949214597675936696

-0.03570799583854596124955310933512678311554730892891493980929368631961644977898899433390584839257882232640322956144633594813795360
-0.35170959171619011817180105824908419863671958926826275165776478575372785891022903548099020171007219940937567906980609006933616696
0.02609811021987732068499574046748146384117887358160470908719898941363662773372330929802961709948539507489590649949214597675936696

-0.03570799583854596124955310933512678311554730892891493980929368631961644977898899433390584839257882232640322956144633594813795360
-0.61258241244526392057864583241578901824773310180282230853294152792665569131078197018510394989734897826422109136874757398252587944
0.02609811021987732068499574046748146384117887358160470908719898941363662773372330929802961709948539507489590649949214597675936696

-0.61258241244526392057864583241578901824773310180282230853294152792665569131078197018510394989734897826422109136874757398252587944
-0.03570799583854596124955310933512678311554730892891493980929368631961644977898899433390584839257882232640322956144633594813795360
0.02609811021987732068499574046748146384117887358160470908719898941363662773372330929802961709948539507489590649949214597675936696

-0.35170959171619011817180105824908419863671958926826275165776478575372785891022903548099020171007219940937567906980609006933616696
-0.03570799583854596124955310933512678311554730892891493980929368631961644977898899433390584839257882232640322956144633594813795360
0.02609811021987732068499574046748146384117887358160470908719898941363662773372330929802961709948539507489590649949214597675936696

-0.35170959171619011817180105824908419863671958926826275165776478575372785891022903548099020171007219940937567906980609006933616696
-0.61258241244526392057864583241578901824773310180282230853294152792665569131078197018510394989734897826422109136874757398252587944
0.02609811021987732068499574046748146384117887358160470908719898941363662773372330929802961709948539507489590649949214597675936696

-0.33333333333333333333333333333333333333333333333333333333333333333333333333333333333333333333333333333333333333333333333333333333
-0.33333333333333333333333333333333333333333333333333333333333333333333333333333333333333333333333333333333333333333333333333333333
0.02903027362079717619773344714636848602685149642023571540607471032769255130076107737380543856968021933176100998643559548656457699

