centroid    numS21      numS111     
true (1)    4 (3)       2 (6)       

-0.98443936109657014239995999768003251670877048529314011848087804818665630538168958433725361409296592152104383925749050671029563421
0.96887872219314028479991999536006503341754097058628023696175609637331261076337916867450722818593184304208767851498101342059126842
0.00646379563705903942415091280246064875094390868473010631052284128828214773500251630245383433595712182182441956550105999954145190

-0.98443936109657014239995999768003251670877048529314011848087804818665630538168958433725361409296592152104383925749050671029563421
-0.98443936109657014239995999768003251670877048529314011848087804818665630538168958433725361409296592152104383925749050671029563421
0.00646379563705903942415091280246064875094390868473010631052284128828214773500251630245383433595712182182441956550105999954145190

0.96887872219314028479991999536006503341754097058628023696175609637331261076337916867450722818593184304208767851498101342059126842
-0.98443936109657014239995999768003251670877048529314011848087804818665630538168958433725361409296592152104383925749050671029563421
0.00646379563705903942415091280246064875094390868473010631052284128828214773500251630245383433595712182182441956550105999954145190

-0.63570845102810054977466807987747429615704459558390525207736184996760717770521435186009013720185295299796726870292358232893581517
0.27141690205620109954933615975494859231408919116781050415472369993521435541042870372018027440370590599593453740584716465787163035
0.15661519918387551843913602962281551585920574904131943874934190399644357497917692198983285840142396426700790092775257110260470503

-0.63570845102810054977466807987747429615704459558390525207736184996760717770521435186009013720185295299796726870292358232893581517
-0.63570845102810054977466807987747429615704459558390525207736184996760717770521435186009013720185295299796726870292358232893581517
0.15661519918387551843913602962281551585920574904131943874934190399644357497917692198983285840142396426700790092775257110260470503

0.27141690205620109954933615975494859231408919116781050415472369993521435541042870372018027440370590599593453740584716465787163035
-0.63570845102810054977466807987747429615704459558390525207736184996760717770521435186009013720185295299796726870292358232893581517
0.15661519918387551843913602962281551585920574904131943874934190399644357497917692198983285840142396426700790092775257110260470503

-0.02191574290716612313363591368537310988008958443680441673948827535099491673666233524441935307692682832146160035300734904753973133
-0.95616851418566775373272817262925378023982083112639116652102344929801016652667532951116129384614634335707679929398530190492053734
0.04127273763453825893524241688433420478856015970296167312251165358622554607955906001616365192187092049177208073129701621161105538

-0.02191574290716612313363591368537310988008958443680441673948827535099491673666233524441935307692682832146160035300734904753973133
-0.02191574290716612313363591368537310988008958443680441673948827535099491673666233524441935307692682832146160035300734904753973133
0.04127273763453825893524241688433420478856015970296167312251165358622554607955906001616365192187092049177208073129701621161105538

-0.95616851418566775373272817262925378023982083112639116652102344929801016652667532951116129384614634335707679929398530190492053734
-0.02191574290716612313363591368537310988008958443680441673948827535099491673666233524441935307692682832146160035300734904753973133
0.04127273763453825893524241688433420478856015970296167312251165358622554607955906001616365192187092049177208073129701621161105538

-0.14778699633357905816453229000039147192198643959147849314892423875924624554044331824649676674748724508580450331078212666693684531
-0.70442600733284188367093541999921705615602712081704301370215152248150750891911336350700646650502550982839099337843574666612630938
0.15661414490043391343368984116904538353619009719534160395831806949987388448468989377231887725836038534529042713163076610495604032

-0.14778699633357905816453229000039147192198643959147849314892423875924624554044331824649676674748724508580450331078212666693684531
-0.14778699633357905816453229000039147192198643959147849314892423875924624554044331824649676674748724508580450331078212666693684531
0.15661414490043391343368984116904538353619009719534160395831806949987388448468989377231887725836038534529042713163076610495604032

-0.70442600733284188367093541999921705615602712081704301370215152248150750891911336350700646650502550982839099337843574666612630938
-0.14778699633357905816453229000039147192198643959147849314892423875924624554044331824649676674748724508580450331078212666693684531
0.15661414490043391343368984116904538353619009719534160395831806949987388448468989377231887725836038534529042713163076610495604032

-0.93508066014503078624006914361382988763229438238161829646020876423329555220169392988226014171671581555278960424614192790601148742
-0.76573502061912702390855388365353133352092400328654786436887490471745164438586114367386883226371176644960270869607446685282604789
0.05192748859805602960736715529100931777937634097785968175608540739265517892104262534555533979113645206755316484049285088785241571

0.70081568076415781014862302726736122115321838566816616082908366895074719658755507355612897398042758200239231294221639475883753530
-0.76573502061912702390855388365353133352092400328654786436887490471745164438586114367386883226371176644960270869607446685282604789
0.05192748859805602960736715529100931777937634097785968175608540739265517892104262534555533979113645206755316484049285088785241571

0.70081568076415781014862302726736122115321838566816616082908366895074719658755507355612897398042758200239231294221639475883753530
-0.93508066014503078624006914361382988763229438238161829646020876423329555220169392988226014171671581555278960424614192790601148742
0.05192748859805602960736715529100931777937634097785968175608540739265517892104262534555533979113645206755316484049285088785241571

-0.93508066014503078624006914361382988763229438238161829646020876423329555220169392988226014171671581555278960424614192790601148742
0.70081568076415781014862302726736122115321838566816616082908366895074719658755507355612897398042758200239231294221639475883753530
0.05192748859805602960736715529100931777937634097785968175608540739265517892104262534555533979113645206755316484049285088785241571

-0.76573502061912702390855388365353133352092400328654786436887490471745164438586114367386883226371176644960270869607446685282604789
0.70081568076415781014862302726736122115321838566816616082908366895074719658755507355612897398042758200239231294221639475883753530
0.05192748859805602960736715529100931777937634097785968175608540739265517892104262534555533979113645206755316484049285088785241571

-0.76573502061912702390855388365353133352092400328654786436887490471745164438586114367386883226371176644960270869607446685282604789
-0.93508066014503078624006914361382988763229438238161829646020876423329555220169392988226014171671581555278960424614192790601148742
0.05192748859805602960736715529100931777937634097785968175608540739265517892104262534555533979113645206755316484049285088785241571

-0.92455422908811869289819810650235064656083220303763691637264143196282841945527758076652180170617961511425821892432336983220303381
-0.39911943158505882948304065369318405823504854909092976146273667937386259322543283613889537223244572883187213314099337218727996086
0.07487088856074656492571711977434055169266468729958934257988655618177545889904046493594904778699075523943746195257698085517107095

0.32367366067317752238123876019553470479588075212856667783537811133669101268071041690541717393862534394613035206531674201948299468
-0.39911943158505882948304065369318405823504854909092976146273667937386259322543283613889537223244572883187213314099337218727996086
0.07487088856074656492571711977434055169266468729958934257988655618177545889904046493594904778699075523943746195257698085517107095

0.32367366067317752238123876019553470479588075212856667783537811133669101268071041690541717393862534394613035206531674201948299468
-0.92455422908811869289819810650235064656083220303763691637264143196282841945527758076652180170617961511425821892432336983220303381
0.07487088856074656492571711977434055169266468729958934257988655618177545889904046493594904778699075523943746195257698085517107095

-0.92455422908811869289819810650235064656083220303763691637264143196282841945527758076652180170617961511425821892432336983220303381
0.32367366067317752238123876019553470479588075212856667783537811133669101268071041690541717393862534394613035206531674201948299468
0.07487088856074656492571711977434055169266468729958934257988655618177545889904046493594904778699075523943746195257698085517107095

-0.39911943158505882948304065369318405823504854909092976146273667937386259322543283613889537223244572883187213314099337218727996086
0.32367366067317752238123876019553470479588075212856667783537811133669101268071041690541717393862534394613035206531674201948299468
0.07487088856074656492571711977434055169266468729958934257988655618177545889904046493594904778699075523943746195257698085517107095

-0.39911943158505882948304065369318405823504854909092976146273667937386259322543283613889537223244572883187213314099337218727996086
-0.92455422908811869289819810650235064656083220303763691637264143196282841945527758076652180170617961511425821892432336983220303381
0.07487088856074656492571711977434055169266468729958934257988655618177545889904046493594904778699075523943746195257698085517107095

-0.33333333333333333333333333333333333333333333333333333333333333333333333333333333333333333333333333333333333333333333333333333333
-0.33333333333333333333333333333333333333333333333333333333333333333333333333333333333333333333333333333333333333333333333333333333
0.15631210497946424210483674817193352436305408646224738756208481344094071324421628206866600877839958038037175417303676928571932217

