centroid    numS21      numS111     
true (1)    4 (3)       1 (6)       

-0.91054097321109458026978682006744727000185887457805562431108777318135147188410466747332382826943269921260310514681806617874200658
0.82108194642218916053957364013489454000371774915611124862217554636270294376820933494664765653886539842520621029363613235748401315
0.05115535131739606252335759711799964795493456700228074123327339099314605155901792432960240151261329483381230978114919049045125489

-0.91054097321109458026978682006744727000185887457805562431108777318135147188410466747332382826943269921260310514681806617874200658
-0.91054097321109458026978682006744727000185887457805562431108777318135147188410466747332382826943269921260310514681806617874200658
0.05115535131739606252335759711799964795493456700228074123327339099314605155901792432960240151261329483381230978114919049045125489

0.82108194642218916053957364013489454000371774915611124862217554636270294376820933494664765653886539842520621029363613235748401315
-0.91054097321109458026978682006744727000185887457805562431108777318135147188410466747332382826943269921260310514681806617874200658
0.05115535131739606252335759711799964795493456700228074123327339099314605155901792432960240151261329483381230978114919049045125489

-0.62359292876193453951807743906532886377516546898586237824556783046137770812237512289653684853497921523480331761936724872947478071
0.24718585752386907903615487813065772755033093797172475649113566092275541624475024579307369706995843046960663523873449745894956143
0.15929547785442050606578354852809054650064078999323216915196714447349759787935571658401002012486554859395719252916282102307562995

-0.62359292876193453951807743906532886377516546898586237824556783046137770812237512289653684853497921523480331761936724872947478071
-0.62359292876193453951807743906532886377516546898586237824556783046137770812237512289653684853497921523480331761936724872947478071
0.15929547785442050606578354852809054650064078999323216915196714447349759787935571658401002012486554859395719252916282102307562995

0.24718585752386907903615487813065772755033093797172475649113566092275541624475024579307369706995843046960663523873449745894956143
-0.62359292876193453951807743906532886377516546898586237824556783046137770812237512289653684853497921523480331761936724872947478071
0.15929547785442050606578354852809054650064078999323216915196714447349759787935571658401002012486554859395719252916282102307562995

-0.02063496160252474443258615032761440126211617458419796204030175610616276267172282682560474522236671202950023442389788846318178795
-0.95873007679495051113482769934477119747576765083160407591939648778767447465655434634879050955526657594099953115220422307363642409
0.06266940045427814107370966257441863098570870508032755273862399273597201557268377727188288292654367086231440133139454127552029431

-0.02063496160252474443258615032761440126211617458419796204030175610616276267172282682560474522236671202950023442389788846318178795
-0.02063496160252474443258615032761440126211617458419796204030175610616276267172282682560474522236671202950023442389788846318178795
0.06266940045427814107370966257441863098570870508032755273862399273597201557268377727188288292654367086231440133139454127552029431

-0.95873007679495051113482769934477119747576765083160407591939648778767447465655434634879050955526657594099953115220422307363642409
-0.02063496160252474443258615032761440126211617458419796204030175610616276267172282682560474522236671202950023442389788846318178795
0.06266940045427814107370966257441863098570870508032755273862399273597201557268377727188288292654367086231440133139454127552029431

-0.12582081701412672546013927112929005464144916244156462508363232084078864700238706339421516765381105411277393249050647721828201444
-0.74835836597174654907972145774141989071710167511687074983273535831842270599522587321156966469237789177445213501898704556343597113
0.15565508200954855863347871259880791224280056078429260109083233955547658287710883732769898414047027183535528302196990680577976262

-0.12582081701412672546013927112929005464144916244156462508363232084078864700238706339421516765381105411277393249050647721828201444
-0.12582081701412672546013927112929005464144916244156462508363232084078864700238706339421516765381105411277393249050647721828201444
0.15565508200954855863347871259880791224280056078429260109083233955547658287710883732769898414047027183535528302196990680577976262

-0.74835836597174654907972145774141989071710167511687074983273535831842270599522587321156966469237789177445213501898704556343597113
-0.12582081701412672546013927112929005464144916244156462508363232084078864700238706339421516765381105411277393249050647721828201444
0.15565508200954855863347871259880791224280056078429260109083233955547658287710883732769898414047027183535528302196990680577976262

-0.92632317589052743273036480243322979537768110740567773170239392591899790894215203825264812525937375999138686020737324027221870273
-0.55607402167846860864979494461361785949398139278123361025391701990741033491857538360338994252042821120072730450997271808487298075
0.08656707875457875457875457875457875457875457875457875457875457875457875457875457875457875457875457875457875457875457875457875458

0.48239719756899604138015974704684765487166250018691134195631094582640824386072742185603806777980197119211416471734595835709168348
-0.55607402167846860864979494461361785949398139278123361025391701990741033491857538360338994252042821120072730450997271808487298075
0.08656707875457875457875457875457875457875457875457875457875457875457875457875457875457875457875457875457875457875457875457875458

0.48239719756899604138015974704684765487166250018691134195631094582640824386072742185603806777980197119211416471734595835709168348
-0.92632317589052743273036480243322979537768110740567773170239392591899790894215203825264812525937375999138686020737324027221870273
0.08656707875457875457875457875457875457875457875457875457875457875457875457875457875457875457875457875457875457875457875457875458

-0.92632317589052743273036480243322979537768110740567773170239392591899790894215203825264812525937375999138686020737324027221870273
0.48239719756899604138015974704684765487166250018691134195631094582640824386072742185603806777980197119211416471734595835709168348
0.08656707875457875457875457875457875457875457875457875457875457875457875457875457875457875457875457875457875457875457875457875458

-0.55607402167846860864979494461361785949398139278123361025391701990741033491857538360338994252042821120072730450997271808487298075
0.48239719756899604138015974704684765487166250018691134195631094582640824386072742185603806777980197119211416471734595835709168348
0.08656707875457875457875457875457875457875457875457875457875457875457875457875457875457875457875457875457875457875457875457875458

-0.55607402167846860864979494461361785949398139278123361025391701990741033491857538360338994252042821120072730450997271808487298075
-0.92632317589052743273036480243322979537768110740567773170239392591899790894215203825264812525937375999138686020737324027221870273
0.08656707875457875457875457875457875457875457875457875457875457875457875457875457875457875457875457875457875457875457875457875458

-0.33333333333333333333333333333333333333333333333333333333333333333333333333333333333333333333333333333333333333333333333333333333
-0.33333333333333333333333333333333333333333333333333333333333333333333333333333333333333333333333333333333333333333333333333333333
0.19427159256559766763848396501457725947521865889212827988338192419825072886297376093294460641399416909620991253644314868804664723

