centroid    numS21      numS111     
true (1)    6 (3)       6 (6)       

-0.96705473845390044906521245137225273527751266873058557447447724040791391393064285830416542509637739142072684037197735693567492335
0.93410947690780089813042490274450547055502533746117114894895448081582782786128571660833085019275478284145368074395471387134984669
0.00718503552459473520644619285679580716665721195777454449492660056101019834183001644487344175343831033716322271409155764756005077

-0.96705473845390044906521245137225273527751266873058557447447724040791391393064285830416542509637739142072684037197735693567492335
-0.96705473845390044906521245137225273527751266873058557447447724040791391393064285830416542509637739142072684037197735693567492335
0.00718503552459473520644619285679580716665721195777454449492660056101019834183001644487344175343831033716322271409155764756005077

0.93410947690780089813042490274450547055502533746117114894895448081582782786128571660833085019275478284145368074395471387134984669
-0.96705473845390044906521245137225273527751266873058557447447724040791391393064285830416542509637739142072684037197735693567492335
0.00718503552459473520644619285679580716665721195777454449492660056101019834183001644487344175343831033716322271409155764756005077

-0.88299690106822287740015068651062375410068768951855015403533818089676030261457880058468772150336519032629784133483780877008192889
0.76599380213644575480030137302124750820137537903710030807067636179352060522915760116937544300673038065259568266967561754016385779
0.02037697405682408545562651685850829020986700445053589294755309658978316040098978609522651972923140268197795075655104208067357536

-0.88299690106822287740015068651062375410068768951855015403533818089676030261457880058468772150336519032629784133483780877008192889
-0.88299690106822287740015068651062375410068768951855015403533818089676030261457880058468772150336519032629784133483780877008192889
0.02037697405682408545562651685850829020986700445053589294755309658978316040098978609522651972923140268197795075655104208067357536

0.76599380213644575480030137302124750820137537903710030807067636179352060522915760116937544300673038065259568266967561754016385779
-0.88299690106822287740015068651062375410068768951855015403533818089676030261457880058468772150336519032629784133483780877008192889
0.02037697405682408545562651685850829020986700445053589294755309658978316040098978609522651972923140268197795075655104208067357536

-0.68041215730956462511195443130039263408998388077298246926939154162087008940180535724864657202836033335578095243888968509303626355
0.36082431461912925022390886260078526817996776154596493853878308324174017880361071449729314405672066671156190487777937018607252710
0.05911040327556216677063947698444747119062336798674201928915803747201540171955872651870720162270594935624134840589103031226166409

-0.68041215730956462511195443130039263408998388077298246926939154162087008940180535724864657202836033335578095243888968509303626355
-0.68041215730956462511195443130039263408998388077298246926939154162087008940180535724864657202836033335578095243888968509303626355
0.05911040327556216677063947698444747119062336798674201928915803747201540171955872651870720162270594935624134840589103031226166409

0.36082431461912925022390886260078526817996776154596493853878308324174017880361071449729314405672066671156190487777937018607252710
-0.68041215730956462511195443130039263408998388077298246926939154162087008940180535724864657202836033335578095243888968509303626355
0.05911040327556216677063947698444747119062336798674201928915803747201540171955872651870720162270594935624134840589103031226166409

-0.01593963325371485847705781552549944333284442472026670729954491454610288290896093020726393175022375447490058812856698519452375282
-0.96812073349257028304588436894900111333431115055946658540091017090779423418207813958547213649955249105019882374286602961095249435
0.01966039415781396800750490884008290175666732420193828557448600505046420874942845911947272304433551052141925926244039734158299176

-0.01593963325371485847705781552549944333284442472026670729954491454610288290896093020726393175022375447490058812856698519452375282
-0.01593963325371485847705781552549944333284442472026670729954491454610288290896093020726393175022375447490058812856698519452375282
0.01966039415781396800750490884008290175666732420193828557448600505046420874942845911947272304433551052141925926244039734158299176

-0.96812073349257028304588436894900111333431115055946658540091017090779423418207813958547213649955249105019882374286602961095249435
-0.01593963325371485847705781552549944333284442472026670729954491454610288290896093020726393175022375447490058812856698519452375282
0.01966039415781396800750490884008290175666732420193828557448600505046420874942845911947272304433551052141925926244039734158299176

-0.08384203643252811827313916827794677142261582794695800750968699272020748450026513140318135404279260338832097857315137238659314483
-0.83231592713494376345372166344410645715476834410608398498062601455958503099946973719363729191441479322335804285369725522681371034
0.06427667561989792994357744614514908363191446536541766944252433125272238826266588482103044745042134755713473867547845981560117137

-0.08384203643252811827313916827794677142261582794695800750968699272020748450026513140318135404279260338832097857315137238659314483
-0.08384203643252811827313916827794677142261582794695800750968699272020748450026513140318135404279260338832097857315137238659314483
0.06427667561989792994357744614514908363191446536541766944252433125272238826266588482103044745042134755713473867547845981560117137

-0.83231592713494376345372166344410645715476834410608398498062601455958503099946973719363729191441479322335804285369725522681371034
-0.08384203643252811827313916827794677142261582794695800750968699272020748450026513140318135404279260338832097857315137238659314483
0.06427667561989792994357744614514908363191446536541766944252433125272238826266588482103044745042134755713473867547845981560117137

-0.20122280285227075870500489627377760424033039692053375993304118991707939595259855511567042115252969844318355966293143542839110579
-0.59755439429545848258999020745244479151933920615893248013391762016584120809480288976865915769494060311363288067413712914321778842
0.04922153364903610804451308403019920321886878432379859603378043583642803314091422205088184564850658339304650424194686925974692764

-0.20122280285227075870500489627377760424033039692053375993304118991707939595259855511567042115252969844318355966293143542839110579
-0.20122280285227075870500489627377760424033039692053375993304118991707939595259855511567042115252969844318355966293143542839110579
0.04922153364903610804451308403019920321886878432379859603378043583642803314091422205088184564850658339304650424194686925974692764

-0.59755439429545848258999020745244479151933920615893248013391762016584120809480288976865915769494060311363288067413712914321778842
-0.20122280285227075870500489627377760424033039692053375993304118991707939595259855511567042115252969844318355966293143542839110579
0.04922153364903610804451308403019920321886878432379859603378043583642803314091422205088184564850658339304650424194686925974692764

-0.98292529177053346802167091621607261136306112004861864486054907559868321379475125654825004648319676335154112219797523068766286582
-0.81397119932862416786885121510215247230815481370981856179502842955341073866574119970820819213052607610818901368348508798434205742
0.01049997567519203267903261871417325963897399999648351654423914322322483714656532045222462193572933768181838388495972518940564160

0.79689649109915763589052213131822508367121593375843720665557750515209395246049245625645823861372283945973013588146031867200492323
-0.81397119932862416786885121510215247230815481370981856179502842955341073866574119970820819213052607610818901368348508798434205742
0.01049997567519203267903261871417325963897399999648351654423914322322483714656532045222462193572933768181838388495972518940564160

0.79689649109915763589052213131822508367121593375843720665557750515209395246049245625645823861372283945973013588146031867200492323
-0.98292529177053346802167091621607261136306112004861864486054907559868321379475125654825004648319676335154112219797523068766286582
0.01049997567519203267903261871417325963897399999648351654423914322322483714656532045222462193572933768181838388495972518940564160

-0.98292529177053346802167091621607261136306112004861864486054907559868321379475125654825004648319676335154112219797523068766286582
0.79689649109915763589052213131822508367121593375843720665557750515209395246049245625645823861372283945973013588146031867200492323
0.01049997567519203267903261871417325963897399999648351654423914322322483714656532045222462193572933768181838388495972518940564160

-0.81397119932862416786885121510215247230815481370981856179502842955341073866574119970820819213052607610818901368348508798434205742
0.79689649109915763589052213131822508367121593375843720665557750515209395246049245625645823861372283945973013588146031867200492323
0.01049997567519203267903261871417325963897399999648351654423914322322483714656532045222462193572933768181838388495972518940564160

-0.81397119932862416786885121510215247230815481370981856179502842955341073866574119970820819213052607610818901368348508798434205742
-0.98292529177053346802167091621607261136306112004861864486054907559868321379475125654825004648319676335154112219797523068766286582
0.01049997567519203267903261871417325963897399999648351654423914322322483714656532045222462193572933768181838388495972518940564160

-0.97417643527494830645544953042346402035236223918954166448520706713629851370474432904829175026737310034764134276323791121459939653
-0.55755912079843039259628672410736607465638318419125981728304441279164955987464485949506350975340462776912364008802871620743202672
0.01869432881671401258477507529215352374332197251253097741256776859411058364424266210962439488050311251611027096384802611495459949

0.53173555607337869905173625453083009500874542338080148176825147992794807357938918854335526002077772811676498285126662742203142325
-0.55755912079843039259628672410736607465638318419125981728304441279164955987464485949506350975340462776912364008802871620743202672
0.01869432881671401258477507529215352374332197251253097741256776859411058364424266210962439488050311251611027096384802611495459949

0.53173555607337869905173625453083009500874542338080148176825147992794807357938918854335526002077772811676498285126662742203142325
-0.97417643527494830645544953042346402035236223918954166448520706713629851370474432904829175026737310034764134276323791121459939653
0.01869432881671401258477507529215352374332197251253097741256776859411058364424266210962439488050311251611027096384802611495459949

-0.97417643527494830645544953042346402035236223918954166448520706713629851370474432904829175026737310034764134276323791121459939653
0.53173555607337869905173625453083009500874542338080148176825147992794807357938918854335526002077772811676498285126662742203142325
0.01869432881671401258477507529215352374332197251253097741256776859411058364424266210962439488050311251611027096384802611495459949

-0.55755912079843039259628672410736607465638318419125981728304441279164955987464485949506350975340462776912364008802871620743202672
0.53173555607337869905173625453083009500874542338080148176825147992794807357938918854335526002077772811676498285126662742203142325
0.01869432881671401258477507529215352374332197251253097741256776859411058364424266210962439488050311251611027096384802611495459949

-0.55755912079843039259628672410736607465638318419125981728304441279164955987464485949506350975340462776912364008802871620743202672
-0.97417643527494830645544953042346402035236223918954166448520706713629851370474432904829175026737310034764134276323791121459939653
0.01869432881671401258477507529215352374332197251253097741256776859411058364424266210962439488050311251611027096384802611495459949

-0.96776903518019157448103131806481578930430507295906314823570809864928321214825259720374986813442113211174710733470313484429770460
-0.27305731692479047856183522170094580015142194082388256381114288171827326062258340621363313392356405643196453874586556935764588754
0.02293053643943403020681313520279393745319957364582606152035842180026869386603424565899168857252588272100784982821678509435061159

0.24082635210498205304286653976576158945572701378294571204685098036755647277083600341738300205798518854371164608056870420194359214
-0.27305731692479047856183522170094580015142194082388256381114288171827326062258340621363313392356405643196453874586556935764588754
0.02293053643943403020681313520279393745319957364582606152035842180026869386603424565899168857252588272100784982821678509435061159

0.24082635210498205304286653976576158945572701378294571204685098036755647277083600341738300205798518854371164608056870420194359214
-0.96776903518019157448103131806481578930430507295906314823570809864928321214825259720374986813442113211174710733470313484429770460
0.02293053643943403020681313520279393745319957364582606152035842180026869386603424565899168857252588272100784982821678509435061159

-0.96776903518019157448103131806481578930430507295906314823570809864928321214825259720374986813442113211174710733470313484429770460
0.24082635210498205304286653976576158945572701378294571204685098036755647277083600341738300205798518854371164608056870420194359214
0.02293053643943403020681313520279393745319957364582606152035842180026869386603424565899168857252588272100784982821678509435061159

-0.27305731692479047856183522170094580015142194082388256381114288171827326062258340621363313392356405643196453874586556935764588754
0.24082635210498205304286653976576158945572701378294571204685098036755647277083600341738300205798518854371164608056870420194359214
0.02293053643943403020681313520279393745319957364582606152035842180026869386603424565899168857252588272100784982821678509435061159

-0.27305731692479047856183522170094580015142194082388256381114288171827326062258340621363313392356405643196453874586556935764588754
-0.96776903518019157448103131806481578930430507295906314823570809864928321214825259720374986813442113211174710733470313484429770460
0.02293053643943403020681313520279393745319957364582606152035842180026869386603424565899168857252588272100784982821678509435061159

-0.88018013039421097977365429499631052735485432937355824997566004159046646976232425553150664796345476125112138844739355297011534740
-0.69727173774237800158080974288080219216610472503026232507772671627974946254341418920328759116304771010974105002841052191043097055
0.03464557993685516746597203069126954395116879087757218576580784623446557614116072556671504230624227572920165403165354284810565156

0.57745186813658898135446403787711271952095905440382057505338675787021593230573844473479423912650247136086243847580407488054631795
-0.69727173774237800158080974288080219216610472503026232507772671627974946254341418920328759116304771010974105002841052191043097055
0.03464557993685516746597203069126954395116879087757218576580784623446557614116072556671504230624227572920165403165354284810565156

0.57745186813658898135446403787711271952095905440382057505338675787021593230573844473479423912650247136086243847580407488054631795
-0.88018013039421097977365429499631052735485432937355824997566004159046646976232425553150664796345476125112138844739355297011534740
0.03464557993685516746597203069126954395116879087757218576580784623446557614116072556671504230624227572920165403165354284810565156

-0.88018013039421097977365429499631052735485432937355824997566004159046646976232425553150664796345476125112138844739355297011534740
0.57745186813658898135446403787711271952095905440382057505338675787021593230573844473479423912650247136086243847580407488054631795
0.03464557993685516746597203069126954395116879087757218576580784623446557614116072556671504230624227572920165403165354284810565156

-0.69727173774237800158080974288080219216610472503026232507772671627974946254341418920328759116304771010974105002841052191043097055
0.57745186813658898135446403787711271952095905440382057505338675787021593230573844473479423912650247136086243847580407488054631795
0.03464557993685516746597203069126954395116879087757218576580784623446557614116072556671504230624227572920165403165354284810565156

-0.69727173774237800158080974288080219216610472503026232507772671627974946254341418920328759116304771010974105002841052191043097055
-0.88018013039421097977365429499631052735485432937355824997566004159046646976232425553150664796345476125112138844739355297011534740
0.03464557993685516746597203069126954395116879087757218576580784623446557614116072556671504230624227572920165403165354284810565156

-0.84386201748910783397336081413978784454645021853141014428585147065684017236551194202256948702690040000300929462100537155517031758
-0.41915913467557623360942987137538194262808151309618208276238551441208649543067385228627395311289536683869243922626287816302718186
0.05492767551313570085590600508531906039971753139800471233902175243701649082401811118197362102639233836583621914726318153909718631

0.26302115216468406758279068551516978717453173162759222704823698506892666779618579430884344013979576684170173384726824971819749944
-0.41915913467557623360942987137538194262808151309618208276238551441208649543067385228627395311289536683869243922626287816302718186
0.05492767551313570085590600508531906039971753139800471233902175243701649082401811118197362102639233836583621914726318153909718631

0.26302115216468406758279068551516978717453173162759222704823698506892666779618579430884344013979576684170173384726824971819749944
-0.84386201748910783397336081413978784454645021853141014428585147065684017236551194202256948702690040000300929462100537155517031758
0.05492767551313570085590600508531906039971753139800471233902175243701649082401811118197362102639233836583621914726318153909718631

-0.84386201748910783397336081413978784454645021853141014428585147065684017236551194202256948702690040000300929462100537155517031758
0.26302115216468406758279068551516978717453173162759222704823698506892666779618579430884344013979576684170173384726824971819749944
0.05492767551313570085590600508531906039971753139800471233902175243701649082401811118197362102639233836583621914726318153909718631

-0.41915913467557623360942987137538194262808151309618208276238551441208649543067385228627395311289536683869243922626287816302718186
0.26302115216468406758279068551516978717453173162759222704823698506892666779618579430884344013979576684170173384726824971819749944
0.05492767551313570085590600508531906039971753139800471233902175243701649082401811118197362102639233836583621914726318153909718631

-0.41915913467557623360942987137538194262808151309618208276238551441208649543067385228627395311289536683869243922626287816302718186
-0.84386201748910783397336081413978784454645021853141014428585147065684017236551194202256948702690040000300929462100537155517031758
0.05492767551313570085590600508531906039971753139800471233902175243701649082401811118197362102639233836583621914726318153909718631

-0.62745270156212145452852563574018550857643153265487708429620893172736580320035866973249054663673420481941155187904630195064265768
-0.41061073643565607894603823893389028995997504202454747961479267708713431198362561591978297110904709359667944708218038094531192547
0.06735555882469237848481511947589277250842692191375382375011189481406657085296270311779934493209379768536131924621428866784255630

0.03806343799777753347456387467407579853640657467942456391100160881450011518398428565227351774578129841609099896122668289595458315
-0.41061073643565607894603823893389028995997504202454747961479267708713431198362561591978297110904709359667944708218038094531192547
0.06735555882469237848481511947589277250842692191375382375011189481406657085296270311779934493209379768536131924621428866784255630

0.03806343799777753347456387467407579853640657467942456391100160881450011518398428565227351774578129841609099896122668289595458315
-0.62745270156212145452852563574018550857643153265487708429620893172736580320035866973249054663673420481941155187904630195064265768
0.06735555882469237848481511947589277250842692191375382375011189481406657085296270311779934493209379768536131924621428866784255630

-0.62745270156212145452852563574018550857643153265487708429620893172736580320035866973249054663673420481941155187904630195064265768
0.03806343799777753347456387467407579853640657467942456391100160881450011518398428565227351774578129841609099896122668289595458315
0.06735555882469237848481511947589277250842692191375382375011189481406657085296270311779934493209379768536131924621428866784255630

-0.41061073643565607894603823893389028995997504202454747961479267708713431198362561591978297110904709359667944708218038094531192547
0.03806343799777753347456387467407579853640657467942456391100160881450011518398428565227351774578129841609099896122668289595458315
0.06735555882469237848481511947589277250842692191375382375011189481406657085296270311779934493209379768536131924621428866784255630

-0.41061073643565607894603823893389028995997504202454747961479267708713431198362561591978297110904709359667944708218038094531192547
-0.62745270156212145452852563574018550857643153265487708429620893172736580320035866973249054663673420481941155187904630195064265768
0.06735555882469237848481511947589277250842692191375382375011189481406657085296270311779934493209379768536131924621428866784255630

-0.33333333333333333333333333333333333333333333333333333333333333333333333333333333333333333333333333333333333333333333333333333333
-0.33333333333333333333333333333333333333333333333333333333333333333333333333333333333333333333333333333333333333333333333333333333
0.08618501991267308605119321608483914230735278307635131266007351709381331330393610632545118033316222026303674521786863390518337597

