centroid    numS21      numS111     
false (1)   5 (3)       3 (6)       

-0.95736529909357925950628604896854350714809738545210522737590076613006729471027576442677322920893220660522227732261793920400369030
0.91473059818715851901257209793708701429619477090421045475180153226013458942055152885354645841786441321044455464523587840800738060
0.01233252210311803446773296757046070824695114178363403323426995385191830333144843820449278117852282448145599777180013501237938336

-0.95736529909357925950628604896854350714809738545210522737590076613006729471027576442677322920893220660522227732261793920400369030
-0.95736529909357925950628604896854350714809738545210522737590076613006729471027576442677322920893220660522227732261793920400369030
0.01233252210311803446773296757046070824695114178363403323426995385191830333144843820449278117852282448145599777180013501237938336

0.91473059818715851901257209793708701429619477090421045475180153226013458942055152885354645841786441321044455464523587840800738060
-0.95736529909357925950628604896854350714809738545210522737590076613006729471027576442677322920893220660522227732261793920400369030
0.01233252210311803446773296757046070824695114178363403323426995385191830333144843820449278117852282448145599777180013501237938336

-0.74484770891682815065220734969143285439489411854520091211574635628576829068396657562583264394060316159800432826546873053141309496
0.48969541783365630130441469938286570878978823709040182423149271257153658136793315125166528788120632319600865653093746106282618991
0.06959222586141788597865679458999874881985509282222123398883319388964573563642756751070568082692275564368546497303320006180847902

-0.74484770891682815065220734969143285439489411854520091211574635628576829068396657562583264394060316159800432826546873053141309496
-0.74484770891682815065220734969143285439489411854520091211574635628576829068396657562583264394060316159800432826546873053141309496
0.06959222586141788597865679458999874881985509282222123398883319388964573563642756751070568082692275564368546497303320006180847902

0.48969541783365630130441469938286570878978823709040182423149271257153658136793315125166528788120632319600865653093746106282618991
-0.74484770891682815065220734969143285439489411854520091211574635628576829068396657562583264394060316159800432826546873053141309496
0.06959222586141788597865679458999874881985509282222123398883319388964573563642756751070568082692275564368546497303320006180847902

-0.45757922997576815530809731920621052297079483271417695585790103451846005790994830635968312101772926080218158562127818304488676138
-0.08484154004846368938380536158757895405841033457164608828419793096307988418010338728063375796454147839563682875744363391022647724
0.12571644843577020070854102618576509320310553755291326363656974226753717539286343009165756833212200016716821395127035259454327747

-0.45757922997576815530809731920621052297079483271417695585790103451846005790994830635968312101772926080218158562127818304488676138
-0.45757922997576815530809731920621052297079483271417695585790103451846005790994830635968312101772926080218158562127818304488676138
0.12571644843577020070854102618576509320310553755291326363656974226753717539286343009165756833212200016716821395127035259454327747

-0.08484154004846368938380536158757895405841033457164608828419793096307988418010338728063375796454147839563682875744363391022647724
-0.45757922997576815530809731920621052297079483271417695585790103451846005790994830635968312101772926080218158562127818304488676138
0.12571644843577020070854102618576509320310553755291326363656974226753717539286343009165756833212200016716821395127035259454327747

-0.02356522045239023487067586948237791571612082391885177612397658945706256827147821825687712768984312092219555627994208404629389047
-0.95286955909521953025864826103524416856775835216229644775204682108587486345704356348624574462031375815560888744011583190741221905
0.05146213288091067083558184614312885907549304436306748397888213360727155478094103533361189872437504810497551920796067768966478754

-0.02356522045239023487067586948237791571612082391885177612397658945706256827147821825687712768984312092219555627994208404629389047
-0.02356522045239023487067586948237791571612082391885177612397658945706256827147821825687712768984312092219555627994208404629389047
0.05146213288091067083558184614312885907549304436306748397888213360727155478094103533361189872437504810497551920796067768966478754

-0.95286955909521953025864826103524416856775835216229644775204682108587486345704356348624574462031375815560888744011583190741221905
-0.02356522045239023487067586948237791571612082391885177612397658945706256827147821825687712768984312092219555627994208404629389047
0.05146213288091067083558184614312885907549304436306748397888213360727155478094103533361189872437504810497551920796067768966478754

-0.12055121541107945404052675303127783325679186494639762200013350647281627879264721624939148815505911517596499203270136211008423408
-0.75889756917784109191894649393744433348641627010720475599973298705436744241470556750121702368988176964807001593459727577983153185
0.08738508907607680427091452511494994898561113878319617900989212628953569829091928303168932133418499457457545213988424799181216029

-0.12055121541107945404052675303127783325679186494639762200013350647281627879264721624939148815505911517596499203270136211008423408
-0.12055121541107945404052675303127783325679186494639762200013350647281627879264721624939148815505911517596499203270136211008423408
0.08738508907607680427091452511494994898561113878319617900989212628953569829091928303168932133418499457457545213988424799181216029

-0.75889756917784109191894649393744433348641627010720475599973298705436744241470556750121702368988176964807001593459727577983153185
-0.12055121541107945404052675303127783325679186494639762200013350647281627879264721624939148815505911517596499203270136211008423408
0.08738508907607680427091452511494994898561113878319617900989212628953569829091928303168932133418499457457545213988424799181216029

-0.94853189890333954366378152893756001071157546255405771378489890767635112904137107629918594187547035709335291923320488821755853838
-0.76749616818480571751729170431479635642404010691891072084394666047347250564724698885739853754626371266310643693105877337376285577
0.03463246221731778474328420162206813287822110978083550241664959011224778883667103759256089797440040833357665272756268437437018765

0.71602806708814526118107323325235636713561556947296843462884556814982363468861806515658447942173406975645935616426366159132139415
-0.76749616818480571751729170431479635642404010691891072084394666047347250564724698885739853754626371266310643693105877337376285577
0.03463246221731778474328420162206813287822110978083550241664959011224778883667103759256089797440040833357665272756268437437018765

0.71602806708814526118107323325235636713561556947296843462884556814982363468861806515658447942173406975645935616426366159132139415
-0.94853189890333954366378152893756001071157546255405771378489890767635112904137107629918594187547035709335291923320488821755853838
0.03463246221731778474328420162206813287822110978083550241664959011224778883667103759256089797440040833357665272756268437437018765

-0.94853189890333954366378152893756001071157546255405771378489890767635112904137107629918594187547035709335291923320488821755853838
0.71602806708814526118107323325235636713561556947296843462884556814982363468861806515658447942173406975645935616426366159132139415
0.03463246221731778474328420162206813287822110978083550241664959011224778883667103759256089797440040833357665272756268437437018765

-0.76749616818480571751729170431479635642404010691891072084394666047347250564724698885739853754626371266310643693105877337376285577
0.71602806708814526118107323325235636713561556947296843462884556814982363468861806515658447942173406975645935616426366159132139415
0.03463246221731778474328420162206813287822110978083550241664959011224778883667103759256089797440040833357665272756268437437018765

-0.76749616818480571751729170431479635642404010691891072084394666047347250564724698885739853754626371266310643693105877337376285577
-0.94853189890333954366378152893756001071157546255405771378489890767635112904137107629918594187547035709335291923320488821755853838
0.03463246221731778474328420162206813287822110978083550241664959011224778883667103759256089797440040833357665272756268437437018765

-0.95432333555548594077953243242125057014550684139188302463173011670571595042886430566790293926398482638756511480727020265113115460
-0.43734883802012090350373861405089450278687681711603253992705951369069266033790624426788605837338439003270334992889630112832131288
0.04471354640460689142367815340463997871143480341389242202246914164699753532571494111652988950387827094221215458893391677846797404

0.39167217357560684428327104647214507293238365850791556455878963039640861076677054993578899763736921642026846473616650377945246748
-0.43734883802012090350373861405089450278687681711603253992705951369069266033790624426788605837338439003270334992889630112832131288
0.04471354640460689142367815340463997871143480341389242202246914164699753532571494111652988950387827094221215458893391677846797404

0.39167217357560684428327104647214507293238365850791556455878963039640861076677054993578899763736921642026846473616650377945246748
-0.95432333555548594077953243242125057014550684139188302463173011670571595042886430566790293926398482638756511480727020265113115460
0.04471354640460689142367815340463997871143480341389242202246914164699753532571494111652988950387827094221215458893391677846797404

-0.95432333555548594077953243242125057014550684139188302463173011670571595042886430566790293926398482638756511480727020265113115460
0.39167217357560684428327104647214507293238365850791556455878963039640861076677054993578899763736921642026846473616650377945246748
0.04471354640460689142367815340463997871143480341389242202246914164699753532571494111652988950387827094221215458893391677846797404

-0.43734883802012090350373861405089450278687681711603253992705951369069266033790624426788605837338439003270334992889630112832131288
0.39167217357560684428327104647214507293238365850791556455878963039640861076677054993578899763736921642026846473616650377945246748
0.04471354640460689142367815340463997871143480341389242202246914164699753532571494111652988950387827094221215458893391677846797404

-0.43734883802012090350373861405089450278687681711603253992705951369069266033790624426788605837338439003270334992889630112832131288
-0.95432333555548594077953243242125057014550684139188302463173011670571595042886430566790293926398482638756511480727020265113115460
0.04471354640460689142367815340463997871143480341389242202246914164699753532571494111652988950387827094221215458893391677846797404

-0.76931301093060400166197756768694810134866390996654383246952307197020782030652943509837113802218846202740717825461504645051697608
-0.44857346062897161205040730784047203778832565737516886221003502942211343345485664392063654106620247812119076473338752125921510057
0.08074311553276185903565739850447354257816944248608931196999102662113377545464747753816392065699084257161420199486242550539112780

0.21788647155957561371238487552742013913698956734171269467955810139232125376138607901900767908839094014859794298800256770973207664
-0.44857346062897161205040730784047203778832565737516886221003502942211343345485664392063654106620247812119076473338752125921510057
0.08074311553276185903565739850447354257816944248608931196999102662113377545464747753816392065699084257161420199486242550539112780

0.21788647155957561371238487552742013913698956734171269467955810139232125376138607901900767908839094014859794298800256770973207664
-0.76931301093060400166197756768694810134866390996654383246952307197020782030652943509837113802218846202740717825461504645051697608
0.08074311553276185903565739850447354257816944248608931196999102662113377545464747753816392065699084257161420199486242550539112780

-0.76931301093060400166197756768694810134866390996654383246952307197020782030652943509837113802218846202740717825461504645051697608
0.21788647155957561371238487552742013913698956734171269467955810139232125376138607901900767908839094014859794298800256770973207664
0.08074311553276185903565739850447354257816944248608931196999102662113377545464747753816392065699084257161420199486242550539112780

-0.44857346062897161205040730784047203778832565737516886221003502942211343345485664392063654106620247812119076473338752125921510057
0.21788647155957561371238487552742013913698956734171269467955810139232125376138607901900767908839094014859794298800256770973207664
0.08074311553276185903565739850447354257816944248608931196999102662113377545464747753816392065699084257161420199486242550539112780

-0.44857346062897161205040730784047203778832565737516886221003502942211343345485664392063654106620247812119076473338752125921510057
-0.76931301093060400166197756768694810134866390996654383246952307197020782030652943509837113802218846202740717825461504645051697608
0.08074311553276185903565739850447354257816944248608931196999102662113377545464747753816392065699084257161420199486242550539112780

