centroid    numS21      numS111     
false (1)   3 (3)       1 (6)       

-0.87110837027908442935325083370381516398990764376628523501889134810642502476213569135996920456117238983833313449538470607992266607
0.74221674055816885870650166740763032797981528753257047003778269621285004952427138271993840912234477967666626899076941215984533215
0.10459792097100765702098967894033154360531463790444618103934315522468504558375535583810987025747493118245120375297622150898353111

-0.87110837027908442935325083370381516398990764376628523501889134810642502476213569135996920456117238983833313449538470607992266607
-0.87110837027908442935325083370381516398990764376628523501889134810642502476213569135996920456117238983833313449538470607992266607
0.10459792097100765702098967894033154360531463790444618103934315522468504558375535583810987025747493118245120375297622150898353111

0.74221674055816885870650166740763032797981528753257047003778269621285004952427138271993840912234477967666626899076941215984533215
-0.87110837027908442935325083370381516398990764376628523501889134810642502476213569135996920456117238983833313449538470607992266607
0.10459792097100765702098967894033154360531463790444618103934315522468504558375535583810987025747493118245120375297622150898353111

-0.53273499858593214005662045445627753695747585168819471192835356996860115441015251113020157013559675436722666985890535214476797548
0.06546999717186428011324090891255507391495170337638942385670713993720230882030502226040314027119350873445333971781070428953595095
0.21338595626101982317129661363556641115857470299711498114370682628327245935467581813386138057408901039514254987947907178367486617

-0.53273499858593214005662045445627753695747585168819471192835356996860115441015251113020157013559675436722666985890535214476797548
-0.53273499858593214005662045445627753695747585168819471192835356996860115441015251113020157013559675436722666985890535214476797548
0.21338595626101982317129661363556641115857470299711498114370682628327245935467581813386138057408901039514254987947907178367486617

0.06546999717186428011324090891255507391495170337638942385670713993720230882030502226040314027119350873445333971781070428953595095
-0.53273499858593214005662045445627753695747585168819471192835356996860115441015251113020157013559675436722666985890535214476797548
0.21338595626101982317129661363556641115857470299711498114370682628327245935467581813386138057408901039514254987947907178367486617

-0.17101262224605037808776309772129652655428639937876979123320564074253691172470453657046685212121098396831239668557329351596378354
-0.65797475550789924382447380455740694689142720124246041753358871851492617655059092685906629575757803206337520662885341296807243293
0.07097082773922289412983169117672960057329252761402664086495689586928347211736799539628407025113972565068835407534343871098586611

-0.17101262224605037808776309772129652655428639937876979123320564074253691172470453657046685212121098396831239668557329351596378354
-0.17101262224605037808776309772129652655428639937876979123320564074253691172470453657046685212121098396831239668557329351596378354
0.07097082773922289412983169117672960057329252761402664086495689586928347211736799539628407025113972565068835407534343871098586611

-0.65797475550789924382447380455740694689142720124246041753358871851492617655059092685906629575757803206337520662885341296807243293
-0.17101262224605037808776309772129652655428639937876979123320564074253691172470453657046685212121098396831239668557329351596378354
0.07097082773922289412983169117672960057329252761402664086495689586928347211736799539628407025113972565068835407534343871098586611

-0.91254299658027046898626772453710527481067679413262399929071888059363424422271550887969639463825388350507533180366877494106392016
-0.37530990727028642209241659040219521504628290946314096730760806726179247897188107672538576459118076943179245315713733471589276466
0.13885598084770814617227434145701955566474239907553943180932989464471284480543374864920567279198149971919227947943396733151120164

0.28785290385055689107868431493930048985695970359576496659832694785542672319459658560508215922943465293686778496080610965695668482
-0.37530990727028642209241659040219521504628290946314096730760806726179247897188107672538576459118076943179245315713733471589276466
0.13885598084770814617227434145701955566474239907553943180932989464471284480543374864920567279198149971919227947943396733151120164

0.28785290385055689107868431493930048985695970359576496659832694785542672319459658560508215922943465293686778496080610965695668482
-0.91254299658027046898626772453710527481067679413262399929071888059363424422271550887969639463825388350507533180366877494106392016
0.13885598084770814617227434145701955566474239907553943180932989464471284480543374864920567279198149971919227947943396733151120164

-0.91254299658027046898626772453710527481067679413262399929071888059363424422271550887969639463825388350507533180366877494106392016
0.28785290385055689107868431493930048985695970359576496659832694785542672319459658560508215922943465293686778496080610965695668482
0.13885598084770814617227434145701955566474239907553943180932989464471284480543374864920567279198149971919227947943396733151120164

-0.37530990727028642209241659040219521504628290946314096730760806726179247897188107672538576459118076943179245315713733471589276466
0.28785290385055689107868431493930048985695970359576496659832694785542672319459658560508215922943465293686778496080610965695668482
0.13885598084770814617227434145701955566474239907553943180932989464471284480543374864920567279198149971919227947943396733151120164

-0.37530990727028642209241659040219521504628290946314096730760806726179247897188107672538576459118076943179245315713733471589276466
-0.91254299658027046898626772453710527481067679413262399929071888059363424422271550887969639463825388350507533180366877494106392016
0.13885598084770814617227434145701955566474239907553943180932989464471284480543374864920567279198149971919227947943396733151120164

