centroid    numS21      numS111     
true (1)    13 (3)      31 (6)      

-0.99123779284023157666489117514815007189444157730406652872606957712833609097437165029053001093227920022270292080165369691277123714
0.98247558568046315332978235029630014378888315460813305745213915425667218194874330058106002186455840044540584160330739382554247428
0.00050487225178534718969567475450085339641902685256576010717192992153150013616197969968445472139131356306384566487158319553452719

-0.99123779284023157666489117514815007189444157730406652872606957712833609097437165029053001093227920022270292080165369691277123714
-0.99123779284023157666489117514815007189444157730406652872606957712833609097437165029053001093227920022270292080165369691277123714
0.00050487225178534718969567475450085339641902685256576010717192992153150013616197969968445472139131356306384566487158319553452719

0.98247558568046315332978235029630014378888315460813305745213915425667218194874330058106002186455840044540584160330739382554247428
-0.99123779284023157666489117514815007189444157730406652872606957712833609097437165029053001093227920022270292080165369691277123714
0.00050487225178534718969567475450085339641902685256576010717192992153150013616197969968445472139131356306384566487158319553452719

-0.96111670934677658913582341063329904874296050103057309952972595287089645872541559646356104306394224225116850545100956865340074909
0.92223341869355317827164682126659809748592100206114619905945190574179291745083119292712208612788448450233701090201913730680149817
0.00200969564325884633490811767286183369380729183240035393274143789491859006482007041212448204511558834218614745521615137363012995

-0.96111670934677658913582341063329904874296050103057309952972595287089645872541559646356104306394224225116850545100956865340074909
-0.96111670934677658913582341063329904874296050103057309952972595287089645872541559646356104306394224225116850545100956865340074909
0.00200969564325884633490811767286183369380729183240035393274143789491859006482007041212448204511558834218614745521615137363012995

0.92223341869355317827164682126659809748592100206114619905945190574179291745083119292712208612788448450233701090201913730680149817
-0.96111670934677658913582341063329904874296050103057309952972595287089645872541559646356104306394224225116850545100956865340074909
0.00200969564325884633490811767286183369380729183240035393274143789491859006482007041212448204511558834218614745521615137363012995

-0.91221742703224193503426515893732043171024540460885900893353103178728524902614404402818745569705841274009979238655202186255174143
0.82443485406448387006853031787464086342049080921771801786706206357457049805228808805637491139411682548019958477310404372510348285
0.00450516869443331457877456140367810884971746311014286529315098367461362906595423079125797089339219226793338206456903650604838657

-0.91221742703224193503426515893732043171024540460885900893353103178728524902614404402818745569705841274009979238655202186255174143
-0.91221742703224193503426515893732043171024540460885900893353103178728524902614404402818745569705841274009979238655202186255174143
0.00450516869443331457877456140367810884971746311014286529315098367461362906595423079125797089339219226793338206456903650604838657

0.82443485406448387006853031787464086342049080921771801786706206357457049805228808805637491139411682548019958477310404372510348285
-0.91221742703224193503426515893732043171024540460885900893353103178728524902614404402818745569705841274009979238655202186255174143
0.00450516869443331457877456140367810884971746311014286529315098367461362906595423079125797089339219226793338206456903650604838657

-0.70139272122955076517993071913110525515521195896673889088657749551436915097480461693201605219516634710110257134280201965988851984
0.40278544245910153035986143826221051031042391793347778177315499102873830194960923386403210439033269420220514268560403931977703968
0.01484500682534780057608962804986859412277004074174010405876382839804727669819352935633876282208193991800723957708946175630877521

-0.70139272122955076517993071913110525515521195896673889088657749551436915097480461693201605219516634710110257134280201965988851984
-0.70139272122955076517993071913110525515521195896673889088657749551436915097480461693201605219516634710110257134280201965988851984
0.01484500682534780057608962804986859412277004074174010405876382839804727669819352935633876282208193991800723957708946175630877521

0.40278544245910153035986143826221051031042391793347778177315499102873830194960923386403210439033269420220514268560403931977703968
-0.70139272122955076517993071913110525515521195896673889088657749551436915097480461693201605219516634710110257134280201965988851984
0.01484500682534780057608962804986859412277004074174010405876382839804727669819352935633876282208193991800723957708946175630877521

-0.77602967558311816003703325854375032519060209780364623504204146001671967758297278962448600387273141104398907393516476733044972701
0.55205935116623632007406651708750065038120419560729247008408292003343935516594557924897200774546282208797814787032953466089945403
0.00914071497346004509307487198172926663068888020895151426510006899434005240869923042344869683768134542362638060556711580717075815

-0.77602967558311816003703325854375032519060209780364623504204146001671967758297278962448600387273141104398907393516476733044972701
-0.77602967558311816003703325854375032519060209780364623504204146001671967758297278962448600387273141104398907393516476733044972701
0.00914071497346004509307487198172926663068888020895151426510006899434005240869923042344869683768134542362638060556711580717075815

0.55205935116623632007406651708750065038120419560729247008408292003343935516594557924897200774546282208797814787032953466089945403
-0.77602967558311816003703325854375032519060209780364623504204146001671967758297278962448600387273141104398907393516476733044972701
0.00914071497346004509307487198172926663068888020895151426510006899434005240869923042344869683768134542362638060556711580717075815

-0.52038035924928916553794098548799442021168445933076403705431120778064602088444937086046753850101362169554671258094762254370801203
0.04076071849857833107588197097598884042336891866152807410862241556129204176889874172093507700202724339109342516189524508741602406
0.02145518266889250516689694879407916751801007855111311324244964964989189725186725393904233325633089000861813583292204231139574460

-0.52038035924928916553794098548799442021168445933076403705431120778064602088444937086046753850101362169554671258094762254370801203
-0.52038035924928916553794098548799442021168445933076403705431120778064602088444937086046753850101362169554671258094762254370801203
0.02145518266889250516689694879407916751801007855111311324244964964989189725186725393904233325633089000861813583292204231139574460

0.04076071849857833107588197097598884042336891866152807410862241556129204176889874172093507700202724339109342516189524508741602406
-0.52038035924928916553794098548799442021168445933076403705431120778064602088444937086046753850101362169554671258094762254370801203
0.02145518266889250516689694879407916751801007855111311324244964964989189725186725393904233325633089000861813583292204231139574460

-0.42549828681234338331756917056499243689875470769193044769424906144393828018312964016127291675968243882287123173814652332748471426
-0.14900342637531323336486165887001512620249058461613910461150187711212343963374071967745416648063512235425753652370695334503057147
0.02315444717242545586440191114514265684063025484826522203116435247169262189275734044467184020468584349253127393971695549230354400

-0.42549828681234338331756917056499243689875470769193044769424906144393828018312964016127291675968243882287123173814652332748471426
-0.42549828681234338331756917056499243689875470769193044769424906144393828018312964016127291675968243882287123173814652332748471426
0.02315444717242545586440191114514265684063025484826522203116435247169262189275734044467184020468584349253127393971695549230354400

-0.14900342637531323336486165887001512620249058461613910461150187711212343963374071967745416648063512235425753652370695334503057147
-0.42549828681234338331756917056499243689875470769193044769424906144393828018312964016127291675968243882287123173814652332748471426
0.02315444717242545586440191114514265684063025484826522203116435247169262189275734044467184020468584349253127393971695549230354400

-0.00336198248327944153938214524618575975010798430938678627697694284896208344499698669659336902719189865892421384526134005197238423
-0.99327603503344111692123570950762848049978403138122642744604611430207583311000602660681326194561620268215157230947731989605523153
0.00311590953342132698778564011896124498044251641546383585178922727629929065191742376110852144731576369827421819326503724221492666

-0.00336198248327944153938214524618575975010798430938678627697694284896208344499698669659336902719189865892421384526134005197238423
-0.00336198248327944153938214524618575975010798430938678627697694284896208344499698669659336902719189865892421384526134005197238423
0.00311590953342132698778564011896124498044251641546383585178922727629929065191742376110852144731576369827421819326503724221492666

-0.99327603503344111692123570950762848049978403138122642744604611430207583311000602660681326194561620268215157230947731989605523153
-0.00336198248327944153938214524618575975010798430938678627697694284896208344499698669659336902719189865892421384526134005197238423
0.00311590953342132698778564011896124498044251641546383585178922727629929065191742376110852144731576369827421819326503724221492666

-0.02238724849973837363111725914816367389835307134922526134517939340777029655754591605209923537275582572768117114041784766854294873
-0.95522550300052325273776548170367265220329385730154947730964121318445940688490816789580152925448834854463765771916430466291410254
0.00439129614753349450136976037818338192580023169710993586020885256723226841623942322816831789288954036950847720883955483014522783

-0.02238724849973837363111725914816367389835307134922526134517939340777029655754591605209923537275582572768117114041784766854294873
-0.02238724849973837363111725914816367389835307134922526134517939340777029655754591605209923537275582572768117114041784766854294873
0.00439129614753349450136976037818338192580023169710993586020885256723226841623942322816831789288954036950847720883955483014522783

-0.95522550300052325273776548170367265220329385730154947730964121318445940688490816789580152925448834854463765771916430466291410254
-0.02238724849973837363111725914816367389835307134922526134517939340777029655754591605209923537275582572768117114041784766854294873
0.00439129614753349450136976037818338192580023169710993586020885256723226841623942322816831789288954036950847720883955483014522783

-0.06654976464496303084261765378588022703682922104503945840777903607255828640642936496272160341638095052445020190584922412251333194
-0.86690047071007393831476469242823954592634155790992108318444192785488342718714127007455679316723809895109959618830155175497333613
0.00983047914480427155321923232700578759442987681158419577137093354699968059965813783953604618580388268785335335476754561091506758

-0.06654976464496303084261765378588022703682922104503945840777903607255828640642936496272160341638095052445020190584922412251333194
-0.06654976464496303084261765378588022703682922104503945840777903607255828640642936496272160341638095052445020190584922412251333194
0.00983047914480427155321923232700578759442987681158419577137093354699968059965813783953604618580388268785335335476754561091506758

-0.86690047071007393831476469242823954592634155790992108318444192785488342718714127007455679316723809895109959618830155175497333613
-0.06654976464496303084261765378588022703682922104503945840777903607255828640642936496272160341638095052445020190584922412251333194
0.00983047914480427155321923232700578759442987681158419577137093354699968059965813783953604618580388268785335335476754561091506758

-0.10887587995440239648563744469461619336324179967313062220374755073815590837400439132489853324845583071098525432306373676536503465
-0.78224824009119520702872511061076761327351640065373875559250489852368818325199121735020293350308833857802949135387252646926993071
0.01690239292360145418879736349430600509563145167607624145742103056710142172978063746790055850793953780761148113100258593386215428

-0.10887587995440239648563744469461619336324179967313062220374755073815590837400439132489853324845583071098525432306373676536503465
-0.10887587995440239648563744469461619336324179967313062220374755073815590837400439132489853324845583071098525432306373676536503465
0.01690239292360145418879736349430600509563145167607624145742103056710142172978063746790055850793953780761148113100258593386215428

-0.78224824009119520702872511061076761327351640065373875559250489852368818325199121735020293350308833857802949135387252646926993071
-0.10887587995440239648563744469461619336324179967313062220374755073815590837400439132489853324845583071098525432306373676536503465
0.01690239292360145418879736349430600509563145167607624145742103056710142172978063746790055850793953780761148113100258593386215428

-0.17243271941200180027941305597201761051761255158208202592770753541905901557694202386834900938249288427418773118666151956450495991
-0.65513456117599639944117388805596477896477489683583594814458492916188196884611595226330198123501423145162453762667696087099008017
0.02086433685551503416672097527875450313773378781576052530354661768760753513829440125833651469061316232372923954730219807682064719

-0.17243271941200180027941305597201761051761255158208202592770753541905901557694202386834900938249288427418773118666151956450495991
-0.17243271941200180027941305597201761051761255158208202592770753541905901557694202386834900938249288427418773118666151956450495991
0.02086433685551503416672097527875450313773378781576052530354661768760753513829440125833651469061316232372923954730219807682064719

-0.65513456117599639944117388805596477896477489683583594814458492916188196884611595226330198123501423145162453762667696087099008017
-0.17243271941200180027941305597201761051761255158208202592770753541905901557694202386834900938249288427418773118666151956450495991
0.02086433685551503416672097527875450313773378781576052530354661768760753513829440125833651469061316232372923954730219807682064719

-0.24843800426175096588598346331638217559360011767713257773830331748147821840027648917675163759892765024617503405615642858703178109
-0.50312399147649806822803307336723564881279976464573484452339336503704356319944702164649672480214469950764993188768714282593643783
0.02303480500247002215935577293797863696738888644217515678323440555650655161400258854696416078720538980007342898416352213086935764

-0.24843800426175096588598346331638217559360011767713257773830331748147821840027648917675163759892765024617503405615642858703178109
-0.24843800426175096588598346331638217559360011767713257773830331748147821840027648917675163759892765024617503405615642858703178109
0.02303480500247002215935577293797863696738888644217515678323440555650655161400258854696416078720538980007342898416352213086935764

-0.50312399147649806822803307336723564881279976464573484452339336503704356319944702164649672480214469950764993188768714282593643783
-0.24843800426175096588598346331638217559360011767713257773830331748147821840027648917675163759892765024617503405615642858703178109
0.02303480500247002215935577293797863696738888644217515678323440555650655161400258854696416078720538980007342898416352213086935764

-0.99292182562694164902396866851920983074720749104751551107275199595139998905924037544363654996263938030679770562184267024280867776
-0.95375164486452853213042466325539413094962483695311409003610150228045318006027923967898077119335380758090789592042553980730781515
0.00095649041259860311127893637698217931101823062403025623899531470729067241223031419189275520567041349016248311030133025136786555

0.94667347049147018115439333177460396169683232800062960110885349823185316911951961512261732115599318788770560154226821005011649292
-0.95375164486452853213042466325539413094962483695311409003610150228045318006027923967898077119335380758090789592042553980730781515
0.00095649041259860311127893637698217931101823062403025623899531470729067241223031419189275520567041349016248311030133025136786555

0.94667347049147018115439333177460396169683232800062960110885349823185316911951961512261732115599318788770560154226821005011649292
-0.99292182562694164902396866851920983074720749104751551107275199595139998905924037544363654996263938030679770562184267024280867776
0.00095649041259860311127893637698217931101823062403025623899531470729067241223031419189275520567041349016248311030133025136786555

-0.99292182562694164902396866851920983074720749104751551107275199595139998905924037544363654996263938030679770562184267024280867776
0.94667347049147018115439333177460396169683232800062960110885349823185316911951961512261732115599318788770560154226821005011649292
0.00095649041259860311127893637698217931101823062403025623899531470729067241223031419189275520567041349016248311030133025136786555

-0.95375164486452853213042466325539413094962483695311409003610150228045318006027923967898077119335380758090789592042553980730781515
0.94667347049147018115439333177460396169683232800062960110885349823185316911951961512261732115599318788770560154226821005011649292
0.00095649041259860311127893637698217931101823062403025623899531470729067241223031419189275520567041349016248311030133025136786555

-0.95375164486452853213042466325539413094962483695311409003610150228045318006027923967898077119335380758090789592042553980730781515
-0.99292182562694164902396866851920983074720749104751551107275199595139998905924037544363654996263938030679770562184267024280867776
0.00095649041259860311127893637698217931101823062403025623899531470729067241223031419189275520567041349016248311030133025136786555

-0.99358357468592603787427613810697078616770049196855300459680799277693951455336119382003845044898703278602250652480687620430788103
-0.88708664854328699226715593914802890916959762933032185233753178802450907106376231557188502485440496365798754932130368759866977809
0.00131787071700028014184397449786724502268663458684309852788882899530241385475549953779529741338957610886987409320263470250372058

0.88067022322921303014143207725499969533729812129887485693433978080144858561712350939192347530339199644401005584611056380297765913
-0.88708664854328699226715593914802890916959762933032185233753178802450907106376231557188502485440496365798754932130368759866977809
0.00131787071700028014184397449786724502268663458684309852788882899530241385475549953779529741338957610886987409320263470250372058

0.88067022322921303014143207725499969533729812129887485693433978080144858561712350939192347530339199644401005584611056380297765913
-0.99358357468592603787427613810697078616770049196855300459680799277693951455336119382003845044898703278602250652480687620430788103
0.00131787071700028014184397449786724502268663458684309852788882899530241385475549953779529741338957610886987409320263470250372058

-0.99358357468592603787427613810697078616770049196855300459680799277693951455336119382003845044898703278602250652480687620430788103
0.88067022322921303014143207725499969533729812129887485693433978080144858561712350939192347530339199644401005584611056380297765913
0.00131787071700028014184397449786724502268663458684309852788882899530241385475549953779529741338957610886987409320263470250372058

-0.88708664854328699226715593914802890916959762933032185233753178802450907106376231557188502485440496365798754932130368759866977809
0.88067022322921303014143207725499969533729812129887485693433978080144858561712350939192347530339199644401005584611056380297765913
0.00131787071700028014184397449786724502268663458684309852788882899530241385475549953779529741338957610886987409320263470250372058

-0.88708664854328699226715593914802890916959762933032185233753178802450907106376231557188502485440496365798754932130368759866977809
-0.99358357468592603787427613810697078616770049196855300459680799277693951455336119382003845044898703278602250652480687620430788103
0.00131787071700028014184397449786724502268663458684309852788882899530241385475549953779529741338957610886987409320263470250372058

-0.99146485618210577517942326296300566532302851591638459337825962006191280341207216880069578310752664060634961449946130021921083114
-0.79738060204559162499303142942174032300371489192481308433083708379015298811516277496373738384450677582773864106141746594942222052
0.00219342643560281842013080386225972027390891929620781479381951708831689720099144909580311922936400565489262052778432943251284619

0.78884545822769740017245469238474598832674340784119767770909670385206579152723494376443316695203341643408825556087876616863305166
-0.79738060204559162499303142942174032300371489192481308433083708379015298811516277496373738384450677582773864106141746594942222052
0.00219342643560281842013080386225972027390891929620781479381951708831689720099144909580311922936400565489262052778432943251284619

0.78884545822769740017245469238474598832674340784119767770909670385206579152723494376443316695203341643408825556087876616863305166
-0.99146485618210577517942326296300566532302851591638459337825962006191280341207216880069578310752664060634961449946130021921083114
0.00219342643560281842013080386225972027390891929620781479381951708831689720099144909580311922936400565489262052778432943251284619

-0.99146485618210577517942326296300566532302851591638459337825962006191280341207216880069578310752664060634961449946130021921083114
0.78884545822769740017245469238474598832674340784119767770909670385206579152723494376443316695203341643408825556087876616863305166
0.00219342643560281842013080386225972027390891929620781479381951708831689720099144909580311922936400565489262052778432943251284619

-0.79738060204559162499303142942174032300371489192481308433083708379015298811516277496373738384450677582773864106141746594942222052
0.78884545822769740017245469238474598832674340784119767770909670385206579152723494376443316695203341643408825556087876616863305166
0.00219342643560281842013080386225972027390891929620781479381951708831689720099144909580311922936400565489262052778432943251284619

-0.79738060204559162499303142942174032300371489192481308433083708379015298811516277496373738384450677582773864106141746594942222052
-0.99146485618210577517942326296300566532302851591638459337825962006191280341207216880069578310752664060634961449946130021921083114
0.00219342643560281842013080386225972027390891929620781479381951708831689720099144909580311922936400565489262052778432943251284619

-0.99166061657485734360838500327523806458650375189561162839360611767877218888732312334080208460342932786329142219325478523150400876
-0.68699709085650809226209161406913112304595237517675386771780868656779813401181459845863196337808780076459590669144072851627234575
0.00255763375517798289073744051291728987000707681804622909639062291408989521352834454948399717532424049485904377284704613912715193

0.67865770743136543587047661734436918763245612707236549611141480424657032289913772179943404798151712862788732888469551374777635451
-0.68699709085650809226209161406913112304595237517675386771780868656779813401181459845863196337808780076459590669144072851627234575
0.00255763375517798289073744051291728987000707681804622909639062291408989521352834454948399717532424049485904377284704613912715193

0.67865770743136543587047661734436918763245612707236549611141480424657032289913772179943404798151712862788732888469551374777635451
-0.99166061657485734360838500327523806458650375189561162839360611767877218888732312334080208460342932786329142219325478523150400876
0.00255763375517798289073744051291728987000707681804622909639062291408989521352834454948399717532424049485904377284704613912715193

-0.99166061657485734360838500327523806458650375189561162839360611767877218888732312334080208460342932786329142219325478523150400876
0.67865770743136543587047661734436918763245612707236549611141480424657032289913772179943404798151712862788732888469551374777635451
0.00255763375517798289073744051291728987000707681804622909639062291408989521352834454948399717532424049485904377284704613912715193

-0.68699709085650809226209161406913112304595237517675386771780868656779813401181459845863196337808780076459590669144072851627234575
0.67865770743136543587047661734436918763245612707236549611141480424657032289913772179943404798151712862788732888469551374777635451
0.00255763375517798289073744051291728987000707681804622909639062291408989521352834454948399717532424049485904377284704613912715193

-0.68699709085650809226209161406913112304595237517675386771780868656779813401181459845863196337808780076459590669144072851627234575
-0.99166061657485734360838500327523806458650375189561162839360611767877218888732312334080208460342932786329142219325478523150400876
0.00255763375517798289073744051291728987000707681804622909639062291408989521352834454948399717532424049485904377284704613912715193

-0.99939364469292553616435589402037771163912203414332920718834662310553246574699258111158423233121331493704894682412077351817984725
-0.55484850508101672350090340137621949696565413788881962832137823861136519376653350111971454866972691849365892825533835611733394459
0.00101220049267635712132066860735633138972864972811163339400785721745044593024086480243247080814909965473984985418249491953939503

0.55424214977394225966525929539659720860477617203214883550972486171689765951352608223129878100094023343070787507945912963551379184
-0.55484850508101672350090340137621949696565413788881962832137823861136519376653350111971454866972691849365892825533835611733394459
0.00101220049267635712132066860735633138972864972811163339400785721745044593024086480243247080814909965473984985418249491953939503

0.55424214977394225966525929539659720860477617203214883550972486171689765951352608223129878100094023343070787507945912963551379184
-0.99939364469292553616435589402037771163912203414332920718834662310553246574699258111158423233121331493704894682412077351817984725
0.00101220049267635712132066860735633138972864972811163339400785721745044593024086480243247080814909965473984985418249491953939503

-0.99939364469292553616435589402037771163912203414332920718834662310553246574699258111158423233121331493704894682412077351817984725
0.55424214977394225966525929539659720860477617203214883550972486171689765951352608223129878100094023343070787507945912963551379184
0.00101220049267635712132066860735633138972864972811163339400785721745044593024086480243247080814909965473984985418249491953939503

-0.55484850508101672350090340137621949696565413788881962832137823861136519376653350111971454866972691849365892825533835611733394459
0.55424214977394225966525929539659720860477617203214883550972486171689765951352608223129878100094023343070787507945912963551379184
0.00101220049267635712132066860735633138972864972811163339400785721745044593024086480243247080814909965473984985418249491953939503

-0.55484850508101672350090340137621949696565413788881962832137823861136519376653350111971454866972691849365892825533835611733394459
-0.99939364469292553616435589402037771163912203414332920718834662310553246574699258111158423233121331493704894682412077351817984725
0.00101220049267635712132066860735633138972864972811163339400785721745044593024086480243247080814909965473984985418249491953939503

-0.99661592409189250939818378605525956599172762556587784743337678522283672647988012046953382989160780995382210626982506951923212808
-0.33649033038143803348247089535429712409437921994664996290886976864316173688874103837325059249786229596737867000541269677074522419
0.00159798201920986300008333723124729758867815284365546657398077567983876928375801247428721800495185773455782808989889644514666692

0.33310625447333054288065468140955669008610684551252781034224655386599846336862115884278442238947010592120077627523776628997735227
-0.33649033038143803348247089535429712409437921994664996290886976864316173688874103837325059249786229596737867000541269677074522419
0.00159798201920986300008333723124729758867815284365546657398077567983876928375801247428721800495185773455782808989889644514666692

0.33310625447333054288065468140955669008610684551252781034224655386599846336862115884278442238947010592120077627523776628997735227
-0.99661592409189250939818378605525956599172762556587784743337678522283672647988012046953382989160780995382210626982506951923212808
0.00159798201920986300008333723124729758867815284365546657398077567983876928375801247428721800495185773455782808989889644514666692

-0.99661592409189250939818378605525956599172762556587784743337678522283672647988012046953382989160780995382210626982506951923212808
0.33310625447333054288065468140955669008610684551252781034224655386599846336862115884278442238947010592120077627523776628997735227
0.00159798201920986300008333723124729758867815284365546657398077567983876928375801247428721800495185773455782808989889644514666692

-0.33649033038143803348247089535429712409437921994664996290886976864316173688874103837325059249786229596737867000541269677074522419
0.33310625447333054288065468140955669008610684551252781034224655386599846336862115884278442238947010592120077627523776628997735227
0.00159798201920986300008333723124729758867815284365546657398077567983876928375801247428721800495185773455782808989889644514666692

-0.33649033038143803348247089535429712409437921994664996290886976864316173688874103837325059249786229596737867000541269677074522419
-0.99661592409189250939818378605525956599172762556587784743337678522283672647988012046953382989160780995382210626982506951923212808
0.00159798201920986300008333723124729758867815284365546657398077567983876928375801247428721800495185773455782808989889644514666692

-0.96961877777818718649405411420861531759302638926575808615867675427672793341905382318764136206077035391786314042562699749168811147
-0.30325429839888643844005055269941814019250630215385052713529038213689330673082839843652196889599832265727700294886222596583991258
0.00638116793229155500341021433420645459805094174873265905568406299041693056593005848236886233216751424148955532228126080864964786

0.27287307617707362493410466690803345778553269141960861329396713641362124014988222162416333095676867657514014337448922345752802404
-0.30325429839888643844005055269941814019250630215385052713529038213689330673082839843652196889599832265727700294886222596583991258
0.00638116793229155500341021433420645459805094174873265905568406299041693056593005848236886233216751424148955532228126080864964786

0.27287307617707362493410466690803345778553269141960861329396713641362124014988222162416333095676867657514014337448922345752802404
-0.96961877777818718649405411420861531759302638926575808615867675427672793341905382318764136206077035391786314042562699749168811147
0.00638116793229155500341021433420645459805094174873265905568406299041693056593005848236886233216751424148955532228126080864964786

-0.96961877777818718649405411420861531759302638926575808615867675427672793341905382318764136206077035391786314042562699749168811147
0.27287307617707362493410466690803345778553269141960861329396713641362124014988222162416333095676867657514014337448922345752802404
0.00638116793229155500341021433420645459805094174873265905568406299041693056593005848236886233216751424148955532228126080864964786

-0.30325429839888643844005055269941814019250630215385052713529038213689330673082839843652196889599832265727700294886222596583991258
0.27287307617707362493410466690803345778553269141960861329396713641362124014988222162416333095676867657514014337448922345752802404
0.00638116793229155500341021433420645459805094174873265905568406299041693056593005848236886233216751424148955532228126080864964786

-0.30325429839888643844005055269941814019250630215385052713529038213689330673082839843652196889599832265727700294886222596583991258
-0.96961877777818718649405411420861531759302638926575808615867675427672793341905382318764136206077035391786314042562699749168811147
0.00638116793229155500341021433420645459805094174873265905568406299041693056593005848236886233216751424148955532228126080864964786

-0.99322483869386415386779451264297396854276054036864332002653037449014029842786583401333683404736504712723410005399784918481894334
-0.17951059369047137022471671562081621411116892169778207375880614058581804519804857572642505863745065789109591218842858187354464071
0.00285526743144802503886423857249367852480173988147354414023691786839726575796016324103545300152220055165770940840986966586068506

0.17273543238433552409251122826379018265392946206642539378533651507595834362591440973976189268481570501833001224242643105836358405
-0.17951059369047137022471671562081621411116892169778207375880614058581804519804857572642505863745065789109591218842858187354464071
0.00285526743144802503886423857249367852480173988147354414023691786839726575796016324103545300152220055165770940840986966586068506

0.17273543238433552409251122826379018265392946206642539378533651507595834362591440973976189268481570501833001224242643105836358405
-0.99322483869386415386779451264297396854276054036864332002653037449014029842786583401333683404736504712723410005399784918481894334
0.00285526743144802503886423857249367852480173988147354414023691786839726575796016324103545300152220055165770940840986966586068506

-0.99322483869386415386779451264297396854276054036864332002653037449014029842786583401333683404736504712723410005399784918481894334
0.17273543238433552409251122826379018265392946206642539378533651507595834362591440973976189268481570501833001224242643105836358405
0.00285526743144802503886423857249367852480173988147354414023691786839726575796016324103545300152220055165770940840986966586068506

-0.17951059369047137022471671562081621411116892169778207375880614058581804519804857572642505863745065789109591218842858187354464071
0.17273543238433552409251122826379018265392946206642539378533651507595834362591440973976189268481570501833001224242643105836358405
0.00285526743144802503886423857249367852480173988147354414023691786839726575796016324103545300152220055165770940840986966586068506

-0.17951059369047137022471671562081621411116892169778207375880614058581804519804857572642505863745065789109591218842858187354464071
-0.99322483869386415386779451264297396854276054036864332002653037449014029842786583401333683404736504712723410005399784918481894334
0.00285526743144802503886423857249367852480173988147354414023691786839726575796016324103545300152220055165770940840986966586068506

-0.96586958801382190800006392424637619888259945476428851504744662190338977451836105103542662424392180490388999496906858248871657845
-0.90308194646881617459750154945257509345408520869817900934534596484571157718348290673149475857687884815976308078621748447571661323
0.00276849840086787016260287256259926699393074048519956242860993089478063537578150945162583093339918370458154240819461243899112759

0.86895153448263808259756547369895129233668466346246752439279258674910135170184395776692138282080065306365307575528606696443319168
-0.90308194646881617459750154945257509345408520869817900934534596484571157718348290673149475857687884815976308078621748447571661323
0.00276849840086787016260287256259926699393074048519956242860993089478063537578150945162583093339918370458154240819461243899112759

0.86895153448263808259756547369895129233668466346246752439279258674910135170184395776692138282080065306365307575528606696443319168
-0.96586958801382190800006392424637619888259945476428851504744662190338977451836105103542662424392180490388999496906858248871657845
0.00276849840086787016260287256259926699393074048519956242860993089478063537578150945162583093339918370458154240819461243899112759

-0.96586958801382190800006392424637619888259945476428851504744662190338977451836105103542662424392180490388999496906858248871657845
0.86895153448263808259756547369895129233668466346246752439279258674910135170184395776692138282080065306365307575528606696443319168
0.00276849840086787016260287256259926699393074048519956242860993089478063537578150945162583093339918370458154240819461243899112759

-0.90308194646881617459750154945257509345408520869817900934534596484571157718348290673149475857687884815976308078621748447571661323
0.86895153448263808259756547369895129233668466346246752439279258674910135170184395776692138282080065306365307575528606696443319168
0.00276849840086787016260287256259926699393074048519956242860993089478063537578150945162583093339918370458154240819461243899112759

-0.90308194646881617459750154945257509345408520869817900934534596484571157718348290673149475857687884815976308078621748447571661323
-0.96586958801382190800006392424637619888259945476428851504744662190338977451836105103542662424392180490388999496906858248871657845
0.00276849840086787016260287256259926699393074048519956242860993089478063537578150945162583093339918370458154240819461243899112759

-0.95789545419914550378473062742960665085785596096757961393298483905088188282413775915459813779192719667067613213050246771618209755
-0.82518082124984349788491087886848911749152159565270641964340830132633103088696634846167149083683830146446649266681022817016615273
0.00423603465974857332119394165716919403951582845938358395126929799035552534820129723085492499050602234707471127366462630191874456

0.78307627544898900166964150629809576834937755662028603357639314037721291371110410761626962862876549813514262479731269588634825028
-0.82518082124984349788491087886848911749152159565270641964340830132633103088696634846167149083683830146446649266681022817016615273
0.00423603465974857332119394165716919403951582845938358395126929799035552534820129723085492499050602234707471127366462630191874456

0.78307627544898900166964150629809576834937755662028603357639314037721291371110410761626962862876549813514262479731269588634825028
-0.95789545419914550378473062742960665085785596096757961393298483905088188282413775915459813779192719667067613213050246771618209755
0.00423603465974857332119394165716919403951582845938358395126929799035552534820129723085492499050602234707471127366462630191874456

-0.95789545419914550378473062742960665085785596096757961393298483905088188282413775915459813779192719667067613213050246771618209755
0.78307627544898900166964150629809576834937755662028603357639314037721291371110410761626962862876549813514262479731269588634825028
0.00423603465974857332119394165716919403951582845938358395126929799035552534820129723085492499050602234707471127366462630191874456

-0.82518082124984349788491087886848911749152159565270641964340830132633103088696634846167149083683830146446649266681022817016615273
0.78307627544898900166964150629809576834937755662028603357639314037721291371110410761626962862876549813514262479731269588634825028
0.00423603465974857332119394165716919403951582845938358395126929799035552534820129723085492499050602234707471127366462630191874456

-0.82518082124984349788491087886848911749152159565270641964340830132633103088696634846167149083683830146446649266681022817016615273
-0.95789545419914550378473062742960665085785596096757961393298483905088188282413775915459813779192719667067613213050246771618209755
0.00423603465974857332119394165716919403951582845938358395126929799035552534820129723085492499050602234707471127366462630191874456

-0.95447092061669296726836572858258351983721776992680040928585304272982247577252786862772103538894540706318394148611897564585562644
-0.72040198841186857667790479210772664271520836829398282516673222831384995899890806535866510456218677194814268544296019199442728507
0.00611505759979937505580957065432728043029018720019940530268526417704141903968586150860479852534898523460737387660688660595740649

0.67487290902856154394627052069031016255242613822078323445258527104367243477143593398638613995113217901132662692907916764028291151
-0.72040198841186857667790479210772664271520836829398282516673222831384995899890806535866510456218677194814268544296019199442728507
0.00611505759979937505580957065432728043029018720019940530268526417704141903968586150860479852534898523460737387660688660595740649

0.67487290902856154394627052069031016255242613822078323445258527104367243477143593398638613995113217901132662692907916764028291151
-0.95447092061669296726836572858258351983721776992680040928585304272982247577252786862772103538894540706318394148611897564585562644
0.00611505759979937505580957065432728043029018720019940530268526417704141903968586150860479852534898523460737387660688660595740649

-0.95447092061669296726836572858258351983721776992680040928585304272982247577252786862772103538894540706318394148611897564585562644
0.67487290902856154394627052069031016255242613822078323445258527104367243477143593398638613995113217901132662692907916764028291151
0.00611505759979937505580957065432728043029018720019940530268526417704141903968586150860479852534898523460737387660688660595740649

-0.72040198841186857667790479210772664271520836829398282516673222831384995899890806535866510456218677194814268544296019199442728507
0.67487290902856154394627052069031016255242613822078323445258527104367243477143593398638613995113217901132662692907916764028291151
0.00611505759979937505580957065432728043029018720019940530268526417704141903968586150860479852534898523460737387660688660595740649

-0.72040198841186857667790479210772664271520836829398282516673222831384995899890806535866510456218677194814268544296019199442728507
-0.95447092061669296726836572858258351983721776992680040928585304272982247577252786862772103538894540706318394148611897564585562644
0.00611505759979937505580957065432728043029018720019940530268526417704141903968586150860479852534898523460737387660688660595740649

-0.97267090364460167097189001929640728622092928701006751492115312000324055180520377409655822708088040637173054456314004167953872674
-0.58439212927822609355961930705376159084199075973897444233186237556967332962539663564129353203594752464306090948626803003057850920
0.00543443712997358014549164279498725981143944682225420287965719759967095481007090094811206480500826446097375177335747545458583203

0.55706303292282776453150932635016887706292004674904195725301549557291388143060040973785175911682793101479145404940807171011723594
-0.58439212927822609355961930705376159084199075973897444233186237556967332962539663564129353203594752464306090948626803003057850920
0.00543443712997358014549164279498725981143944682225420287965719759967095481007090094811206480500826446097375177335747545458583203

0.55706303292282776453150932635016887706292004674904195725301549557291388143060040973785175911682793101479145404940807171011723594
-0.97267090364460167097189001929640728622092928701006751492115312000324055180520377409655822708088040637173054456314004167953872674
0.00543443712997358014549164279498725981143944682225420287965719759967095481007090094811206480500826446097375177335747545458583203

-0.97267090364460167097189001929640728622092928701006751492115312000324055180520377409655822708088040637173054456314004167953872674
0.55706303292282776453150932635016887706292004674904195725301549557291388143060040973785175911682793101479145404940807171011723594
0.00543443712997358014549164279498725981143944682225420287965719759967095481007090094811206480500826446097375177335747545458583203

-0.58439212927822609355961930705376159084199075973897444233186237556967332962539663564129353203594752464306090948626803003057850920
0.55706303292282776453150932635016887706292004674904195725301549557291388143060040973785175911682793101479145404940807171011723594
0.00543443712997358014549164279498725981143944682225420287965719759967095481007090094811206480500826446097375177335747545458583203

-0.58439212927822609355961930705376159084199075973897444233186237556967332962539663564129353203594752464306090948626803003057850920
-0.97267090364460167097189001929640728622092928701006751492115312000324055180520377409655822708088040637173054456314004167953872674
0.00543443712997358014549164279498725981143944682225420287965719759967095481007090094811206480500826446097375177335747545458583203

-0.98621644252599169188886631950989399898747579614764557718919243168987329963070750633862706134207099278253135542292388397136074485
-0.45039702890021115983903240093372173329113764618683720544557239424470273841831569509428212045417517228339998356522688161952072245
0.00382861068185232618816989542270222461171656366206075515068947658705659499840876555320713103552304102403755023535089334803644317

0.43661347142620285172789872044361573227861344233448278263476482593457603804902320143290918179624616506593133898815076559088146730
-0.45039702890021115983903240093372173329113764618683720544557239424470273841831569509428212045417517228339998356522688161952072245
0.00382861068185232618816989542270222461171656366206075515068947658705659499840876555320713103552304102403755023535089334803644317

0.43661347142620285172789872044361573227861344233448278263476482593457603804902320143290918179624616506593133898815076559088146730
-0.98621644252599169188886631950989399898747579614764557718919243168987329963070750633862706134207099278253135542292388397136074485
0.00382861068185232618816989542270222461171656366206075515068947658705659499840876555320713103552304102403755023535089334803644317

-0.98621644252599169188886631950989399898747579614764557718919243168987329963070750633862706134207099278253135542292388397136074485
0.43661347142620285172789872044361573227861344233448278263476482593457603804902320143290918179624616506593133898815076559088146730
0.00382861068185232618816989542270222461171656366206075515068947658705659499840876555320713103552304102403755023535089334803644317

-0.45039702890021115983903240093372173329113764618683720544557239424470273841831569509428212045417517228339998356522688161952072245
0.43661347142620285172789872044361573227861344233448278263476482593457603804902320143290918179624616506593133898815076559088146730
0.00382861068185232618816989542270222461171656366206075515068947658705659499840876555320713103552304102403755023535089334803644317

-0.45039702890021115983903240093372173329113764618683720544557239424470273841831569509428212045417517228339998356522688161952072245
-0.98621644252599169188886631950989399898747579614764557718919243168987329963070750633862706134207099278253135542292388397136074485
0.00382861068185232618816989542270222461171656366206075515068947658705659499840876555320713103552304102403755023535089334803644317

-0.92559079526044472056502033906004824486746232353723975313405745950640868862029738775162877289427174510503725941123884354142520088
-0.26268329833957550554616651015986845278093036207060566252286540028776712458464254056905540321821114309207972702843976335203963156
0.00821548802564230805212361841132728758757979594938614570547797443642667930196871201238177334691110197219743983535955947979216325

0.18827409360002022611118684921991669764839268560784541565692285979417581320493992832068417611248288819711698643967860689346483244
-0.26268329833957550554616651015986845278093036207060566252286540028776712458464254056905540321821114309207972702843976335203963156
0.00821548802564230805212361841132728758757979594938614570547797443642667930196871201238177334691110197219743983535955947979216325

0.18827409360002022611118684921991669764839268560784541565692285979417581320493992832068417611248288819711698643967860689346483244
-0.92559079526044472056502033906004824486746232353723975313405745950640868862029738775162877289427174510503725941123884354142520088
0.00821548802564230805212361841132728758757979594938614570547797443642667930196871201238177334691110197219743983535955947979216325

-0.92559079526044472056502033906004824486746232353723975313405745950640868862029738775162877289427174510503725941123884354142520088
0.18827409360002022611118684921991669764839268560784541565692285979417581320493992832068417611248288819711698643967860689346483244
0.00821548802564230805212361841132728758757979594938614570547797443642667930196871201238177334691110197219743983535955947979216325

-0.26268329833957550554616651015986845278093036207060566252286540028776712458464254056905540321821114309207972702843976335203963156
0.18827409360002022611118684921991669764839268560784541565692285979417581320493992832068417611248288819711698643967860689346483244
0.00821548802564230805212361841132728758757979594938614570547797443642667930196871201238177334691110197219743983535955947979216325

-0.26268329833957550554616651015986845278093036207060566252286540028776712458464254056905540321821114309207972702843976335203963156
-0.92559079526044472056502033906004824486746232353723975313405745950640868862029738775162877289427174510503725941123884354142520088
0.00821548802564230805212361841132728758757979594938614570547797443642667930196871201238177334691110197219743983535955947979216325

-0.96754018482424730204283703160410531012789611852409582997122223937070151546379770054718010707699014082456691505625244647772258170
-0.12705706224799603098799980019961578300976070597746957971512206261889058464531639675119911202925607494847268374242557747067797367
0.00567243422452448001354012761695575838699631013636594691025028420804687048019556577259803872772711230408472328431256517994114996

0.09459724707224333303083683180372109313765682450156540968634430198959210010911409729837921910624621577303959879867802394840055537
-0.12705706224799603098799980019961578300976070597746957971512206261889058464531639675119911202925607494847268374242557747067797367
0.00567243422452448001354012761695575838699631013636594691025028420804687048019556577259803872772711230408472328431256517994114996

0.09459724707224333303083683180372109313765682450156540968634430198959210010911409729837921910624621577303959879867802394840055537
-0.96754018482424730204283703160410531012789611852409582997122223937070151546379770054718010707699014082456691505625244647772258170
0.00567243422452448001354012761695575838699631013636594691025028420804687048019556577259803872772711230408472328431256517994114996

-0.96754018482424730204283703160410531012789611852409582997122223937070151546379770054718010707699014082456691505625244647772258170
0.09459724707224333303083683180372109313765682450156540968634430198959210010911409729837921910624621577303959879867802394840055537
0.00567243422452448001354012761695575838699631013636594691025028420804687048019556577259803872772711230408472328431256517994114996

-0.12705706224799603098799980019961578300976070597746957971512206261889058464531639675119911202925607494847268374242557747067797367
0.09459724707224333303083683180372109313765682450156540968634430198959210010911409729837921910624621577303959879867802394840055537
0.00567243422452448001354012761695575838699631013636594691025028420804687048019556577259803872772711230408472328431256517994114996

-0.12705706224799603098799980019961578300976070597746957971512206261889058464531639675119911202925607494847268374242557747067797367
-0.96754018482424730204283703160410531012789611852409582997122223937070151546379770054718010707699014082456691505625244647772258170
0.00567243422452448001354012761695575838699631013636594691025028420804687048019556577259803872772711230408472328431256517994114996

-0.90089839763326655384103615076043642323812940365077732585559408807596223963575577657627821902368869749245488474712044560803593623
-0.83263856416518306061679504032793569448331097527766785571613494661131806808522480862584756706088612607786493859926981288222750797
0.00622526297969232864634831656792946042009879248616040771149749062836516547462287392470043520115562604064933437713113933537878157

0.73353696179844961445783119108837211772144037892844518157172903468728030772098058520212578608457482357031982334639025849026344420
-0.83263856416518306061679504032793569448331097527766785571613494661131806808522480862584756706088612607786493859926981288222750797
0.00622526297969232864634831656792946042009879248616040771149749062836516547462287392470043520115562604064933437713113933537878157

0.73353696179844961445783119108837211772144037892844518157172903468728030772098058520212578608457482357031982334639025849026344420
-0.90089839763326655384103615076043642323812940365077732585559408807596223963575577657627821902368869749245488474712044560803593623
0.00622526297969232864634831656792946042009879248616040771149749062836516547462287392470043520115562604064933437713113933537878157

-0.90089839763326655384103615076043642323812940365077732585559408807596223963575577657627821902368869749245488474712044560803593623
0.73353696179844961445783119108837211772144037892844518157172903468728030772098058520212578608457482357031982334639025849026344420
0.00622526297969232864634831656792946042009879248616040771149749062836516547462287392470043520115562604064933437713113933537878157

-0.83263856416518306061679504032793569448331097527766785571613494661131806808522480862584756706088612607786493859926981288222750797
0.73353696179844961445783119108837211772144037892844518157172903468728030772098058520212578608457482357031982334639025849026344420
0.00622526297969232864634831656792946042009879248616040771149749062836516547462287392470043520115562604064933437713113933537878157

-0.83263856416518306061679504032793569448331097527766785571613494661131806808522480862584756706088612607786493859926981288222750797
-0.90089839763326655384103615076043642323812940365077732585559408807596223963575577657627821902368869749245488474712044560803593623
0.00622526297969232864634831656792946042009879248616040771149749062836516547462287392470043520115562604064933437713113933537878157

-0.88836058506379511602208480319987081976190733396571212241184415539574352109726446128100722935135018666917105839461691817956228804
-0.73351240571431627338613253516950467452493497973113093329303804286708759491980342483611592900282761553268960601536815574731813425
0.00857177149717590674364009835934042067184456725727050381780954877657639045850760194035457129124664299338453980369370025939826198

0.62187299077811138940821733836937549428684231369684305570488219826283111601706788611712315835417780220186066440998507392688042229
-0.73351240571431627338613253516950467452493497973113093329303804286708759491980342483611592900282761553268960601536815574731813425
0.00857177149717590674364009835934042067184456725727050381780954877657639045850760194035457129124664299338453980369370025939826198

0.62187299077811138940821733836937549428684231369684305570488219826283111601706788611712315835417780220186066440998507392688042229
-0.88836058506379511602208480319987081976190733396571212241184415539574352109726446128100722935135018666917105839461691817956228804
0.00857177149717590674364009835934042067184456725727050381780954877657639045850760194035457129124664299338453980369370025939826198

-0.88836058506379511602208480319987081976190733396571212241184415539574352109726446128100722935135018666917105839461691817956228804
0.62187299077811138940821733836937549428684231369684305570488219826283111601706788611712315835417780220186066440998507392688042229
0.00857177149717590674364009835934042067184456725727050381780954877657639045850760194035457129124664299338453980369370025939826198

-0.73351240571431627338613253516950467452493497973113093329303804286708759491980342483611592900282761553268960601536815574731813425
0.62187299077811138940821733836937549428684231369684305570488219826283111601706788611712315835417780220186066440998507392688042229
0.00857177149717590674364009835934042067184456725727050381780954877657639045850760194035457129124664299338453980369370025939826198

-0.73351240571431627338613253516950467452493497973113093329303804286708759491980342483611592900282761553268960601536815574731813425
-0.88836058506379511602208480319987081976190733396571212241184415539574352109726446128100722935135018666917105839461691817956228804
0.00857177149717590674364009835934042067184456725727050381780954877657639045850760194035457129124664299338453980369370025939826198

-0.91745590668623389017428947544803412824544821686370185069557729636031609745120759286350198404832526859998774282187349381731717311
-0.60674288661470987231279932845231284330088067920536897749851895922296190198520950842575059301094766782617888282970261717607010425
0.00929850234690154027839867145513961796260651333212313843724246117198697329863003131478799704053501534357130165267381916536708043

0.52419879330094376248708880390034697154632889606907082819409625558327799943641710128925257705927293642616662565157611099338727736
-0.60674288661470987231279932845231284330088067920536897749851895922296190198520950842575059301094766782617888282970261717607010425
0.00929850234690154027839867145513961796260651333212313843724246117198697329863003131478799704053501534357130165267381916536708043

0.52419879330094376248708880390034697154632889606907082819409625558327799943641710128925257705927293642616662565157611099338727736
-0.91745590668623389017428947544803412824544821686370185069557729636031609745120759286350198404832526859998774282187349381731717311
0.00929850234690154027839867145513961796260651333212313843724246117198697329863003131478799704053501534357130165267381916536708043

-0.91745590668623389017428947544803412824544821686370185069557729636031609745120759286350198404832526859998774282187349381731717311
0.52419879330094376248708880390034697154632889606907082819409625558327799943641710128925257705927293642616662565157611099338727736
0.00929850234690154027839867145513961796260651333212313843724246117198697329863003131478799704053501534357130165267381916536708043

-0.60674288661470987231279932845231284330088067920536897749851895922296190198520950842575059301094766782617888282970261717607010425
0.52419879330094376248708880390034697154632889606907082819409625558327799943641710128925257705927293642616662565157611099338727736
0.00929850234690154027839867145513961796260651333212313843724246117198697329863003131478799704053501534357130165267381916536708043

-0.60674288661470987231279932845231284330088067920536897749851895922296190198520950842575059301094766782617888282970261717607010425
-0.91745590668623389017428947544803412824544821686370185069557729636031609745120759286350198404832526859998774282187349381731717311
0.00929850234690154027839867145513961796260651333212313843724246117198697329863003131478799704053501534357130165267381916536708043

-0.94105668056143161128635334405720703535083579106147757692130923656073421941320359340097851543267291105675490796302517410473361093
-0.45359278956915205832549452654808828321377271962460096188466675552540250936079073002501749465663320608908940711323436836688855089
0.00918532991551747134154370730328414102728971125221261955223524569657503035097693708717479040282966454654099731043055794461499798

0.39464947013058366961184787060529531856460851068607853880597599208613672877399432342599601008930611714584431507625954247162216181
-0.45359278956915205832549452654808828321377271962460096188466675552540250936079073002501749465663320608908940711323436836688855089
0.00918532991551747134154370730328414102728971125221261955223524569657503035097693708717479040282966454654099731043055794461499798

0.39464947013058366961184787060529531856460851068607853880597599208613672877399432342599601008930611714584431507625954247162216181
-0.94105668056143161128635334405720703535083579106147757692130923656073421941320359340097851543267291105675490796302517410473361093
0.00918532991551747134154370730328414102728971125221261955223524569657503035097693708717479040282966454654099731043055794461499798

-0.94105668056143161128635334405720703535083579106147757692130923656073421941320359340097851543267291105675490796302517410473361093
0.39464947013058366961184787060529531856460851068607853880597599208613672877399432342599601008930611714584431507625954247162216181
0.00918532991551747134154370730328414102728971125221261955223524569657503035097693708717479040282966454654099731043055794461499798

-0.45359278956915205832549452654808828321377271962460096188466675552540250936079073002501749465663320608908940711323436836688855089
0.39464947013058366961184787060529531856460851068607853880597599208613672877399432342599601008930611714584431507625954247162216181
0.00918532991551747134154370730328414102728971125221261955223524569657503035097693708717479040282966454654099731043055794461499798

-0.45359278956915205832549452654808828321377271962460096188466675552540250936079073002501749465663320608908940711323436836688855089
-0.94105668056143161128635334405720703535083579106147757692130923656073421941320359340097851543267291105675490796302517410473361093
0.00918532991551747134154370730328414102728971125221261955223524569657503035097693708717479040282966454654099731043055794461499798

-0.88453245128754189282550388574808621623895246960793289176963890639950485012788592367763600453196960867315355372973977666162447159
-0.37619112879330088318451299810134054243125027640490673147041811616322753182057105858663499937503049878149388560806110923929567607
0.01077564700171364110233132114413117440255850867817377528281166939535418337739579956607005158779871624774949119008600549552432919

0.26072358008084277601001688384942675867020274601283962324005702256273238194845698226427100390700010745464743933780088590092014766
-0.37619112879330088318451299810134054243125027640490673147041811616322753182057105858663499937503049878149388560806110923929567607
0.01077564700171364110233132114413117440255850867817377528281166939535418337739579956607005158779871624774949119008600549552432919

0.26072358008084277601001688384942675867020274601283962324005702256273238194845698226427100390700010745464743933780088590092014766
-0.88453245128754189282550388574808621623895246960793289176963890639950485012788592367763600453196960867315355372973977666162447159
0.01077564700171364110233132114413117440255850867817377528281166939535418337739579956607005158779871624774949119008600549552432919

-0.88453245128754189282550388574808621623895246960793289176963890639950485012788592367763600453196960867315355372973977666162447159
0.26072358008084277601001688384942675867020274601283962324005702256273238194845698226427100390700010745464743933780088590092014766
0.01077564700171364110233132114413117440255850867817377528281166939535418337739579956607005158779871624774949119008600549552432919

-0.37619112879330088318451299810134054243125027640490673147041811616322753182057105858663499937503049878149388560806110923929567607
0.26072358008084277601001688384942675867020274601283962324005702256273238194845698226427100390700010745464743933780088590092014766
0.01077564700171364110233132114413117440255850867817377528281166939535418337739579956607005158779871624774949119008600549552432919

-0.37619112879330088318451299810134054243125027640490673147041811616322753182057105858663499937503049878149388560806110923929567607
-0.88453245128754189282550388574808621623895246960793289176963890639950485012788592367763600453196960867315355372973977666162447159
0.01077564700171364110233132114413117440255850867817377528281166939535418337739579956607005158779871624774949119008600549552432919

-0.91367526557065444081349526352351342580170875517855229907396625446476329830523980457327087292282395678203427248842096105626775378
-0.13300254448204936059383911632495759101995678922545418367490083275570303145531476454761686371207792680076237696807973463503497043
0.00844941146751145353941747127059587387576459903520218097137038336573430962615549790313566695447595681305078231088839226764315387

0.04667781005270380140733437984847101682166554440400648274886708722046632976055456912088773663490188358279664945650069569130272421
-0.13300254448204936059383911632495759101995678922545418367490083275570303145531476454761686371207792680076237696807973463503497043
0.00844941146751145353941747127059587387576459903520218097137038336573430962615549790313566695447595681305078231088839226764315387

0.04667781005270380140733437984847101682166554440400648274886708722046632976055456912088773663490188358279664945650069569130272421
-0.91367526557065444081349526352351342580170875517855229907396625446476329830523980457327087292282395678203427248842096105626775378
0.00844941146751145353941747127059587387576459903520218097137038336573430962615549790313566695447595681305078231088839226764315387

-0.91367526557065444081349526352351342580170875517855229907396625446476329830523980457327087292282395678203427248842096105626775378
0.04667781005270380140733437984847101682166554440400648274886708722046632976055456912088773663490188358279664945650069569130272421
0.00844941146751145353941747127059587387576459903520218097137038336573430962615549790313566695447595681305078231088839226764315387

-0.13300254448204936059383911632495759101995678922545418367490083275570303145531476454761686371207792680076237696807973463503497043
0.04667781005270380140733437984847101682166554440400648274886708722046632976055456912088773663490188358279664945650069569130272421
0.00844941146751145353941747127059587387576459903520218097137038336573430962615549790313566695447595681305078231088839226764315387

-0.13300254448204936059383911632495759101995678922545418367490083275570303145531476454761686371207792680076237696807973463503497043
-0.91367526557065444081349526352351342580170875517855229907396625446476329830523980457327087292282395678203427248842096105626775378
0.00844941146751145353941747127059587387576459903520218097137038336573430962615549790313566695447595681305078231088839226764315387

-0.81618836317426197772027043910849020127559002318526753055361158151666573338684444197319427211546368737676607368032079143421310893
-0.82908293794224093848557557545853545453596338530205001283455052498050369648720746725784494619634389456731379349617150164610576378
0.00338725131550629696212922289065609161077002857214855796009174900255025163065910820849615033935547557869614502187317030745997788

0.64527130111650291620584601456702565581155340848731754338816210649716942987405190923103921831180758194407986717649229308031887271
-0.82908293794224093848557557545853545453596338530205001283455052498050369648720746725784494619634389456731379349617150164610576378
0.00338725131550629696212922289065609161077002857214855796009174900255025163065910820849615033935547557869614502187317030745997788

0.64527130111650291620584601456702565581155340848731754338816210649716942987405190923103921831180758194407986717649229308031887271
-0.81618836317426197772027043910849020127559002318526753055361158151666573338684444197319427211546368737676607368032079143421310893
0.00338725131550629696212922289065609161077002857214855796009174900255025163065910820849615033935547557869614502187317030745997788

-0.81618836317426197772027043910849020127559002318526753055361158151666573338684444197319427211546368737676607368032079143421310893
0.64527130111650291620584601456702565581155340848731754338816210649716942987405190923103921831180758194407986717649229308031887271
0.00338725131550629696212922289065609161077002857214855796009174900255025163065910820849615033935547557869614502187317030745997788

-0.82908293794224093848557557545853545453596338530205001283455052498050369648720746725784494619634389456731379349617150164610576378
0.64527130111650291620584601456702565581155340848731754338816210649716942987405190923103921831180758194407986717649229308031887271
0.00338725131550629696212922289065609161077002857214855796009174900255025163065910820849615033935547557869614502187317030745997788

-0.82908293794224093848557557545853545453596338530205001283455052498050369648720746725784494619634389456731379349617150164610576378
-0.81618836317426197772027043910849020127559002318526753055361158151666573338684444197319427211546368737676607368032079143421310893
0.00338725131550629696212922289065609161077002857214855796009174900255025163065910820849615033935547557869614502187317030745997788

-0.82305871249325873466557400388760838950648419108490523082814749972347938439413346116882506428342846410090722184163480805959311690
-0.66390821620010201253797488211401728775073540766640616574299073566611398094036262621445865339829943509354939312729691064465837995
0.01234246957365171861354847233941695423968141047708637996042254187511642101786048028318517592953530346677417739201109662431807091

0.48696692869336074720354888600162567725721959875131139657113823538959336533449608738328371768172789919445661496893171870425149685
-0.66390821620010201253797488211401728775073540766640616574299073566611398094036262621445865339829943509354939312729691064465837995
0.01234246957365171861354847233941695423968141047708637996042254187511642101786048028318517592953530346677417739201109662431807091

0.48696692869336074720354888600162567725721959875131139657113823538959336533449608738328371768172789919445661496893171870425149685
-0.82305871249325873466557400388760838950648419108490523082814749972347938439413346116882506428342846410090722184163480805959311690
0.01234246957365171861354847233941695423968141047708637996042254187511642101786048028318517592953530346677417739201109662431807091

-0.82305871249325873466557400388760838950648419108490523082814749972347938439413346116882506428342846410090722184163480805959311690
0.48696692869336074720354888600162567725721959875131139657113823538959336533449608738328371768172789919445661496893171870425149685
0.01234246957365171861354847233941695423968141047708637996042254187511642101786048028318517592953530346677417739201109662431807091

-0.66390821620010201253797488211401728775073540766640616574299073566611398094036262621445865339829943509354939312729691064465837995
0.48696692869336074720354888600162567725721959875131139657113823538959336533449608738328371768172789919445661496893171870425149685
0.01234246957365171861354847233941695423968141047708637996042254187511642101786048028318517592953530346677417739201109662431807091

-0.66390821620010201253797488211401728775073540766640616574299073566611398094036262621445865339829943509354939312729691064465837995
-0.82305871249325873466557400388760838950648419108490523082814749972347938439413346116882506428342846410090722184163480805959311690
0.01234246957365171861354847233941695423968141047708637996042254187511642101786048028318517592953530346677417739201109662431807091

-0.85946611959678214866227853420384824368215288710113457097254465918621587237797871477757973009047953608991571845403089298697407969
-0.52331224757040182574910540590884457551690611638622638119484973133205081001589724888585657656318868030691264451629576994528795624
0.01235028500655857951051477456165767974438111368596878283877287614917015863682760034922760832194159653128249540455880910677449007

0.38277836716718397441138394011269281919905900348736095216739439051826668239387596366343630665366821639682836297032666293226203594
-0.52331224757040182574910540590884457551690611638622638119484973133205081001589724888585657656318868030691264451629576994528795624
0.01235028500655857951051477456165767974438111368596878283877287614917015863682760034922760832194159653128249540455880910677449007

0.38277836716718397441138394011269281919905900348736095216739439051826668239387596366343630665366821639682836297032666293226203594
-0.85946611959678214866227853420384824368215288710113457097254465918621587237797871477757973009047953608991571845403089298697407969
0.01235028500655857951051477456165767974438111368596878283877287614917015863682760034922760832194159653128249540455880910677449007

-0.85946611959678214866227853420384824368215288710113457097254465918621587237797871477757973009047953608991571845403089298697407969
0.38277836716718397441138394011269281919905900348736095216739439051826668239387596366343630665366821639682836297032666293226203594
0.01235028500655857951051477456165767974438111368596878283877287614917015863682760034922760832194159653128249540455880910677449007

-0.52331224757040182574910540590884457551690611638622638119484973133205081001589724888585657656318868030691264451629576994528795624
0.38277836716718397441138394011269281919905900348736095216739439051826668239387596366343630665366821639682836297032666293226203594
0.01235028500655857951051477456165767974438111368596878283877287614917015863682760034922760832194159653128249540455880910677449007

-0.52331224757040182574910540590884457551690611638622638119484973133205081001589724888585657656318868030691264451629576994528795624
-0.85946611959678214866227853420384824368215288710113457097254465918621587237797871477757973009047953608991571845403089298697407969
0.01235028500655857951051477456165767974438111368596878283877287614917015863682760034922760832194159653128249540455880910677449007

-0.83917547496316778513717566864248879182107411013378554225326524850464707622959973359502518367020636170008517512886992202210012340
-0.24281098565505816031774354155509735470591942155131316866269255385575487990980565638161040139877243019637503109517570308305735650
0.01519228257202920194686486124040494611909677178436560617778406606834523725534245662427802903619933663243342631836824989233485022

0.08198646061822594545491921019758614652699353168509871091595780236040195613940538997663558506897879189646020622404562510515747990
-0.24281098565505816031774354155509735470591942155131316866269255385575487990980565638161040139877243019637503109517570308305735650
0.01519228257202920194686486124040494611909677178436560617778406606834523725534245662427802903619933663243342631836824989233485022

0.08198646061822594545491921019758614652699353168509871091595780236040195613940538997663558506897879189646020622404562510515747990
-0.83917547496316778513717566864248879182107411013378554225326524850464707622959973359502518367020636170008517512886992202210012340
0.01519228257202920194686486124040494611909677178436560617778406606834523725534245662427802903619933663243342631836824989233485022

-0.83917547496316778513717566864248879182107411013378554225326524850464707622959973359502518367020636170008517512886992202210012340
0.08198646061822594545491921019758614652699353168509871091595780236040195613940538997663558506897879189646020622404562510515747990
0.01519228257202920194686486124040494611909677178436560617778406606834523725534245662427802903619933663243342631836824989233485022

-0.24281098565505816031774354155509735470591942155131316866269255385575487990980565638161040139877243019637503109517570308305735650
0.08198646061822594545491921019758614652699353168509871091595780236040195613940538997663558506897879189646020622404562510515747990
0.01519228257202920194686486124040494611909677178436560617778406606834523725534245662427802903619933663243342631836824989233485022

-0.24281098565505816031774354155509735470591942155131316866269255385575487990980565638161040139877243019637503109517570308305735650
-0.83917547496316778513717566864248879182107411013378554225326524850464707622959973359502518367020636170008517512886992202210012340
0.01519228257202920194686486124040494611909677178436560617778406606834523725534245662427802903619933663243342631836824989233485022

-0.75365919179911125489947891707602578805835278622061211294862328071273037056289067387537388771971127611960681239358530995688738720
-0.56494862835268054753016082755938178823909741200011314733846264055567070117532329200484284509098121369249418184710035964061011152
0.01546045840103412354057259480004407750812943053702269990358777357813842601221868244578348437812065713115678182090159249586940704

0.31860782015179180242963974463540757629745019822072526028708592126840107173821396588021673281069248981210099424068566959749749871
-0.56494862835268054753016082755938178823909741200011314733846264055567070117532329200484284509098121369249418184710035964061011152
0.01546045840103412354057259480004407750812943053702269990358777357813842601221868244578348437812065713115678182090159249586940704

0.31860782015179180242963974463540757629745019822072526028708592126840107173821396588021673281069248981210099424068566959749749871
-0.75365919179911125489947891707602578805835278622061211294862328071273037056289067387537388771971127611960681239358530995688738720
0.01546045840103412354057259480004407750812943053702269990358777357813842601221868244578348437812065713115678182090159249586940704

-0.75365919179911125489947891707602578805835278622061211294862328071273037056289067387537388771971127611960681239358530995688738720
0.31860782015179180242963974463540757629745019822072526028708592126840107173821396588021673281069248981210099424068566959749749871
0.01546045840103412354057259480004407750812943053702269990358777357813842601221868244578348437812065713115678182090159249586940704

-0.56494862835268054753016082755938178823909741200011314733846264055567070117532329200484284509098121369249418184710035964061011152
0.31860782015179180242963974463540757629745019822072526028708592126840107173821396588021673281069248981210099424068566959749749871
0.01546045840103412354057259480004407750812943053702269990358777357813842601221868244578348437812065713115678182090159249586940704

-0.56494862835268054753016082755938178823909741200011314733846264055567070117532329200484284509098121369249418184710035964061011152
-0.75365919179911125489947891707602578805835278622061211294862328071273037056289067387537388771971127611960681239358530995688738720
0.01546045840103412354057259480004407750812943053702269990358777357813842601221868244578348437812065713115678182090159249586940704

-0.79071790823584330249194240266213779396121776796393238927883974695371218023968910663644703193449247946777367377616327788999217734
-0.41123152413316142630176680441667361780170492871611342702750910598538931648882703465287005034190531398162466822527343094190651229
0.01595844138960358527710096484099349721161339097646602808547072225474705882712929321628214892868366446399751678005829357392298509

0.20194943236900472879370920707881141176292269668004581630634885293910149672851614128931708227639779344939834200143670883189868963
-0.41123152413316142630176680441667361780170492871611342702750910598538931648882703465287005034190531398162466822527343094190651229
0.01595844138960358527710096484099349721161339097646602808547072225474705882712929321628214892868366446399751678005829357392298509

0.20194943236900472879370920707881141176292269668004581630634885293910149672851614128931708227639779344939834200143670883189868963
-0.79071790823584330249194240266213779396121776796393238927883974695371218023968910663644703193449247946777367377616327788999217734
0.01595844138960358527710096484099349721161339097646602808547072225474705882712929321628214892868366446399751678005829357392298509

-0.79071790823584330249194240266213779396121776796393238927883974695371218023968910663644703193449247946777367377616327788999217734
0.20194943236900472879370920707881141176292269668004581630634885293910149672851614128931708227639779344939834200143670883189868963
0.01595844138960358527710096484099349721161339097646602808547072225474705882712929321628214892868366446399751678005829357392298509

-0.41123152413316142630176680441667361780170492871611342702750910598538931648882703465287005034190531398162466822527343094190651229
0.20194943236900472879370920707881141176292269668004581630634885293910149672851614128931708227639779344939834200143670883189868963
0.01595844138960358527710096484099349721161339097646602808547072225474705882712929321628214892868366446399751678005829357392298509

-0.41123152413316142630176680441667361780170492871611342702750910598538931648882703465287005034190531398162466822527343094190651229
-0.79071790823584330249194240266213779396121776796393238927883974695371218023968910663644703193449247946777367377616327788999217734
0.01595844138960358527710096484099349721161339097646602808547072225474705882712929321628214892868366446399751678005829357392298509

-0.58663330052641236906232129089337177114538852766306048625324212965056086512847884164573275352783501012173377436737114041409677290
-0.63991613152320717414079466031203094883916116000050421022653856797522240993762910475426268589085277614104241297488085453084222306
0.01092929045474383112335427773395036630446009483394840666760828506475923249249183051205570843250508470649158899161102521077633351

0.22654943204961954320311595120540271998454968766356469647978069762578327506610794639999543941868778626277618734225199494493899596
-0.63991613152320717414079466031203094883916116000050421022653856797522240993762910475426268589085277614104241297488085453084222306
0.01092929045474383112335427773395036630446009483394840666760828506475923249249183051205570843250508470649158899161102521077633351

0.22654943204961954320311595120540271998454968766356469647978069762578327506610794639999543941868778626277618734225199494493899596
-0.58663330052641236906232129089337177114538852766306048625324212965056086512847884164573275352783501012173377436737114041409677290
0.01092929045474383112335427773395036630446009483394840666760828506475923249249183051205570843250508470649158899161102521077633351

-0.58663330052641236906232129089337177114538852766306048625324212965056086512847884164573275352783501012173377436737114041409677290
0.22654943204961954320311595120540271998454968766356469647978069762578327506610794639999543941868778626277618734225199494493899596
0.01092929045474383112335427773395036630446009483394840666760828506475923249249183051205570843250508470649158899161102521077633351

-0.63991613152320717414079466031203094883916116000050421022653856797522240993762910475426268589085277614104241297488085453084222306
0.22654943204961954320311595120540271998454968766356469647978069762578327506610794639999543941868778626277618734225199494493899596
0.01092929045474383112335427773395036630446009483394840666760828506475923249249183051205570843250508470649158899161102521077633351

-0.63991613152320717414079466031203094883916116000050421022653856797522240993762910475426268589085277614104241297488085453084222306
-0.58663330052641236906232129089337177114538852766306048625324212965056086512847884164573275352783501012173377436737114041409677290
0.01092929045474383112335427773395036630446009483394840666760828506475923249249183051205570843250508470649158899161102521077633351

-0.66917850471170103248048470325555983869601304673148892694562893982136752346909253918893243193343690643943415836350023652420306022
-0.45361618865533560418780965395077108211730964356747771694205000862301405591163394307690094537916752008933889930660315097316407035
0.01856027226733497109642730347420123665436768906652317520741178754309824017293817098118632194115726666691209818156063570165142759

0.12279469336703663666829435720633092081332269029896664388767894844438157938072648226583337731260442652877305767010338749736713057
-0.45361618865533560418780965395077108211730964356747771694205000862301405591163394307690094537916752008933889930660315097316407035
0.01856027226733497109642730347420123665436768906652317520741178754309824017293817098118632194115726666691209818156063570165142759

0.12279469336703663666829435720633092081332269029896664388767894844438157938072648226583337731260442652877305767010338749736713057
-0.66917850471170103248048470325555983869601304673148892694562893982136752346909253918893243193343690643943415836350023652420306022
0.01856027226733497109642730347420123665436768906652317520741178754309824017293817098118632194115726666691209818156063570165142759

-0.66917850471170103248048470325555983869601304673148892694562893982136752346909253918893243193343690643943415836350023652420306022
0.12279469336703663666829435720633092081332269029896664388767894844438157938072648226583337731260442652877305767010338749736713057
0.01856027226733497109642730347420123665436768906652317520741178754309824017293817098118632194115726666691209818156063570165142759

-0.45361618865533560418780965395077108211730964356747771694205000862301405591163394307690094537916752008933889930660315097316407035
0.12279469336703663666829435720633092081332269029896664388767894844438157938072648226583337731260442652877305767010338749736713057
0.01856027226733497109642730347420123665436768906652317520741178754309824017293817098118632194115726666691209818156063570165142759

-0.45361618865533560418780965395077108211730964356747771694205000862301405591163394307690094537916752008933889930660315097316407035
-0.66917850471170103248048470325555983869601304673148892694562893982136752346909253918893243193343690643943415836350023652420306022
0.01856027226733497109642730347420123665436768906652317520741178754309824017293817098118632194115726666691209818156063570165142759

-0.72731415813387331158138516887578594248416261479490481631545192484467057164012890724802713337396578226412958420456521960737923670
-0.28562077412972321897281752015199326063814384904686457304093835184973226601520739991513038696798468657469464580697072633640504566
0.01893536655578970455814330730710741169384313414134109946495335698297771360020990097886299643248930883934405014169011453168675185

0.01293493226359653055420268902777920312230646384176938935639027669440283765533630716315752034195046883882423001153594594378428236
-0.28562077412972321897281752015199326063814384904686457304093835184973226601520739991513038696798468657469464580697072633640504566
0.01893536655578970455814330730710741169384313414134109946495335698297771360020990097886299643248930883934405014169011453168675185

0.01293493226359653055420268902777920312230646384176938935639027669440283765533630716315752034195046883882423001153594594378428236
-0.72731415813387331158138516887578594248416261479490481631545192484467057164012890724802713337396578226412958420456521960737923670
0.01893536655578970455814330730710741169384313414134109946495335698297771360020990097886299643248930883934405014169011453168675185

-0.72731415813387331158138516887578594248416261479490481631545192484467057164012890724802713337396578226412958420456521960737923670
0.01293493226359653055420268902777920312230646384176938935639027669440283765533630716315752034195046883882423001153594594378428236
0.01893536655578970455814330730710741169384313414134109946495335698297771360020990097886299643248930883934405014169011453168675185

-0.28562077412972321897281752015199326063814384904686457304093835184973226601520739991513038696798468657469464580697072633640504566
0.01293493226359653055420268902777920312230646384176938935639027669440283765533630716315752034195046883882423001153594594378428236
0.01893536655578970455814330730710741169384313414134109946495335698297771360020990097886299643248930883934405014169011453168675185

-0.28562077412972321897281752015199326063814384904686457304093835184973226601520739991513038696798468657469464580697072633640504566
-0.72731415813387331158138516887578594248416261479490481631545192484467057164012890724802713337396578226412958420456521960737923670
0.01893536655578970455814330730710741169384313414134109946495335698297771360020990097886299643248930883934405014169011453168675185

-0.58642778550981624876446087507365945273206492867306836202877028263060852763479005253375435948770250744211693405295468157583091505
-0.35149551063356468913814146602294287299454580714855928142725249049941991005718829799463265441529085410655568882540822141488060486
0.02172933768891418809287618785187480474158946695072948150309301435815954835882879531192511937802803806052527738993099714665130577

-0.06207670385661906209739765890339767427338926417837235654397722686997156230802164947161298609700663845132737712163709700928848009
-0.35149551063356468913814146602294287299454580714855928142725249049941991005718829799463265441529085410655568882540822141488060486
0.02172933768891418809287618785187480474158946695072948150309301435815954835882879531192511937802803806052527738993099714665130577

-0.06207670385661906209739765890339767427338926417837235654397722686997156230802164947161298609700663845132737712163709700928848009
-0.58642778550981624876446087507365945273206492867306836202877028263060852763479005253375435948770250744211693405295468157583091505
0.02172933768891418809287618785187480474158946695072948150309301435815954835882879531192511937802803806052527738993099714665130577

-0.58642778550981624876446087507365945273206492867306836202877028263060852763479005253375435948770250744211693405295468157583091505
-0.06207670385661906209739765890339767427338926417837235654397722686997156230802164947161298609700663845132737712163709700928848009
0.02172933768891418809287618785187480474158946695072948150309301435815954835882879531192511937802803806052527738993099714665130577

-0.35149551063356468913814146602294287299454580714855928142725249049941991005718829799463265441529085410655568882540822141488060486
-0.06207670385661906209739765890339767427338926417837235654397722686997156230802164947161298609700663845132737712163709700928848009
0.02172933768891418809287618785187480474158946695072948150309301435815954835882879531192511937802803806052527738993099714665130577

-0.35149551063356468913814146602294287299454580714855928142725249049941991005718829799463265441529085410655568882540822141488060486
-0.58642778550981624876446087507365945273206492867306836202877028263060852763479005253375435948770250744211693405295468157583091505
0.02172933768891418809287618785187480474158946695072948150309301435815954835882879531192511937802803806052527738993099714665130577

-0.33333333333333333333333333333333333333333333333333333333333333333333333333333333333333333333333333333333333333333333333333333333
-0.33333333333333333333333333333333333333333333333333333333333333333333333333333333333333333333333333333333333333333333333333333333
0.02377319437659800467785160745209254196892399113779464197482227378283519200794698149431207233654099264287382360278914779852395290

