centroid    numS21      numS111     
true (1)    15 (3)      34 (6)      

-0.99250830061872764587786906775340731723162715937068196846360586336773396017113763702057595456423029217336828535173243560516141514
0.98501660123745529175573813550681463446325431874136393692721172673546792034227527404115190912846058434673657070346487121032283028
0.00036831571745067226275531628638427330711480052492441869447497831399055714484675862403747152803777604443150480484739626385043705

-0.99250830061872764587786906775340731723162715937068196846360586336773396017113763702057595456423029217336828535173243560516141514
-0.99250830061872764587786906775340731723162715937068196846360586336773396017113763702057595456423029217336828535173243560516141514
0.00036831571745067226275531628638427330711480052492441869447497831399055714484675862403747152803777604443150480484739626385043705

0.98501660123745529175573813550681463446325431874136393692721172673546792034227527404115190912846058434673657070346487121032283028
-0.99250830061872764587786906775340731723162715937068196846360586336773396017113763702057595456423029217336828535173243560516141514
0.00036831571745067226275531628638427330711480052492441869447497831399055714484675862403747152803777604443150480484739626385043705

-0.96205608417134774175450330642931995249000317696264764892966386947642376062723049313204508862263720065356384370543290779621400826
0.92411216834269548350900661285863990498000635392529529785932773895284752125446098626409017724527440130712768741086581559242801652
0.00184610510727987021787537150231501505024280614223859362337512505712925816950561102195111668360970724854200443792126167372524471

-0.96205608417134774175450330642931995249000317696264764892966386947642376062723049313204508862263720065356384370543290779621400826
-0.96205608417134774175450330642931995249000317696264764892966386947642376062723049313204508862263720065356384370543290779621400826
0.00184610510727987021787537150231501505024280614223859362337512505712925816950561102195111668360970724854200443792126167372524471

0.92411216834269548350900661285863990498000635392529529785932773895284752125446098626409017724527440130712768741086581559242801652
-0.96205608417134774175450330642931995249000317696264764892966386947642376062723049313204508862263720065356384370543290779621400826
0.00184610510727987021787537150231501505024280614223859362337512505712925816950561102195111668360970724854200443792126167372524471

-0.84211802150389568971459331173825991054284417657738945969858221967706017935813427317825272907798020581231869153922146390544154823
0.68423604300779137942918662347651982108568835315477891939716443935412035871626854635650545815596041162463738307844292781088309646
0.00732379160567056862594783537847744430028785921090583727326240180943708450369249534987898322314311198626337447804284477148599169

-0.84211802150389568971459331173825991054284417657738945969858221967706017935813427317825272907798020581231869153922146390544154823
-0.84211802150389568971459331173825991054284417657738945969858221967706017935813427317825272907798020581231869153922146390544154823
0.00732379160567056862594783537847744430028785921090583727326240180943708450369249534987898322314311198626337447804284477148599169

0.68423604300779137942918662347651982108568835315477891939716443935412035871626854635650545815596041162463738307844292781088309646
-0.84211802150389568971459331173825991054284417657738945969858221967706017935813427317825272907798020581231869153922146390544154823
0.00732379160567056862594783537847744430028785921090583727326240180943708450369249534987898322314311198626337447804284477148599169

-0.76431602019990781110666638891973526767032871987110826971917223888998520295169003271685439462759618628508438554051555160754510111
0.52863204039981562221333277783947053534065743974221653943834447777997040590338006543370878925519237257016877108103110321509020223
0.01029253833301743297149667651583000196602375549058616794497516418541905785775756910491360468054587739929933550924267065478469915

-0.76431602019990781110666638891973526767032871987110826971917223888998520295169003271685439462759618628508438554051555160754510111
-0.76431602019990781110666638891973526767032871987110826971917223888998520295169003271685439462759618628508438554051555160754510111
0.01029253833301743297149667651583000196602375549058616794497516418541905785775756910491360468054587739929933550924267065478469915

0.52863204039981562221333277783947053534065743974221653943834447777997040590338006543370878925519237257016877108103110321509020223
-0.76431602019990781110666638891973526767032871987110826971917223888998520295169003271685439462759618628508438554051555160754510111
0.01029253833301743297149667651583000196602375549058616794497516418541905785775756910491360468054587739929933550924267065478469915

-0.68326684508355366037108047855253121376639105850716884501262330599801407639345852426783406036000173228459562369438490085583668694
0.36653369016710732074216095710506242753278211701433769002524661199602815278691704853566812072000346456919124738876980171167337387
0.01356165226923792404485495089270676038904562332201644254049532364965628210302265349473790157075927284215749613854544949268792038

-0.68326684508355366037108047855253121376639105850716884501262330599801407639345852426783406036000173228459562369438490085583668694
-0.68326684508355366037108047855253121376639105850716884501262330599801407639345852426783406036000173228459562369438490085583668694
0.01356165226923792404485495089270676038904562332201644254049532364965628210302265349473790157075927284215749613854544949268792038

0.36653369016710732074216095710506242753278211701433769002524661199602815278691704853566812072000346456919124738876980171167337387
-0.68326684508355366037108047855253121376639105850716884501262330599801407639345852426783406036000173228459562369438490085583668694
0.01356165226923792404485495089270676038904562332201644254049532364965628210302265349473790157075927284215749613854544949268792038

-0.59756091396575511189883515251518114656366213027423379188277752951581346642384064854984885500924211890805726759300264082517984689
0.19512182793151022379767030503036229312732426054846758376555505903162693284768129709969771001848423781611453518600528165035969379
0.01653630851915068507299400625170849440231210617770864151121252840850835717030532709581506442533351571463363876496378854972798364

-0.59756091396575511189883515251518114656366213027423379188277752951581346642384064854984885500924211890805726759300264082517984689
-0.59756091396575511189883515251518114656366213027423379188277752951581346642384064854984885500924211890805726759300264082517984689
0.01653630851915068507299400625170849440231210617770864151121252840850835717030532709581506442533351571463363876496378854972798364

0.19512182793151022379767030503036229312732426054846758376555505903162693284768129709969771001848423781611453518600528165035969379
-0.59756091396575511189883515251518114656366213027423379188277752951581346642384064854984885500924211890805726759300264082517984689
0.01653630851915068507299400625170849440231210617770864151121252840850835717030532709581506442533351571463363876496378854972798364

-0.50828890204279426606619318909832319900652550025085518212277134086765646375137586792435778272563037703698175785139223752931056848
0.01657780408558853213238637819664639801305100050171036424554268173531292750275173584871556545126075407396351570278447505862113695
0.01879151550943082965643694306962733256183523805102697887931707228043843189282043219184803208844239642097185583554281867696408230

-0.50828890204279426606619318909832319900652550025085518212277134086765646375137586792435778272563037703698175785139223752931056848
-0.50828890204279426606619318909832319900652550025085518212277134086765646375137586792435778272563037703698175785139223752931056848
0.01879151550943082965643694306962733256183523805102697887931707228043843189282043219184803208844239642097185583554281867696408230

0.01657780408558853213238637819664639801305100050171036424554268173531292750275173584871556545126075407396351570278447505862113695
-0.50828890204279426606619318909832319900652550025085518212277134086765646375137586792435778272563037703698175785139223752931056848
0.01879151550943082965643694306962733256183523805102697887931707228043843189282043219184803208844239642097185583554281867696408230

-0.41908863283463447988163740419498646863716023671790445487423865519357369469248928138832459437995003678760243031195109884699640243
-0.16182273433073104023672519161002706272567952656419109025152268961285261061502143722335081124009992642479513937609780230600719514
0.02022091625762990868059512169310662709541344761809473318964031347804243661595870333468858174082576609664368033601307935810759638

-0.41908863283463447988163740419498646863716023671790445487423865519357369469248928138832459437995003678760243031195109884699640243
-0.41908863283463447988163740419498646863716023671790445487423865519357369469248928138832459437995003678760243031195109884699640243
0.02022091625762990868059512169310662709541344761809473318964031347804243661595870333468858174082576609664368033601307935810759638

-0.16182273433073104023672519161002706272567952656419109025152268961285261061502143722335081124009992642479513937609780230600719514
-0.41908863283463447988163740419498646863716023671790445487423865519357369469248928138832459437995003678760243031195109884699640243
0.02022091625762990868059512169310662709541344761809473318964031347804243661595870333468858174082576609664368033601307935810759638

-0.00257857687893419215163404872276211108076645981214171224276171784393323887378572141992658326636583764939903689423531243311383785
-0.99484284624213161569673190255447577783846708037571657551447656431213352225242855716014683346726832470120192621152937513377232430
0.00231571032705888571224486090357802661614446843252932571903505943008052198171092312952497020140545694227553587073544563140717133

-0.00257857687893419215163404872276211108076645981214171224276171784393323887378572141992658326636583764939903689423531243311383785
-0.00257857687893419215163404872276211108076645981214171224276171784393323887378572141992658326636583764939903689423531243311383785
0.00231571032705888571224486090357802661614446843252932571903505943008052198171092312952497020140545694227553587073544563140717133

-0.99484284624213161569673190255447577783846708037571657551447656431213352225242855716014683346726832470120192621152937513377232430
-0.00257857687893419215163404872276211108076645981214171224276171784393323887378572141992658326636583764939903689423531243311383785
0.00231571032705888571224486090357802661614446843252932571903505943008052198171092312952497020140545694227553587073544563140717133

-0.01525875643768614125557835308502491321531805585926459814616616667415100157556053623624614600094514357124482619226884261257267476
-0.96948248712462771748884329382995017356936388828147080370766766665169799684887892752750770799810971285751034761546231477485465049
0.00533120220158064543870876677379238260198262796532655626143475262018466276395601224814600178741556179516897353729775545739674564

-0.01525875643768614125557835308502491321531805585926459814616616667415100157556053623624614600094514357124482619226884261257267476
-0.01525875643768614125557835308502491321531805585926459814616616667415100157556053623624614600094514357124482619226884261257267476
0.00533120220158064543870876677379238260198262796532655626143475262018466276395601224814600178741556179516897353729775545739674564

-0.96948248712462771748884329382995017356936388828147080370766766665169799684887892752750770799810971285751034761546231477485465049
-0.01525875643768614125557835308502491321531805585926459814616616667415100157556053623624614600094514357124482619226884261257267476
0.00533120220158064543870876677379238260198262796532655626143475262018466276395601224814600178741556179516897353729775545739674564

-0.03764800031551093682255217538609838450358971750764935277380824594476567234263191574558690654315088903850733542625496342012209346
-0.92470399936897812635489564922780323099282056498470129445238350811046865531473616850882618691369822192298532914749007315975581309
0.00874583783726262371306664594715431625742611787537511835184966830048545922238815964429610461892731723737645564866787640837718745

-0.03764800031551093682255217538609838450358971750764935277380824594476567234263191574558690654315088903850733542625496342012209346
-0.03764800031551093682255217538609838450358971750764935277380824594476567234263191574558690654315088903850733542625496342012209346
0.00874583783726262371306664594715431625742611787537511835184966830048545922238815964429610461892731723737645564866787640837718745

-0.92470399936897812635489564922780323099282056498470129445238350811046865531473616850882618691369822192298532914749007315975581309
-0.03764800031551093682255217538609838450358971750764935277380824594476567234263191574558690654315088903850733542625496342012209346
0.00874583783726262371306664594715431625742611787537511835184966830048545922238815964429610461892731723737645564866787640837718745

-0.07266310652479022052084609924035621010441946616186526061482285532294661905107289892900372490778074077016935324512100174011940361
-0.85467378695041955895830780151928757979116106767626947877035428935410676189785420214199255018443851845966129350975799651976119278
0.01252495564617604030356569194788868122223589920546264995026903727138332473829182473294703379074038417976282815061350952247667760

-0.07266310652479022052084609924035621010441946616186526061482285532294661905107289892900372490778074077016935324512100174011940361
-0.07266310652479022052084609924035621010441946616186526061482285532294661905107289892900372490778074077016935324512100174011940361
0.01252495564617604030356569194788868122223589920546264995026903727138332473829182473294703379074038417976282815061350952247667760

-0.85467378695041955895830780151928757979116106767626947877035428935410676189785420214199255018443851845966129350975799651976119278
-0.07266310652479022052084609924035621010441946616186526061482285532294661905107289892900372490778074077016935324512100174011940361
0.01252495564617604030356569194788868122223589920546264995026903727138332473829182473294703379074038417976282815061350952247667760

-0.12142700457948594454633352940175944627975080990852240380634155211288855993197954852589931560267747718880566062765140814506951482
-0.75714599084102811090733294119648110744049838018295519238731689577422288013604090294820136879464504562238867874469718370986097036
0.01597741815973916291122677160379180340403880269375503584744464282200344372289087390007245740125664185850463396182117206456676577

-0.12142700457948594454633352940175944627975080990852240380634155211288855993197954852589931560267747718880566062765140814506951482
-0.12142700457948594454633352940175944627975080990852240380634155211288855993197954852589931560267747718880566062765140814506951482
0.01597741815973916291122677160379180340403880269375503584744464282200344372289087390007245740125664185850463396182117206456676577

-0.75714599084102811090733294119648110744049838018295519238731689577422288013604090294820136879464504562238867874469718370986097036
-0.12142700457948594454633352940175944627975080990852240380634155211288855993197954852589931560267747718880566062765140814506951482
0.01597741815973916291122677160379180340403880269375503584744464282200344372289087390007245740125664185850463396182117206456676577

-0.18239100970288467987734123982693235301487478547649698409617308394891719250799734545346831788216756495020903826012589097295082958
-0.63521798059423064024531752034613529397025042904700603180765383210216561498400530909306336423566487009958192347974821805409834083
0.01859974626836300315323926608943073231071167628146871308952282352107978906415224489419854052486421620714841600400021965092454063

-0.18239100970288467987734123982693235301487478547649698409617308394891719250799734545346831788216756495020903826012589097295082958
-0.18239100970288467987734123982693235301487478547649698409617308394891719250799734545346831788216756495020903826012589097295082958
0.01859974626836300315323926608943073231071167628146871308952282352107978906415224489419854052486421620714841600400021965092454063

-0.63521798059423064024531752034613529397025042904700603180765383210216561498400530909306336423566487009958192347974821805409834083
-0.18239100970288467987734123982693235301487478547649698409617308394891719250799734545346831788216756495020903826012589097295082958
0.01859974626836300315323926608943073231071167628146871308952282352107978906415224489419854052486421620714841600400021965092454063

-0.25367472519286699130021023220009791155097316169839236750431323118077053876616556057837063108381332259781463442141237684353014802
-0.49265054961426601739957953559980417689805367660321526499137353763845892246766887884325873783237335480437073115717524631293970395
0.02019632044291697320059996636524075994687135215716066361436205424667590803651153227046523218362903716365734205786661671306869822

-0.25367472519286699130021023220009791155097316169839236750431323118077053876616556057837063108381332259781463442141237684353014802
-0.25367472519286699130021023220009791155097316169839236750431323118077053876616556057837063108381332259781463442141237684353014802
0.02019632044291697320059996636524075994687135215716066361436205424667590803651153227046523218362903716365734205786661671306869822

-0.49265054961426601739957953559980417689805367660321526499137353763845892246766887884325873783237335480437073115717524631293970395
-0.25367472519286699130021023220009791155097316169839236750431323118077053876616556057837063108381332259781463442141237684353014802
0.02019632044291697320059996636524075994687135215716066361436205424667590803651153227046523218362903716365734205786661671306869822

-0.99279857546834672980370665587168004693003896546522188658997324721304438802857454240682368390917786763788318621182531423939051224
-0.96082223868862008522669365221287794849299595123262953907811987650192998548877647677542303774244886589345948523770606122080814919
0.00081307215000088464975667479558349554951510522002317250917394393326604203528009947787281357022519978308279062126009419172511793

0.95362081415696681503040030808455799542303491669785142566809312371497437351735101918224672165162673353134267144953137546019866143
-0.96082223868862008522669365221287794849299595123262953907811987650192998548877647677542303774244886589345948523770606122080814919
0.00081307215000088464975667479558349554951510522002317250917394393326604203528009947787281357022519978308279062126009419172511793

0.95362081415696681503040030808455799542303491669785142566809312371497437351735101918224672165162673353134267144953137546019866143
-0.99279857546834672980370665587168004693003896546522188658997324721304438802857454240682368390917786763788318621182531423939051224
0.00081307215000088464975667479558349554951510522002317250917394393326604203528009947787281357022519978308279062126009419172511793

-0.99279857546834672980370665587168004693003896546522188658997324721304438802857454240682368390917786763788318621182531423939051224
0.95362081415696681503040030808455799542303491669785142566809312371497437351735101918224672165162673353134267144953137546019866143
0.00081307215000088464975667479558349554951510522002317250917394393326604203528009947787281357022519978308279062126009419172511793

-0.96082223868862008522669365221287794849299595123262953907811987650192998548877647677542303774244886589345948523770606122080814919
0.95362081415696681503040030808455799542303491669785142566809312371497437351735101918224672165162673353134267144953137546019866143
0.00081307215000088464975667479558349554951510522002317250917394393326604203528009947787281357022519978308279062126009419172511793

-0.96082223868862008522669365221287794849299595123262953907811987650192998548877647677542303774244886589345948523770606122080814919
-0.99279857546834672980370665587168004693003896546522188658997324721304438802857454240682368390917786763788318621182531423939051224
0.00081307215000088464975667479558349554951510522002317250917394393326604203528009947787281357022519978308279062126009419172511793

-0.99228843450020279947289238662730235531248917975564296447454007668216898921339968337574012675867300565027360705110690774860836290
-0.90507991667661330965768905228499963084395685976867973572530116397847107963140122057316255259015924602954879597867443009319488985
0.00132646470354877263890736243470097924902116583177034292570585687839124792864158239550191041436810674775354909980489113995768774

0.89736835117681610913058143891230198615644603952432270019984124066064006884480090394890267934883225167982240302978133784180325275
-0.90507991667661330965768905228499963084395685976867973572530116397847107963140122057316255259015924602954879597867443009319488985
0.00132646470354877263890736243470097924902116583177034292570585687839124792864158239550191041436810674775354909980489113995768774

0.89736835117681610913058143891230198615644603952432270019984124066064006884480090394890267934883225167982240302978133784180325275
-0.99228843450020279947289238662730235531248917975564296447454007668216898921339968337574012675867300565027360705110690774860836290
0.00132646470354877263890736243470097924902116583177034292570585687839124792864158239550191041436810674775354909980489113995768774

-0.99228843450020279947289238662730235531248917975564296447454007668216898921339968337574012675867300565027360705110690774860836290
0.89736835117681610913058143891230198615644603952432270019984124066064006884480090394890267934883225167982240302978133784180325275
0.00132646470354877263890736243470097924902116583177034292570585687839124792864158239550191041436810674775354909980489113995768774

-0.90507991667661330965768905228499963084395685976867973572530116397847107963140122057316255259015924602954879597867443009319488985
0.89736835117681610913058143891230198615644603952432270019984124066064006884480090394890267934883225167982240302978133784180325275
0.00132646470354877263890736243470097924902116583177034292570585687839124792864158239550191041436810674775354909980489113995768774

-0.90507991667661330965768905228499963084395685976867973572530116397847107963140122057316255259015924602954879597867443009319488985
-0.99228843450020279947289238662730235531248917975564296447454007668216898921339968337574012675867300565027360705110690774860836290
0.00132646470354877263890736243470097924902116583177034292570585687839124792864158239550191041436810674775354909980489113995768774

-0.99386850140073940776038057406046162520242216799576067892273674479938251475106947267214271685968449267881665004025036710946620365
-0.82706816380840005755508284384057971134986742511933402414556842921220881389783978431349714167359713729384012044475543867549156119
0.00139651750198419602129893007405980253289283702937023194774730417882246442543388827326808297726824411861242968591016071018413695

0.82093666520913946531546341790104133655228959311509470306830517401159132864890925698563985853328162997265677048500580578495776484
-0.82706816380840005755508284384057971134986742511933402414556842921220881389783978431349714167359713729384012044475543867549156119
0.00139651750198419602129893007405980253289283702937023194774730417882246442543388827326808297726824411861242968591016071018413695

0.82093666520913946531546341790104133655228959311509470306830517401159132864890925698563985853328162997265677048500580578495776484
-0.99386850140073940776038057406046162520242216799576067892273674479938251475106947267214271685968449267881665004025036710946620365
0.00139651750198419602129893007405980253289283702937023194774730417882246442543388827326808297726824411861242968591016071018413695

-0.99386850140073940776038057406046162520242216799576067892273674479938251475106947267214271685968449267881665004025036710946620365
0.82093666520913946531546341790104133655228959311509470306830517401159132864890925698563985853328162997265677048500580578495776484
0.00139651750198419602129893007405980253289283702937023194774730417882246442543388827326808297726824411861242968591016071018413695

-0.82706816380840005755508284384057971134986742511933402414556842921220881389783978431349714167359713729384012044475543867549156119
0.82093666520913946531546341790104133655228959311509470306830517401159132864890925698563985853328162997265677048500580578495776484
0.00139651750198419602129893007405980253289283702937023194774730417882246442543388827326808297726824411861242968591016071018413695

-0.82706816380840005755508284384057971134986742511933402414556842921220881389783978431349714167359713729384012044475543867549156119
-0.99386850140073940776038057406046162520242216799576067892273674479938251475106947267214271685968449267881665004025036710946620365
0.00139651750198419602129893007405980253289283702937023194774730417882246442543388827326808297726824411861242968591016071018413695

-0.99490078520664149338096127687598749765865909594765320178610287960211925517411559250456300579262476049187974103679126292678992797
-0.72954697123169499797809164959053195722913611260081538127064982979015784344014807704110181644399264714995767072563998158956373844
0.00141906632040708563657384207310853588190342443346270606681173178549264708891148442521352703496281588941874590635712483018988704

0.72444775643833649135905292646651945488779520854846858305675270939227709861426366954566482223661740764183741176243124451635366641
-0.72954697123169499797809164959053195722913611260081538127064982979015784344014807704110181644399264714995767072563998158956373844
0.00141906632040708563657384207310853588190342443346270606681173178549264708891148442521352703496281588941874590635712483018988704

0.72444775643833649135905292646651945488779520854846858305675270939227709861426366954566482223661740764183741176243124451635366641
-0.99490078520664149338096127687598749765865909594765320178610287960211925517411559250456300579262476049187974103679126292678992797
0.00141906632040708563657384207310853588190342443346270606681173178549264708891148442521352703496281588941874590635712483018988704

-0.99490078520664149338096127687598749765865909594765320178610287960211925517411559250456300579262476049187974103679126292678992797
0.72444775643833649135905292646651945488779520854846858305675270939227709861426366954566482223661740764183741176243124451635366641
0.00141906632040708563657384207310853588190342443346270606681173178549264708891148442521352703496281588941874590635712483018988704

-0.72954697123169499797809164959053195722913611260081538127064982979015784344014807704110181644399264714995767072563998158956373844
0.72444775643833649135905292646651945488779520854846858305675270939227709861426366954566482223661740764183741176243124451635366641
0.00141906632040708563657384207310853588190342443346270606681173178549264708891148442521352703496281588941874590635712483018988704

-0.72954697123169499797809164959053195722913611260081538127064982979015784344014807704110181644399264714995767072563998158956373844
-0.99490078520664149338096127687598749765865909594765320178610287960211925517411559250456300579262476049187974103679126292678992797
0.00141906632040708563657384207310853588190342443346270606681173178549264708891148442521352703496281588941874590635712483018988704

-0.99635701030891955925543561491446161680070806028143404018069068078031962750608945561757187638316209436873980008601970577990758318
-0.61522169091402691815955668510628859938656849976997284093441937449691748590875622583954458544773692026840496339736588034219479321
0.00116803929921246902744858119580924023785707037387728715562130456941543769018778212378991876232134491786409506013538563049692593

0.61157870122294647741499230002075021618727656005140688111511005527723711341484568145711646183089901463714476348338558612210237638
-0.61522169091402691815955668510628859938656849976997284093441937449691748590875622583954458544773692026840496339736588034219479321
0.00116803929921246902744858119580924023785707037387728715562130456941543769018778212378991876232134491786409506013538563049692593

0.61157870122294647741499230002075021618727656005140688111511005527723711341484568145711646183089901463714476348338558612210237638
-0.99635701030891955925543561491446161680070806028143404018069068078031962750608945561757187638316209436873980008601970577990758318
0.00116803929921246902744858119580924023785707037387728715562130456941543769018778212378991876232134491786409506013538563049692593

-0.99635701030891955925543561491446161680070806028143404018069068078031962750608945561757187638316209436873980008601970577990758318
0.61157870122294647741499230002075021618727656005140688111511005527723711341484568145711646183089901463714476348338558612210237638
0.00116803929921246902744858119580924023785707037387728715562130456941543769018778212378991876232134491786409506013538563049692593

-0.61522169091402691815955668510628859938656849976997284093441937449691748590875622583954458544773692026840496339736588034219479321
0.61157870122294647741499230002075021618727656005140688111511005527723711341484568145711646183089901463714476348338558612210237638
0.00116803929921246902744858119580924023785707037387728715562130456941543769018778212378991876232134491786409506013538563049692593

-0.61522169091402691815955668510628859938656849976997284093441937449691748590875622583954458544773692026840496339736588034219479321
-0.99635701030891955925543561491446161680070806028143404018069068078031962750608945561757187638316209436873980008601970577990758318
0.00116803929921246902744858119580924023785707037387728715562130456941543769018778212378991876232134491786409506013538563049692593

-0.99345082378002961132094088870407025724941458138775429895168421707469716140522644390670452159302760593871818061170205778776515885
-0.48204970060750553806952689413227468815111175340633856162215770133972335376840868920840924970108778815303922003187682186059716455
0.00232940386122342550938025298717693797264561366861665996964202115905813645863454337612581628697309072872483355832515436510062976

0.47550052438753514939046778283634494540052633479409286057384191841442051517363513311511377129411539409175740064357887964836232340
-0.48204970060750553806952689413227468815111175340633856162215770133972335376840868920840924970108778815303922003187682186059716455
0.00232940386122342550938025298717693797264561366861665996964202115905813645863454337612581628697309072872483355832515436510062976

0.47550052438753514939046778283634494540052633479409286057384191841442051517363513311511377129411539409175740064357887964836232340
-0.99345082378002961132094088870407025724941458138775429895168421707469716140522644390670452159302760593871818061170205778776515885
0.00232940386122342550938025298717693797264561366861665996964202115905813645863454337612581628697309072872483355832515436510062976

-0.99345082378002961132094088870407025724941458138775429895168421707469716140522644390670452159302760593871818061170205778776515885
0.47550052438753514939046778283634494540052633479409286057384191841442051517363513311511377129411539409175740064357887964836232340
0.00232940386122342550938025298717693797264561366861665996964202115905813645863454337612581628697309072872483355832515436510062976

-0.48204970060750553806952689413227468815111175340633856162215770133972335376840868920840924970108778815303922003187682186059716455
0.47550052438753514939046778283634494540052633479409286057384191841442051517363513311511377129411539409175740064357887964836232340
0.00232940386122342550938025298717693797264561366861665996964202115905813645863454337612581628697309072872483355832515436510062976

-0.48204970060750553806952689413227468815111175340633856162215770133972335376840868920840924970108778815303922003187682186059716455
-0.99345082378002961132094088870407025724941458138775429895168421707469716140522644390670452159302760593871818061170205778776515885
0.00232940386122342550938025298717693797264561366861665996964202115905813645863454337612581628697309072872483355832515436510062976

-0.99541541821705930925268187534350330097122605649549822951228597389142576145768282432835361342179682091443373808390784862377831815
-0.33910902354866606355231272411906932387922002912258533181065236452143094264601890405571439868866643033052906931050339177338146028
0.00176918670806380842246672660258752344706038336140094903987776050328385219194669491028109970111023031665666237047058507643881422

0.33452444176572537280499459946257262485044608561808356132293833841285670410370172838406801211046325124496280739441124039715977843
-0.33910902354866606355231272411906932387922002912258533181065236452143094264601890405571439868866643033052906931050339177338146028
0.00176918670806380842246672660258752344706038336140094903987776050328385219194669491028109970111023031665666237047058507643881422

0.33452444176572537280499459946257262485044608561808356132293833841285670410370172838406801211046325124496280739441124039715977843
-0.99541541821705930925268187534350330097122605649549822951228597389142576145768282432835361342179682091443373808390784862377831815
0.00176918670806380842246672660258752344706038336140094903987776050328385219194669491028109970111023031665666237047058507643881422

-0.99541541821705930925268187534350330097122605649549822951228597389142576145768282432835361342179682091443373808390784862377831815
0.33452444176572537280499459946257262485044608561808356132293833841285670410370172838406801211046325124496280739441124039715977843
0.00176918670806380842246672660258752344706038336140094903987776050328385219194669491028109970111023031665666237047058507643881422

-0.33910902354866606355231272411906932387922002912258533181065236452143094264601890405571439868866643033052906931050339177338146028
0.33452444176572537280499459946257262485044608561808356132293833841285670410370172838406801211046325124496280739441124039715977843
0.00176918670806380842246672660258752344706038336140094903987776050328385219194669491028109970111023031665666237047058507643881422

-0.33910902354866606355231272411906932387922002912258533181065236452143094264601890405571439868866643033052906931050339177338146028
-0.99541541821705930925268187534350330097122605649549822951228597389142576145768282432835361342179682091443373808390784862377831815
0.00176918670806380842246672660258752344706038336140094903987776050328385219194669491028109970111023031665666237047058507643881422

-0.99773042424381520718476629992992954574911466932196497064830966273809449592796424567963435782411695315126514369249688716593836791
-0.18122935174322075251056343938017176019905559918046551546431104753812257863537314831587611896776441378483035597884848926406895220
0.00115595130989155071117460932890030483017650024106635795071564888708381984339800884207489634200244511281972962213634795008022660

0.17895977598703595969532973931010130594817026850243048611262071027621707456333739399551047679188136693609549967134537643000732011
-0.18122935174322075251056343938017176019905559918046551546431104753812257863537314831587611896776441378483035597884848926406895220
0.00115595130989155071117460932890030483017650024106635795071564888708381984339800884207489634200244511281972962213634795008022660

0.17895977598703595969532973931010130594817026850243048611262071027621707456333739399551047679188136693609549967134537643000732011
-0.99773042424381520718476629992992954574911466932196497064830966273809449592796424567963435782411695315126514369249688716593836791
0.00115595130989155071117460932890030483017650024106635795071564888708381984339800884207489634200244511281972962213634795008022660

-0.99773042424381520718476629992992954574911466932196497064830966273809449592796424567963435782411695315126514369249688716593836791
0.17895977598703595969532973931010130594817026850243048611262071027621707456333739399551047679188136693609549967134537643000732011
0.00115595130989155071117460932890030483017650024106635795071564888708381984339800884207489634200244511281972962213634795008022660

-0.18122935174322075251056343938017176019905559918046551546431104753812257863537314831587611896776441378483035597884848926406895220
0.17895977598703595969532973931010130594817026850243048611262071027621707456333739399551047679188136693609549967134537643000732011
0.00115595130989155071117460932890030483017650024106635795071564888708381984339800884207489634200244511281972962213634795008022660

-0.18122935174322075251056343938017176019905559918046551546431104753812257863537314831587611896776441378483035597884848926406895220
-0.99773042424381520718476629992992954574911466932196497064830966273809449592796424567963435782411695315126514369249688716593836791
0.00115595130989155071117460932890030483017650024106635795071564888708381984339800884207489634200244511281972962213634795008022660

-0.95995957087681370978167250785528587064454822179330111794571167187636728589414898579683091582881554088882606690667795686927606523
-0.90719268112331218952173954628767971146255237677180139003588518887073650227328616171972679687051319671217778930526080757123570235
0.00297482434682166374577175132517884483815142554742216539843552487985088163178552386856843913294283030630502493951403557868937710

0.86715225200012589930341205414296558210710059856510250798159686074710378816743514751655771269932873760100385621193876444051176758
-0.90719268112331218952173954628767971146255237677180139003588518887073650227328616171972679687051319671217778930526080757123570235
0.00297482434682166374577175132517884483815142554742216539843552487985088163178552386856843913294283030630502493951403557868937710

0.86715225200012589930341205414296558210710059856510250798159686074710378816743514751655771269932873760100385621193876444051176758
-0.95995957087681370978167250785528587064454822179330111794571167187636728589414898579683091582881554088882606690667795686927606523
0.00297482434682166374577175132517884483815142554742216539843552487985088163178552386856843913294283030630502493951403557868937710

-0.95995957087681370978167250785528587064454822179330111794571167187636728589414898579683091582881554088882606690667795686927606523
0.86715225200012589930341205414296558210710059856510250798159686074710378816743514751655771269932873760100385621193876444051176758
0.00297482434682166374577175132517884483815142554742216539843552487985088163178552386856843913294283030630502493951403557868937710

-0.90719268112331218952173954628767971146255237677180139003588518887073650227328616171972679687051319671217778930526080757123570235
0.86715225200012589930341205414296558210710059856510250798159686074710378816743514751655771269932873760100385621193876444051176758
0.00297482434682166374577175132517884483815142554742216539843552487985088163178552386856843913294283030630502493951403557868937710

-0.90719268112331218952173954628767971146255237677180139003588518887073650227328616171972679687051319671217778930526080757123570235
-0.95995957087681370978167250785528587064454822179330111794571167187636728589414898579683091582881554088882606690667795686927606523
0.00297482434682166374577175132517884483815142554742216539843552487985088163178552386856843913294283030630502493951403557868937710

-0.96695030874856977939672147432013941202950106614380363732073700298731044256689424648534487461085066987246288130950249154630599441
-0.82809038771423566769044108555682101972038636017545358317252860421144491954880660657694982755391255772933319250548074941025911220
0.00345230032144482226762656690014165477598447277941227096460933381320130114042146391115947820364271431553413799762070888018647691

0.79504069646280544708716255987696043174988742631925722049326560719875536211570085306229470216476322760179607381498324095656510661
-0.82809038771423566769044108555682101972038636017545358317252860421144491954880660657694982755391255772933319250548074941025911220
0.00345230032144482226762656690014165477598447277941227096460933381320130114042146391115947820364271431553413799762070888018647691

0.79504069646280544708716255987696043174988742631925722049326560719875536211570085306229470216476322760179607381498324095656510661
-0.96695030874856977939672147432013941202950106614380363732073700298731044256689424648534487461085066987246288130950249154630599441
0.00345230032144482226762656690014165477598447277941227096460933381320130114042146391115947820364271431553413799762070888018647691

-0.96695030874856977939672147432013941202950106614380363732073700298731044256689424648534487461085066987246288130950249154630599441
0.79504069646280544708716255987696043174988742631925722049326560719875536211570085306229470216476322760179607381498324095656510661
0.00345230032144482226762656690014165477598447277941227096460933381320130114042146391115947820364271431553413799762070888018647691

-0.82809038771423566769044108555682101972038636017545358317252860421144491954880660657694982755391255772933319250548074941025911220
0.79504069646280544708716255987696043174988742631925722049326560719875536211570085306229470216476322760179607381498324095656510661
0.00345230032144482226762656690014165477598447277941227096460933381320130114042146391115947820364271431553413799762070888018647691

-0.82809038771423566769044108555682101972038636017545358317252860421144491954880660657694982755391255772933319250548074941025911220
-0.96695030874856977939672147432013941202950106614380363732073700298731044256689424648534487461085066987246288130950249154630599441
0.00345230032144482226762656690014165477598447277941227096460933381320130114042146391115947820364271431553413799762070888018647691

-0.97160306289294773122969955730745645009742007972636204173709456689241448559177480925240909115698215833794518132053115444895570034
-0.72726449311466606957662279381910182756090171525467507652285213817656431812440890031927948613339152788988230174062629459526479120
0.00375803872627047978199667201780477100169959930998964313099690091254994128632786914796123896791519292774401655092310165201411166

0.69886755600761380080632235112655827765832179498103711825994670506897880371618370957168857729037368622782748306115744904422049154
-0.72726449311466606957662279381910182756090171525467507652285213817656431812440890031927948613339152788988230174062629459526479120
0.00375803872627047978199667201780477100169959930998964313099690091254994128632786914796123896791519292774401655092310165201411166

0.69886755600761380080632235112655827765832179498103711825994670506897880371618370957168857729037368622782748306115744904422049154
-0.97160306289294773122969955730745645009742007972636204173709456689241448559177480925240909115698215833794518132053115444895570034
0.00375803872627047978199667201780477100169959930998964313099690091254994128632786914796123896791519292774401655092310165201411166

-0.97160306289294773122969955730745645009742007972636204173709456689241448559177480925240909115698215833794518132053115444895570034
0.69886755600761380080632235112655827765832179498103711825994670506897880371618370957168857729037368622782748306115744904422049154
0.00375803872627047978199667201780477100169959930998964313099690091254994128632786914796123896791519292774401655092310165201411166

-0.72726449311466606957662279381910182756090171525467507652285213817656431812440890031927948613339152788988230174062629459526479120
0.69886755600761380080632235112655827765832179498103711825994670506897880371618370957168857729037368622782748306115744904422049154
0.00375803872627047978199667201780477100169959930998964313099690091254994128632786914796123896791519292774401655092310165201411166

-0.72726449311466606957662279381910182756090171525467507652285213817656431812440890031927948613339152788988230174062629459526479120
-0.97160306289294773122969955730745645009742007972636204173709456689241448559177480925240909115698215833794518132053115444895570034
0.00375803872627047978199667201780477100169959930998964313099690091254994128632786914796123896791519292774401655092310165201411166

-0.97950058991669959577431617644251315489012294286765542890104202746910913401026106776350965488226284078869786533009432798133601280
-0.60834434943121758136609182660365639246498122250962480239365467377951942799745192196245139971862508574229676206301959452867555152
0.00321322574716163479532120682466939146233894174467685273501827454227844029021616122422858784887562755668159614693759934539347159

0.58784493934791717714040800304616954735510416537728023129469670124862856200771298972596105460088792653099462739311392251001156432
-0.60834434943121758136609182660365639246498122250962480239365467377951942799745192196245139971862508574229676206301959452867555152
0.00321322574716163479532120682466939146233894174467685273501827454227844029021616122422858784887562755668159614693759934539347159

0.58784493934791717714040800304616954735510416537728023129469670124862856200771298972596105460088792653099462739311392251001156432
-0.97950058991669959577431617644251315489012294286765542890104202746910913401026106776350965488226284078869786533009432798133601280
0.00321322574716163479532120682466939146233894174467685273501827454227844029021616122422858784887562755668159614693759934539347159

-0.97950058991669959577431617644251315489012294286765542890104202746910913401026106776350965488226284078869786533009432798133601280
0.58784493934791717714040800304616954735510416537728023129469670124862856200771298972596105460088792653099462739311392251001156432
0.00321322574716163479532120682466939146233894174467685273501827454227844029021616122422858784887562755668159614693759934539347159

-0.60834434943121758136609182660365639246498122250962480239365467377951942799745192196245139971862508574229676206301959452867555152
0.58784493934791717714040800304616954735510416537728023129469670124862856200771298972596105460088792653099462739311392251001156432
0.00321322574716163479532120682466939146233894174467685273501827454227844029021616122422858784887562755668159614693759934539347159

-0.60834434943121758136609182660365639246498122250962480239365467377951942799745192196245139971862508574229676206301959452867555152
-0.97950058991669959577431617644251315489012294286765542890104202746910913401026106776350965488226284078869786533009432798133601280
0.00321322574716163479532120682466939146233894174467685273501827454227844029021616122422858784887562755668159614693759934539347159

-0.94479236018717683692041181374252132626978055223225354776804890722892001435343690554791760236092835417465020061294976190846740325
-0.60033487188611824205069053387590150038259977642734784038110283882378251517049582035283903100239481554167985534624100943166175078
0.00597169344113296023834282933137493955728081130161223025631332340993014529711193570000760640510207664141670781826904097910535043

0.54512723207329507897110234761842282665238032865960138814915174605270252952393272590075663336332316971633005595919077134012915403
-0.60033487188611824205069053387590150038259977642734784038110283882378251517049582035283903100239481554167985534624100943166175078
0.00597169344113296023834282933137493955728081130161223025631332340993014529711193570000760640510207664141670781826904097910535043

0.54512723207329507897110234761842282665238032865960138814915174605270252952393272590075663336332316971633005595919077134012915403
-0.94479236018717683692041181374252132626978055223225354776804890722892001435343690554791760236092835417465020061294976190846740325
0.00597169344113296023834282933137493955728081130161223025631332340993014529711193570000760640510207664141670781826904097910535043

-0.94479236018717683692041181374252132626978055223225354776804890722892001435343690554791760236092835417465020061294976190846740325
0.54512723207329507897110234761842282665238032865960138814915174605270252952393272590075663336332316971633005595919077134012915403
0.00597169344113296023834282933137493955728081130161223025631332340993014529711193570000760640510207664141670781826904097910535043

-0.60033487188611824205069053387590150038259977642734784038110283882378251517049582035283903100239481554167985534624100943166175078
0.54512723207329507897110234761842282665238032865960138814915174605270252952393272590075663336332316971633005595919077134012915403
0.00597169344113296023834282933137493955728081130161223025631332340993014529711193570000760640510207664141670781826904097910535043

-0.60033487188611824205069053387590150038259977642734784038110283882378251517049582035283903100239481554167985534624100943166175078
-0.94479236018717683692041181374252132626978055223225354776804890722892001435343690554791760236092835417465020061294976190846740325
0.00597169344113296023834282933137493955728081130161223025631332340993014529711193570000760640510207664141670781826904097910535043

-0.96576898051017966903906672101829646315591556703866735395376995545905596818538336842183990642437837267132419475994135836173863011
-0.46394819975228470345175427049333896967136443046707404865059723170345423304537263391949365757484158188833846130127753886140049748
0.00580793977059971391768904999578648753053610107346078695147249713013559868541958297894645842181543130420314460821860795132542582

0.42971718026246437249082099151163543282727999750574140260436718716251020123075600234133356399921995455966265606121889722313912759
-0.46394819975228470345175427049333896967136443046707404865059723170345423304537263391949365757484158188833846130127753886140049748
0.00580793977059971391768904999578648753053610107346078695147249713013559868541958297894645842181543130420314460821860795132542582

0.42971718026246437249082099151163543282727999750574140260436718716251020123075600234133356399921995455966265606121889722313912759
-0.96576898051017966903906672101829646315591556703866735395376995545905596818538336842183990642437837267132419475994135836173863011
0.00580793977059971391768904999578648753053610107346078695147249713013559868541958297894645842181543130420314460821860795132542582

-0.96576898051017966903906672101829646315591556703866735395376995545905596818538336842183990642437837267132419475994135836173863011
0.42971718026246437249082099151163543282727999750574140260436718716251020123075600234133356399921995455966265606121889722313912759
0.00580793977059971391768904999578648753053610107346078695147249713013559868541958297894645842181543130420314460821860795132542582

-0.46394819975228470345175427049333896967136443046707404865059723170345423304537263391949365757484158188833846130127753886140049748
0.42971718026246437249082099151163543282727999750574140260436718716251020123075600234133356399921995455966265606121889722313912759
0.00580793977059971391768904999578648753053610107346078695147249713013559868541958297894645842181543130420314460821860795132542582

-0.46394819975228470345175427049333896967136443046707404865059723170345423304537263391949365757484158188833846130127753886140049748
-0.96576898051017966903906672101829646315591556703866735395376995545905596818538336842183990642437837267132419475994135836173863011
0.00580793977059971391768904999578648753053610107346078695147249713013559868541958297894645842181543130420314460821860795132542582

-0.97644580860596622326433295998650711218178766294790578095965352478303517939797141914798379148105160019124638942204153637530072679
-0.31210234498345884047692864663886561797535791140309486681130955224627031189730177843668767274040303977991883619405896719612360198
0.00448675591989820745079226078746620282086291843294083086854002957802023867016834474959113468296491674928914701317174666352828831

0.28854815358942506374126160662537273015714557435100064777096307702930549129527319758467146422145463997116522561610050357142432876
-0.31210234498345884047692864663886561797535791140309486681130955224627031189730177843668767274040303977991883619405896719612360198
0.00448675591989820745079226078746620282086291843294083086854002957802023867016834474959113468296491674928914701317174666352828831

0.28854815358942506374126160662537273015714557435100064777096307702930549129527319758467146422145463997116522561610050357142432876
-0.97644580860596622326433295998650711218178766294790578095965352478303517939797141914798379148105160019124638942204153637530072679
0.00448675591989820745079226078746620282086291843294083086854002957802023867016834474959113468296491674928914701317174666352828831

-0.97644580860596622326433295998650711218178766294790578095965352478303517939797141914798379148105160019124638942204153637530072679
0.28854815358942506374126160662537273015714557435100064777096307702930549129527319758467146422145463997116522561610050357142432876
0.00448675591989820745079226078746620282086291843294083086854002957802023867016834474959113468296491674928914701317174666352828831

-0.31210234498345884047692864663886561797535791140309486681130955224627031189730177843668767274040303977991883619405896719612360198
0.28854815358942506374126160662537273015714557435100064777096307702930549129527319758467146422145463997116522561610050357142432876
0.00448675591989820745079226078746620282086291843294083086854002957802023867016834474959113468296491674928914701317174666352828831

-0.31210234498345884047692864663886561797535791140309486681130955224627031189730177843668767274040303977991883619405896719612360198
-0.97644580860596622326433295998650711218178766294790578095965352478303517939797141914798379148105160019124638942204153637530072679
0.00448675591989820745079226078746620282086291843294083086854002957802023867016834474959113468296491674928914701317174666352828831

-0.98396766759428163805308086931980486606607325022630323979868080715195871381887065742189708949750852342446699050319745711036202908
-0.15601389932827524323523199329401645578771067307040703976565776193863292187297105198386474260400255821261253484540288032321792459
0.00342762644302217881492850540538072659343260355678557074242633098781377447860847615427319987236855557880751019578153988365684344

0.13998156692255688128831286261382132185378392329671027956433856909059163569184170940576183210151108163707952534860033743357995367
-0.15601389932827524323523199329401645578771067307040703976565776193863292187297105198386474260400255821261253484540288032321792459
0.00342762644302217881492850540538072659343260355678557074242633098781377447860847615427319987236855557880751019578153988365684344

0.13998156692255688128831286261382132185378392329671027956433856909059163569184170940576183210151108163707952534860033743357995367
-0.98396766759428163805308086931980486606607325022630323979868080715195871381887065742189708949750852342446699050319745711036202908
0.00342762644302217881492850540538072659343260355678557074242633098781377447860847615427319987236855557880751019578153988365684344

-0.98396766759428163805308086931980486606607325022630323979868080715195871381887065742189708949750852342446699050319745711036202908
0.13998156692255688128831286261382132185378392329671027956433856909059163569184170940576183210151108163707952534860033743357995367
0.00342762644302217881492850540538072659343260355678557074242633098781377447860847615427319987236855557880751019578153988365684344

-0.15601389932827524323523199329401645578771067307040703976565776193863292187297105198386474260400255821261253484540288032321792459
0.13998156692255688128831286261382132185378392329671027956433856909059163569184170940576183210151108163707952534860033743357995367
0.00342762644302217881492850540538072659343260355678557074242633098781377447860847615427319987236855557880751019578153988365684344

-0.15601389932827524323523199329401645578771067307040703976565776193863292187297105198386474260400255821261253484540288032321792459
-0.98396766759428163805308086931980486606607325022630323979868080715195871381887065742189708949750852342446699050319745711036202908
0.00342762644302217881492850540538072659343260355678557074242633098781377447860847615427319987236855557880751019578153988365684344

-0.91191004113782017932450325700377676707450711863255976775755793213070162653738478458231574328786255555585167510447863390336837925
-0.89308617342338958636785908651122818308380876663995658579689301201839426016269242094143623922708793346274730512696268630311392859
0.00260986503496937759863100374615094300699776761726738463725089317748062119856948802277701061986265400623584398090939593304744023

0.80499621456120976569236234351500495015831588527251635355445094414909588670007720552375198251495048901859898023144132020648230784
-0.89308617342338958636785908651122818308380876663995658579689301201839426016269242094143623922708793346274730512696268630311392859
0.00260986503496937759863100374615094300699776761726738463725089317748062119856948802277701061986265400623584398090939593304744023

0.80499621456120976569236234351500495015831588527251635355445094414909588670007720552375198251495048901859898023144132020648230784
-0.91191004113782017932450325700377676707450711863255976775755793213070162653738478458231574328786255555585167510447863390336837925
0.00260986503496937759863100374615094300699776761726738463725089317748062119856948802277701061986265400623584398090939593304744023

-0.91191004113782017932450325700377676707450711863255976775755793213070162653738478458231574328786255555585167510447863390336837925
0.80499621456120976569236234351500495015831588527251635355445094414909588670007720552375198251495048901859898023144132020648230784
0.00260986503496937759863100374615094300699776761726738463725089317748062119856948802277701061986265400623584398090939593304744023

-0.89308617342338958636785908651122818308380876663995658579689301201839426016269242094143623922708793346274730512696268630311392859
0.80499621456120976569236234351500495015831588527251635355445094414909588670007720552375198251495048901859898023144132020648230784
0.00260986503496937759863100374615094300699776761726738463725089317748062119856948802277701061986265400623584398090939593304744023

-0.89308617342338958636785908651122818308380876663995658579689301201839426016269242094143623922708793346274730512696268630311392859
-0.91191004113782017932450325700377676707450711863255976775755793213070162653738478458231574328786255555585167510447863390336837925
0.00260986503496937759863100374615094300699776761726738463725089317748062119856948802277701061986265400623584398090939593304744023

-0.91772145252478600348759881101005096476478182591082296008018049217751843033574296107972778511459799252305435744310159787549853473
-0.81947566712285815233157784888506223165069025831191822412994628242987753126867091892590650144907742462992984233976424153836581013
0.00550011603972725640562090164307582856950601651310925535051823463161953311511659274815304878028950826245633879564880531323627865

0.73719711964764415581917665989511319641547208422274118421012677460739596160441388000563428656367541715298419978286583941386434486
-0.81947566712285815233157784888506223165069025831191822412994628242987753126867091892590650144907742462992984233976424153836581013
0.00550011603972725640562090164307582856950601651310925535051823463161953311511659274815304878028950826245633879564880531323627865

0.73719711964764415581917665989511319641547208422274118421012677460739596160441388000563428656367541715298419978286583941386434486
-0.91772145252478600348759881101005096476478182591082296008018049217751843033574296107972778511459799252305435744310159787549853473
0.00550011603972725640562090164307582856950601651310925535051823463161953311511659274815304878028950826245633879564880531323627865

-0.91772145252478600348759881101005096476478182591082296008018049217751843033574296107972778511459799252305435744310159787549853473
0.73719711964764415581917665989511319641547208422274118421012677460739596160441388000563428656367541715298419978286583941386434486
0.00550011603972725640562090164307582856950601651310925535051823463161953311511659274815304878028950826245633879564880531323627865

-0.81947566712285815233157784888506223165069025831191822412994628242987753126867091892590650144907742462992984233976424153836581013
0.73719711964764415581917665989511319641547208422274118421012677460739596160441388000563428656367541715298419978286583941386434486
0.00550011603972725640562090164307582856950601651310925535051823463161953311511659274815304878028950826245633879564880531323627865

-0.81947566712285815233157784888506223165069025831191822412994628242987753126867091892590650144907742462992984233976424153836581013
-0.91772145252478600348759881101005096476478182591082296008018049217751843033574296107972778511459799252305435744310159787549853473
0.00550011603972725640562090164307582856950601651310925535051823463161953311511659274815304878028950826245633879564880531323627865

-0.92753232557599263608979003175164623924715320130139093869855199510353415507456232618869141475350319728068338199079247644598134645
-0.71948365462294884262941257380154466054734542210836578854362654235787902348295004710373027604024921628350738841653490280560929640
0.00608019378173889430597498577124544868025202294354079845644363937668917526198231951242113947893192314531263288654161739837672961

0.64701598019894147871920260555319089979449862340975672724217853746141317855751237329242169079375241356419077040732737925159064285
-0.71948365462294884262941257380154466054734542210836578854362654235787902348295004710373027604024921628350738841653490280560929640
0.00608019378173889430597498577124544868025202294354079845644363937668917526198231951242113947893192314531263288654161739837672961

0.64701598019894147871920260555319089979449862340975672724217853746141317855751237329242169079375241356419077040732737925159064285
-0.92753232557599263608979003175164623924715320130139093869855199510353415507456232618869141475350319728068338199079247644598134645
0.00608019378173889430597498577124544868025202294354079845644363937668917526198231951242113947893192314531263288654161739837672961

-0.92753232557599263608979003175164623924715320130139093869855199510353415507456232618869141475350319728068338199079247644598134645
0.64701598019894147871920260555319089979449862340975672724217853746141317855751237329242169079375241356419077040732737925159064285
0.00608019378173889430597498577124544868025202294354079845644363937668917526198231951242113947893192314531263288654161739837672961

-0.71948365462294884262941257380154466054734542210836578854362654235787902348295004710373027604024921628350738841653490280560929640
0.64701598019894147871920260555319089979449862340975672724217853746141317855751237329242169079375241356419077040732737925159064285
0.00608019378173889430597498577124544868025202294354079845644363937668917526198231951242113947893192314531263288654161739837672961

-0.71948365462294884262941257380154466054734542210836578854362654235787902348295004710373027604024921628350738841653490280560929640
-0.92753232557599263608979003175164623924715320130139093869855199510353415507456232618869141475350319728068338199079247644598134645
0.00608019378173889430597498577124544868025202294354079845644363937668917526198231951242113947893192314531263288654161739837672961

-0.88167936091312200378911342175439042582089711316092492456087750535065728524309855949554127631462597174898338211920012015132889340
-0.62410865419109195597059031692155212568851699055438436149985242746490343031265429146294384958129617048223257376994358257010961086
0.00911027622793963833731863913275779356566599101592130913733888590852873025438535491767220558060376815016894167600781487610604892

0.50578801510421395975970373867594255150941410371530928606072993281556071555575285095848512589592214223121595588914370272143850426
-0.62410865419109195597059031692155212568851699055438436149985242746490343031265429146294384958129617048223257376994358257010961086
0.00911027622793963833731863913275779356566599101592130913733888590852873025438535491767220558060376815016894167600781487610604892

0.50578801510421395975970373867594255150941410371530928606072993281556071555575285095848512589592214223121595588914370272143850426
-0.88167936091312200378911342175439042582089711316092492456087750535065728524309855949554127631462597174898338211920012015132889340
0.00911027622793963833731863913275779356566599101592130913733888590852873025438535491767220558060376815016894167600781487610604892

-0.88167936091312200378911342175439042582089711316092492456087750535065728524309855949554127631462597174898338211920012015132889340
0.50578801510421395975970373867594255150941410371530928606072993281556071555575285095848512589592214223121595588914370272143850426
0.00911027622793963833731863913275779356566599101592130913733888590852873025438535491767220558060376815016894167600781487610604892

-0.62410865419109195597059031692155212568851699055438436149985242746490343031265429146294384958129617048223257376994358257010961086
0.50578801510421395975970373867594255150941410371530928606072993281556071555575285095848512589592214223121595588914370272143850426
0.00911027622793963833731863913275779356566599101592130913733888590852873025438535491767220558060376815016894167600781487610604892

-0.62410865419109195597059031692155212568851699055438436149985242746490343031265429146294384958129617048223257376994358257010961086
-0.88167936091312200378911342175439042582089711316092492456087750535065728524309855949554127631462597174898338211920012015132889340
0.00911027622793963833731863913275779356566599101592130913733888590852873025438535491767220558060376815016894167600781487610604892

-0.91030832051474572516897128351130392968847990369187489515615758406974696512961253497445004983247897911963840700316396771377244359
-0.48689509377754991794692267597501103500525070906693966472091025295680977090285433514074955660802412916219455580475547289230375071
0.00909079816286060068391835712883039365349592981720552631587018541098621513751179252727957257791578797740638361545609366664595528

0.39720341429229564311589395948631496469373061275881455987706783702655673603246687011519960644050310828183296280791944060607619430
-0.48689509377754991794692267597501103500525070906693966472091025295680977090285433514074955660802412916219455580475547289230375071
0.00909079816286060068391835712883039365349592981720552631587018541098621513751179252727957257791578797740638361545609366664595528

0.39720341429229564311589395948631496469373061275881455987706783702655673603246687011519960644050310828183296280791944060607619430
-0.91030832051474572516897128351130392968847990369187489515615758406974696512961253497445004983247897911963840700316396771377244359
0.00909079816286060068391835712883039365349592981720552631587018541098621513751179252727957257791578797740638361545609366664595528

-0.91030832051474572516897128351130392968847990369187489515615758406974696512961253497445004983247897911963840700316396771377244359
0.39720341429229564311589395948631496469373061275881455987706783702655673603246687011519960644050310828183296280791944060607619430
0.00909079816286060068391835712883039365349592981720552631587018541098621513751179252727957257791578797740638361545609366664595528

-0.48689509377754991794692267597501103500525070906693966472091025295680977090285433514074955660802412916219455580475547289230375071
0.39720341429229564311589395948631496469373061275881455987706783702655673603246687011519960644050310828183296280791944060607619430
0.00909079816286060068391835712883039365349592981720552631587018541098621513751179252727957257791578797740638361545609366664595528

-0.48689509377754991794692267597501103500525070906693966472091025295680977090285433514074955660802412916219455580475547289230375071
-0.91030832051474572516897128351130392968847990369187489515615758406974696512961253497445004983247897911963840700316396771377244359
0.00909079816286060068391835712883039365349592981720552631587018541098621513751179252727957257791578797740638361545609366664595528

-0.93332642519045401312083319858159947341556870449638039700230724028464077554713026356791590903540816835276739818933978817049703348
-0.33881037227388538035226040284172582671238706776491035316956802090012554041722413443731883969450288088802055623997636766665422957
0.00815707835296129862247661315965324195303308725203010862707601368375930512335927690604143676329530941646232974313086391195536762

0.27213679746433939347309360142332530012795577226129075017187526118476631596435439800523474872991104924078795442931615583715126305
-0.33881037227388538035226040284172582671238706776491035316956802090012554041722413443731883969450288088802055623997636766665422957
0.00815707835296129862247661315965324195303308725203010862707601368375930512335927690604143676329530941646232974313086391195536762

0.27213679746433939347309360142332530012795577226129075017187526118476631596435439800523474872991104924078795442931615583715126305
-0.93332642519045401312083319858159947341556870449638039700230724028464077554713026356791590903540816835276739818933978817049703348
0.00815707835296129862247661315965324195303308725203010862707601368375930512335927690604143676329530941646232974313086391195536762

-0.93332642519045401312083319858159947341556870449638039700230724028464077554713026356791590903540816835276739818933978817049703348
0.27213679746433939347309360142332530012795577226129075017187526118476631596435439800523474872991104924078795442931615583715126305
0.00815707835296129862247661315965324195303308725203010862707601368375930512335927690604143676329530941646232974313086391195536762

-0.33881037227388538035226040284172582671238706776491035316956802090012554041722413443731883969450288088802055623997636766665422957
0.27213679746433939347309360142332530012795577226129075017187526118476631596435439800523474872991104924078795442931615583715126305
0.00815707835296129862247661315965324195303308725203010862707601368375930512335927690604143676329530941646232974313086391195536762

-0.33881037227388538035226040284172582671238706776491035316956802090012554041722413443731883969450288088802055623997636766665422957
-0.93332642519045401312083319858159947341556870449638039700230724028464077554713026356791590903540816835276739818933978817049703348
0.00815707835296129862247661315965324195303308725203010862707601368375930512335927690604143676329530941646232974313086391195536762

-0.95103677253622025955527623943158333261810026166512583262205931757324554421221485457377777015956705454006152861465688593121162017
-0.18057398947424055524771469184309945985170455517931962710861832388274580494584046673145963959884437626748378283535879497847314202
0.00668291379479121017061746803853694932147378458569086877675212318332499961870311457106162778570206254498353316388742655406205218

0.13161076201046081480299093127468279246980481684444545973067764145599134915805532130523740975841143080754531145001568090968476219
-0.18057398947424055524771469184309945985170455517931962710861832388274580494584046673145963959884437626748378283535879497847314202
0.00668291379479121017061746803853694932147378458569086877675212318332499961870311457106162778570206254498353316388742655406205218

0.13161076201046081480299093127468279246980481684444545973067764145599134915805532130523740975841143080754531145001568090968476219
-0.95103677253622025955527623943158333261810026166512583262205931757324554421221485457377777015956705454006152861465688593121162017
0.00668291379479121017061746803853694932147378458569086877675212318332499961870311457106162778570206254498353316388742655406205218

-0.95103677253622025955527623943158333261810026166512583262205931757324554421221485457377777015956705454006152861465688593121162017
0.13161076201046081480299093127468279246980481684444545973067764145599134915805532130523740975841143080754531145001568090968476219
0.00668291379479121017061746803853694932147378458569086877675212318332499961870311457106162778570206254498353316388742655406205218

-0.18057398947424055524771469184309945985170455517931962710861832388274580494584046673145963959884437626748378283535879497847314202
0.13161076201046081480299093127468279246980481684444545973067764145599134915805532130523740975841143080754531145001568090968476219
0.00668291379479121017061746803853694932147378458569086877675212318332499961870311457106162778570206254498353316388742655406205218

-0.18057398947424055524771469184309945985170455517931962710861832388274580494584046673145963959884437626748378283535879497847314202
-0.95103677253622025955527623943158333261810026166512583262205931757324554421221485457377777015956705454006152861465688593121162017
0.00668291379479121017061746803853694932147378458569086877675212318332499961870311457106162778570206254498353316388742655406205218

-0.85702013628170274426238249547450369520016312579389800361509454636768177965179098075057328493115238378936648997519795401183425323
-0.74423396339608148974323192984382277249753333090341244613998906329764029428195723143743676344859092743235392288976954213656822201
0.00854090291054297300468570780395540941033637348508581536733748515124977017021552365212999856977470421423790691346684450895026983

0.60125409967778423400561442531832646769769645669731044975508360966532207393374821218801004837974331122172041286496749614840247524
-0.74423396339608148974323192984382277249753333090341244613998906329764029428195723143743676344859092743235392288976954213656822201
0.00854090291054297300468570780395540941033637348508581536733748515124977017021552365212999856977470421423790691346684450895026983

0.60125409967778423400561442531832646769769645669731044975508360966532207393374821218801004837974331122172041286496749614840247524
-0.85702013628170274426238249547450369520016312579389800361509454636768177965179098075057328493115238378936648997519795401183425323
0.00854090291054297300468570780395540941033637348508581536733748515124977017021552365212999856977470421423790691346684450895026983

-0.85702013628170274426238249547450369520016312579389800361509454636768177965179098075057328493115238378936648997519795401183425323
0.60125409967778423400561442531832646769769645669731044975508360966532207393374821218801004837974331122172041286496749614840247524
0.00854090291054297300468570780395540941033637348508581536733748515124977017021552365212999856977470421423790691346684450895026983

-0.74423396339608148974323192984382277249753333090341244613998906329764029428195723143743676344859092743235392288976954213656822201
0.60125409967778423400561442531832646769769645669731044975508360966532207393374821218801004837974331122172041286496749614840247524
0.00854090291054297300468570780395540941033637348508581536733748515124977017021552365212999856977470421423790691346684450895026983

-0.74423396339608148974323192984382277249753333090341244613998906329764029428195723143743676344859092743235392288976954213656822201
-0.85702013628170274426238249547450369520016312579389800361509454636768177965179098075057328493115238378936648997519795401183425323
0.00854090291054297300468570780395540941033637348508581536733748515124977017021552365212999856977470421423790691346684450895026983

-0.83056532308849728889531622262040786185566249891194082185238243111275427191416113506770076490313284133754764174731372374742588365
-0.51206262461954361806044494303872997261208847034473744958218500726306917325030868624426006892334465951479804907058285903615108591
0.01219174641199517364933105319676866230372242629760725252837704448726444000886643885402065419312467885111203069454847967097713549

0.34262794770804090695576116565913783446775096925667827143456743837582344516446982131196083382647750085234569081789658278357696956
-0.51206262461954361806044494303872997261208847034473744958218500726306917325030868624426006892334465951479804907058285903615108591
0.01219174641199517364933105319676866230372242629760725252837704448726444000886643885402065419312467885111203069454847967097713549

0.34262794770804090695576116565913783446775096925667827143456743837582344516446982131196083382647750085234569081789658278357696956
-0.83056532308849728889531622262040786185566249891194082185238243111275427191416113506770076490313284133754764174731372374742588365
0.01219174641199517364933105319676866230372242629760725252837704448726444000886643885402065419312467885111203069454847967097713549

-0.83056532308849728889531622262040786185566249891194082185238243111275427191416113506770076490313284133754764174731372374742588365
0.34262794770804090695576116565913783446775096925667827143456743837582344516446982131196083382647750085234569081789658278357696956
0.01219174641199517364933105319676866230372242629760725252837704448726444000886643885402065419312467885111203069454847967097713549

-0.51206262461954361806044494303872997261208847034473744958218500726306917325030868624426006892334465951479804907058285903615108591
0.34262794770804090695576116565913783446775096925667827143456743837582344516446982131196083382647750085234569081789658278357696956
0.01219174641199517364933105319676866230372242629760725252837704448726444000886643885402065419312467885111203069454847967097713549

-0.51206262461954361806044494303872997261208847034473744958218500726306917325030868624426006892334465951479804907058285903615108591
-0.83056532308849728889531622262040786185566249891194082185238243111275427191416113506770076490313284133754764174731372374742588365
0.01219174641199517364933105319676866230372242629760725252837704448726444000886643885402065419312467885111203069454847967097713549

-0.86442709493786790632949574029354980471445885027570052414212174260319553706450727190163048182965843122904790781089049477022326946
-0.36239777203060549086225246470659607847385627814699579477287514096856428813091128303142749897806431625502274698980218001465290148
0.01173146360703823894721548024262118861509577191719021147263605286712142453348729252960218605185959444293628697384993380453571257

0.22682486696847339719174820500014588318831512842269631891499688357175982519541855493305798080772274748407065480069267478487617094
-0.36239777203060549086225246470659607847385627814699579477287514096856428813091128303142749897806431625502274698980218001465290148
0.01173146360703823894721548024262118861509577191719021147263605286712142453348729252960218605185959444293628697384993380453571257

0.22682486696847339719174820500014588318831512842269631891499688357175982519541855493305798080772274748407065480069267478487617094
-0.86442709493786790632949574029354980471445885027570052414212174260319553706450727190163048182965843122904790781089049477022326946
0.01173146360703823894721548024262118861509577191719021147263605286712142453348729252960218605185959444293628697384993380453571257

-0.86442709493786790632949574029354980471445885027570052414212174260319553706450727190163048182965843122904790781089049477022326946
0.22682486696847339719174820500014588318831512842269631891499688357175982519541855493305798080772274748407065480069267478487617094
0.01173146360703823894721548024262118861509577191719021147263605286712142453348729252960218605185959444293628697384993380453571257

-0.36239777203060549086225246470659607847385627814699579477287514096856428813091128303142749897806431625502274698980218001465290148
0.22682486696847339719174820500014588318831512842269631891499688357175982519541855493305798080772274748407065480069267478487617094
0.01173146360703823894721548024262118861509577191719021147263605286712142453348729252960218605185959444293628697384993380453571257

-0.36239777203060549086225246470659607847385627814699579477287514096856428813091128303142749897806431625502274698980218001465290148
-0.86442709493786790632949574029354980471445885027570052414212174260319553706450727190163048182965843122904790781089049477022326946
0.01173146360703823894721548024262118861509577191719021147263605286712142453348729252960218605185959444293628697384993380453571257

-0.89524032090669287545987899664952327438807928099222334842192729496050389941219481220051281948072695668386531151965266013625030204
-0.20386601556646656829693154312335178307523675753598485877512844686744445317424355012048139995143705525460028492013827535252772819
0.01040049601731053879729530955542684744764599582580132212608793318101319104155251307857251080103705565328895363906813560766798536

0.09910633647315944375681053977287505746331603852820820719705574182794835258643836232099421943216401193846559643979093548877803023
-0.20386601556646656829693154312335178307523675753598485877512844686744445317424355012048139995143705525460028492013827535252772819
0.01040049601731053879729530955542684744764599582580132212608793318101319104155251307857251080103705565328895363906813560766798536

0.09910633647315944375681053977287505746331603852820820719705574182794835258643836232099421943216401193846559643979093548877803023
-0.89524032090669287545987899664952327438807928099222334842192729496050389941219481220051281948072695668386531151965266013625030204
0.01040049601731053879729530955542684744764599582580132212608793318101319104155251307857251080103705565328895363906813560766798536

-0.89524032090669287545987899664952327438807928099222334842192729496050389941219481220051281948072695668386531151965266013625030204
0.09910633647315944375681053977287505746331603852820820719705574182794835258643836232099421943216401193846559643979093548877803023
0.01040049601731053879729530955542684744764599582580132212608793318101319104155251307857251080103705565328895363906813560766798536

-0.20386601556646656829693154312335178307523675753598485877512844686744445317424355012048139995143705525460028492013827535252772819
0.09910633647315944375681053977287505746331603852820820719705574182794835258643836232099421943216401193846559643979093548877803023
0.01040049601731053879729530955542684744764599582580132212608793318101319104155251307857251080103705565328895363906813560766798536

-0.20386601556646656829693154312335178307523675753598485877512844686744445317424355012048139995143705525460028492013827535252772819
-0.89524032090669287545987899664952327438807928099222334842192729496050389941219481220051281948072695668386531151965266013625030204
0.01040049601731053879729530955542684744764599582580132212608793318101319104155251307857251080103705565328895363906813560766798536

-0.79478176818469523223771046840102699485694419501610890089688397020578317558573895802368881202882529321487718076600712435461111753
-0.64821796771844827975893568584774641673778080657651686425675469105392382109627110687818428285286192050045499191734056078902586385
0.01161484358341387836943961875182896863484351437793371663723185951455900365720201216137172483179193135659709183207678337462800167

0.44299973590314351199664615424877341159472500159262576515363866125970699668201006490187309488168721371533217268334768514363698137
-0.64821796771844827975893568584774641673778080657651686425675469105392382109627110687818428285286192050045499191734056078902586385
0.01161484358341387836943961875182896863484351437793371663723185951455900365720201216137172483179193135659709183207678337462800167

0.44299973590314351199664615424877341159472500159262576515363866125970699668201006490187309488168721371533217268334768514363698137
-0.79478176818469523223771046840102699485694419501610890089688397020578317558573895802368881202882529321487718076600712435461111753
0.01161484358341387836943961875182896863484351437793371663723185951455900365720201216137172483179193135659709183207678337462800167

-0.79478176818469523223771046840102699485694419501610890089688397020578317558573895802368881202882529321487718076600712435461111753
0.44299973590314351199664615424877341159472500159262576515363866125970699668201006490187309488168721371533217268334768514363698137
0.01161484358341387836943961875182896863484351437793371663723185951455900365720201216137172483179193135659709183207678337462800167

-0.64821796771844827975893568584774641673778080657651686425675469105392382109627110687818428285286192050045499191734056078902586385
0.44299973590314351199664615424877341159472500159262576515363866125970699668201006490187309488168721371533217268334768514363698137
0.01161484358341387836943961875182896863484351437793371663723185951455900365720201216137172483179193135659709183207678337462800167

-0.64821796771844827975893568584774641673778080657651686425675469105392382109627110687818428285286192050045499191734056078902586385
-0.79478176818469523223771046840102699485694419501610890089688397020578317558573895802368881202882529321487718076600712435461111753
0.01161484358341387836943961875182896863484351437793371663723185951455900365720201216137172483179193135659709183207678337462800167

-0.76893633624340994324948540895012823150946387093732539750824631769602697418053818876975926648661078817181360639379037608085082176
-0.40084244478657656232136997203269680279398961322079238166177148182964481565691092179687404273961427019357691260813750285257936623
0.01491026659981840588049780081363336755947699524862536942774248495998817095241813861669512965254152785409613939004653563856251027

0.16977878102998650557085538098282503430345348415811777917001779952567178983744911056663330922622505836539051900192787893343018800
-0.40084244478657656232136997203269680279398961322079238166177148182964481565691092179687404273961427019357691260813750285257936623
0.01491026659981840588049780081363336755947699524862536942774248495998817095241813861669512965254152785409613939004653563856251027

0.16977878102998650557085538098282503430345348415811777917001779952567178983744911056663330922622505836539051900192787893343018800
-0.76893633624340994324948540895012823150946387093732539750824631769602697418053818876975926648661078817181360639379037608085082176
0.01491026659981840588049780081363336755947699524862536942774248495998817095241813861669512965254152785409613939004653563856251027

-0.76893633624340994324948540895012823150946387093732539750824631769602697418053818876975926648661078817181360639379037608085082176
0.16977878102998650557085538098282503430345348415811777917001779952567178983744911056663330922622505836539051900192787893343018800
0.01491026659981840588049780081363336755947699524862536942774248495998817095241813861669512965254152785409613939004653563856251027

-0.40084244478657656232136997203269680279398961322079238166177148182964481565691092179687404273961427019357691260813750285257936623
0.16977878102998650557085538098282503430345348415811777917001779952567178983744911056663330922622505836539051900192787893343018800
0.01491026659981840588049780081363336755947699524862536942774248495998817095241813861669512965254152785409613939004653563856251027

-0.40084244478657656232136997203269680279398961322079238166177148182964481565691092179687404273961427019357691260813750285257936623
-0.76893633624340994324948540895012823150946387093732539750824631769602697418053818876975926648661078817181360639379037608085082176
0.01491026659981840588049780081363336755947699524862536942774248495998817095241813861669512965254152785409613939004653563856251027

-0.81193998270584256295160478651312392711202637429033859859066940439639445599398529652470572166206186258539304307373798194292609043
-0.24028544168667353057770686104429437269460042764516131917159787780263313677946508478117757341094113743467031245999186941618852994
0.01408038936687447781971517173967926868198495905043520475908502944974214331151039169118303732490762978706952001220150070425992452

0.05222542439251609352931164755741829980662680193549991776226728219902759277345038130588329507300300002006335553372985135911462038
-0.24028544168667353057770686104429437269460042764516131917159787780263313677946508478117757341094113743467031245999186941618852994
0.01408038936687447781971517173967926868198495905043520475908502944974214331151039169118303732490762978706952001220150070425992452

0.05222542439251609352931164755741829980662680193549991776226728219902759277345038130588329507300300002006335553372985135911462038
-0.81193998270584256295160478651312392711202637429033859859066940439639445599398529652470572166206186258539304307373798194292609043
0.01408038936687447781971517173967926868198495905043520475908502944974214331151039169118303732490762978706952001220150070425992452

-0.81193998270584256295160478651312392711202637429033859859066940439639445599398529652470572166206186258539304307373798194292609043
0.05222542439251609352931164755741829980662680193549991776226728219902759277345038130588329507300300002006335553372985135911462038
0.01408038936687447781971517173967926868198495905043520475908502944974214331151039169118303732490762978706952001220150070425992452

-0.24028544168667353057770686104429437269460042764516131917159787780263313677946508478117757341094113743467031245999186941618852994
0.05222542439251609352931164755741829980662680193549991776226728219902759277345038130588329507300300002006335553372985135911462038
0.01408038936687447781971517173967926868198495905043520475908502944974214331151039169118303732490762978706952001220150070425992452

-0.24028544168667353057770686104429437269460042764516131917159787780263313677946508478117757341094113743467031245999186941618852994
-0.81193998270584256295160478651312392711202637429033859859066940439639445599398529652470572166206186258539304307373798194292609043
0.01408038936687447781971517173967926868198495905043520475908502944974214331151039169118303732490762978706952001220150070425992452

-0.72553240635346997419255015908683523126368839515813701303467954218931331101608407594504815363824890090228860083964140774413837354
-0.55018929057006737708570865231128809834361560470347888914496948847174042241868818533129365711050734737024877130681074218834562729
0.01474816142300894795814391948607930657792360457346306340090957355110087719668301199420297072406101907291042767434992007955915023

0.27572169692353735127825881139812332960730399986161590217964903066105373343477226127634181074875624827253737214645214993248400083
-0.55018929057006737708570865231128809834361560470347888914496948847174042241868818533129365711050734737024877130681074218834562729
0.01474816142300894795814391948607930657792360457346306340090957355110087719668301199420297072406101907291042767434992007955915023

0.27572169692353735127825881139812332960730399986161590217964903066105373343477226127634181074875624827253737214645214993248400083
-0.72553240635346997419255015908683523126368839515813701303467954218931331101608407594504815363824890090228860083964140774413837354
0.01474816142300894795814391948607930657792360457346306340090957355110087719668301199420297072406101907291042767434992007955915023

-0.72553240635346997419255015908683523126368839515813701303467954218931331101608407594504815363824890090228860083964140774413837354
0.27572169692353735127825881139812332960730399986161590217964903066105373343477226127634181074875624827253737214645214993248400083
0.01474816142300894795814391948607930657792360457346306340090957355110087719668301199420297072406101907291042767434992007955915023

-0.55018929057006737708570865231128809834361560470347888914496948847174042241868818533129365711050734737024877130681074218834562729
0.27572169692353735127825881139812332960730399986161590217964903066105373343477226127634181074875624827253737214645214993248400083
0.01474816142300894795814391948607930657792360457346306340090957355110087719668301199420297072406101907291042767434992007955915023

-0.55018929057006737708570865231128809834361560470347888914496948847174042241868818533129365711050734737024877130681074218834562729
-0.72553240635346997419255015908683523126368839515813701303467954218931331101608407594504815363824890090228860083964140774413837354
0.01474816142300894795814391948607930657792360457346306340090957355110087719668301199420297072406101907291042767434992007955915023

-0.70226961557564871969420348048701041737125117066743598534537812646372248070584129611154702833020070241660199900219266659849404217
-0.29091557678611383119215341612090040223677760144306766703562049688021568815609790943174683463970186285468957313330050489825290899
0.01711066366079993293391578875400993343308690135663044194249504443544020526431092356338473251728311237364894325270822059373084383

-0.00681480763823744911364310339208918039197122788949634761900137665606183113806079445670613703009743472870842786450682850325304883
-0.29091557678611383119215341612090040223677760144306766703562049688021568815609790943174683463970186285468957313330050489825290899
0.01711066366079993293391578875400993343308690135663044194249504443544020526431092356338473251728311237364894325270822059373084383

-0.00681480763823744911364310339208918039197122788949634761900137665606183113806079445670613703009743472870842786450682850325304883
-0.70226961557564871969420348048701041737125117066743598534537812646372248070584129611154702833020070241660199900219266659849404217
0.01711066366079993293391578875400993343308690135663044194249504443544020526431092356338473251728311237364894325270822059373084383

-0.70226961557564871969420348048701041737125117066743598534537812646372248070584129611154702833020070241660199900219266659849404217
-0.00681480763823744911364310339208918039197122788949634761900137665606183113806079445670613703009743472870842786450682850325304883
0.01711066366079993293391578875400993343308690135663044194249504443544020526431092356338473251728311237364894325270822059373084383

-0.29091557678611383119215341612090040223677760144306766703562049688021568815609790943174683463970186285468957313330050489825290899
-0.00681480763823744911364310339208918039197122788949634761900137665606183113806079445670613703009743472870842786450682850325304883
0.01711066366079993293391578875400993343308690135663044194249504443544020526431092356338473251728311237364894325270822059373084383

-0.29091557678611383119215341612090040223677760144306766703562049688021568815609790943174683463970186285468957313330050489825290899
-0.70226961557564871969420348048701041737125117066743598534537812646372248070584129611154702833020070241660199900219266659849404217
0.01711066366079993293391578875400993343308690135663044194249504443544020526431092356338473251728311237364894325270822059373084383

-0.64889446683298349347521388044509663426092690059353461402686135608699165403700984103983959887478894432815477175797120118190970411
-0.45118993990745155678072749270967675513671174574715897802661248669924227933427662809162225508020704426061444074739239390349195324
0.01733854738171316537658516022903533315786895876306222645967239548284815365202940426325042317818015778621706864237898651372332570

0.10008440674043505025594137315477338939763864634069359205347384278623393337128646913146185395499598858876921250536359508540165734
-0.45118993990745155678072749270967675513671174574715897802661248669924227933427662809162225508020704426061444074739239390349195324
0.01733854738171316537658516022903533315786895876306222645967239548284815365202940426325042317818015778621706864237898651372332570

0.10008440674043505025594137315477338939763864634069359205347384278623393337128646913146185395499598858876921250536359508540165734
-0.64889446683298349347521388044509663426092690059353461402686135608699165403700984103983959887478894432815477175797120118190970411
0.01733854738171316537658516022903533315786895876306222645967239548284815365202940426325042317818015778621706864237898651372332570

-0.64889446683298349347521388044509663426092690059353461402686135608699165403700984103983959887478894432815477175797120118190970411
0.10008440674043505025594137315477338939763864634069359205347384278623393337128646913146185395499598858876921250536359508540165734
0.01733854738171316537658516022903533315786895876306222645967239548284815365202940426325042317818015778621706864237898651372332570

-0.45118993990745155678072749270967675513671174574715897802661248669924227933427662809162225508020704426061444074739239390349195324
0.10008440674043505025594137315477338939763864634069359205347384278623393337128646913146185395499598858876921250536359508540165734
0.01733854738171316537658516022903533315786895876306222645967239548284815365202940426325042317818015778621706864237898651372332570

-0.45118993990745155678072749270967675513671174574715897802661248669924227933427662809162225508020704426061444074739239390349195324
-0.64889446683298349347521388044509663426092690059353461402686135608699165403700984103983959887478894432815477175797120118190970411
0.01733854738171316537658516022903533315786895876306222645967239548284815365202940426325042317818015778621706864237898651372332570

-0.57001903630460616495448809520307079734112443964922020626185544091503492578966154318997521642245388657231005684586074229817417831
-0.35131819149667206903425196308314860684727713124343410933859951005378009681313544962174469937436856302414650056430133820003684860
0.01919433971699908479775393866177158619636170347973814302313774566971834710766591344990046895414216786240739268508257689184662986

-0.07866277219872176601125994171378059581159842910734568439954504903118497739720300718828008420317755040354344258983791950178897309
-0.35131819149667206903425196308314860684727713124343410933859951005378009681313544962174469937436856302414650056430133820003684860
0.01919433971699908479775393866177158619636170347973814302313774566971834710766591344990046895414216786240739268508257689184662986

-0.07866277219872176601125994171378059581159842910734568439954504903118497739720300718828008420317755040354344258983791950178897309
-0.57001903630460616495448809520307079734112443964922020626185544091503492578966154318997521642245388657231005684586074229817417831
0.01919433971699908479775393866177158619636170347973814302313774566971834710766591344990046895414216786240739268508257689184662986

-0.57001903630460616495448809520307079734112443964922020626185544091503492578966154318997521642245388657231005684586074229817417831
-0.07866277219872176601125994171378059581159842910734568439954504903118497739720300718828008420317755040354344258983791950178897309
0.01919433971699908479775393866177158619636170347973814302313774566971834710766591344990046895414216786240739268508257689184662986

-0.35131819149667206903425196308314860684727713124343410933859951005378009681313544962174469937436856302414650056430133820003684860
-0.07866277219872176601125994171378059581159842910734568439954504903118497739720300718828008420317755040354344258983791950178897309
0.01919433971699908479775393866177158619636170347973814302313774566971834710766591344990046895414216786240739268508257689184662986

-0.35131819149667206903425196308314860684727713124343410933859951005378009681313544962174469937436856302414650056430133820003684860
-0.57001903630460616495448809520307079734112443964922020626185544091503492578966154318997521642245388657231005684586074229817417831
0.01919433971699908479775393866177158619636170347973814302313774566971834710766591344990046895414216786240739268508257689184662986

-0.33333333333333333333333333333333333333333333333333333333333333333333333333333333333333333333333333333333333333333333333333333333
-0.33333333333333333333333333333333333333333333333333333333333333333333333333333333333333333333333333333333333333333333333333333333
0.02072398552298263837149898672816019140415558839690390817356469619028662054818896917593218859221138807471745279445792611167997474

