centroid    numS21      numS111     
false (1)   13 (3)      20 (6)      

-0.98771072646501119913858266901366218038448875497404085768999696967126781657121236768082643985622294399205335419479267926174339816
0.97542145293002239827716533802732436076897750994808171537999393934253563314242473536165287971244588798410670838958535852348679632
0.00099052949993962426196272762709575173951901520831069019052241112317974940114593838728959091670313939528228975360760507502348246

-0.98771072646501119913858266901366218038448875497404085768999696967126781657121236768082643985622294399205335419479267926174339816
-0.98771072646501119913858266901366218038448875497404085768999696967126781657121236768082643985622294399205335419479267926174339816
0.00099052949993962426196272762709575173951901520831069019052241112317974940114593838728959091670313939528228975360760507502348246

0.97542145293002239827716533802732436076897750994808171537999393934253563314242473536165287971244588798410670838958535852348679632
-0.98771072646501119913858266901366218038448875497404085768999696967126781657121236768082643985622294399205335419479267926174339816
0.00099052949993962426196272762709575173951901520831069019052241112317974940114593838728959091670313939528228975360760507502348246

-0.94080338584650641080942793312470576498609031054285042116469828222317723003665929805849093922068137846604240834727185777171665990
0.88160677169301282161885586624941152997218062108570084232939656444635446007331859611698187844136275693208481669454371554343331980
0.00446185477901256940627853074737711220407039309877695238232295245131951708039050127504306202432293182893702161258130913187471290

-0.94080338584650641080942793312470576498609031054285042116469828222317723003665929805849093922068137846604240834727185777171665990
-0.94080338584650641080942793312470576498609031054285042116469828222317723003665929805849093922068137846604240834727185777171665990
0.00446185477901256940627853074737711220407039309877695238232295245131951708039050127504306202432293182893702161258130913187471290

0.88160677169301282161885586624941152997218062108570084232939656444635446007331859611698187844136275693208481669454371554343331980
-0.94080338584650641080942793312470576498609031054285042116469828222317723003665929805849093922068137846604240834727185777171665990
0.00446185477901256940627853074737711220407039309877695238232295245131951708039050127504306202432293182893702161258130913187471290

-0.86380729716321617184501941723125187080169479402798650742539629500997655404845497032060855879979807107077089384561360031202977306
0.72761459432643234369003883446250374160338958805597301485079259001995310809690994064121711759959614214154178769122720062405954613
0.00959307288126870396636486809487468284444641518678749765479781044568586028332550597244267587022255996990525239947298130177132405

-0.86380729716321617184501941723125187080169479402798650742539629500997655404845497032060855879979807107077089384561360031202977306
-0.86380729716321617184501941723125187080169479402798650742539629500997655404845497032060855879979807107077089384561360031202977306
0.00959307288126870396636486809487468284444641518678749765479781044568586028332550597244267587022255996990525239947298130177132405

0.72761459432643234369003883446250374160338958805597301485079259001995310809690994064121711759959614214154178769122720062405954613
-0.86380729716321617184501941723125187080169479402798650742539629500997655404845497032060855879979807107077089384561360031202977306
0.00959307288126870396636486809487468284444641518678749765479781044568586028332550597244267587022255996990525239947298130177132405

-0.73882876779880999056973331448406954950228431544889932946867912789188052433109473276345370714563193214802076438908827920978650195
0.47765753559761998113946662896813909900456863089779865893735825578376104866218946552690741429126386429604152877817655841957300390
0.01726886182170820017235370434201374340169300799518538475276070863813743693045897978500002287160346532228909401790989797299861294

-0.73882876779880999056973331448406954950228431544889932946867912789188052433109473276345370714563193214802076438908827920978650195
-0.73882876779880999056973331448406954950228431544889932946867912789188052433109473276345370714563193214802076438908827920978650195
0.01726886182170820017235370434201374340169300799518538475276070863813743693045897978500002287160346532228909401790989797299861294

0.47765753559761998113946662896813909900456863089779865893735825578376104866218946552690741429126386429604152877817655841957300390
-0.73882876779880999056973331448406954950228431544889932946867912789188052433109473276345370714563193214802076438908827920978650195
0.01726886182170820017235370434201374340169300799518538475276070863813743693045897978500002287160346532228909401790989797299861294

-0.62182877455815687497403501470292576739942887248546622326968925199866861627289463402255976798102006890249868253367644180945249311
0.24365754911631374994807002940585153479885774497093244653937850399733723254578926804511953596204013780499736506735288361890498622
0.02114735886437742798986254582124125741281276911239765005081710072230631250209203023063787369331578003000383046018997514621895213

-0.62182877455815687497403501470292576739942887248546622326968925199866861627289463402255976798102006890249868253367644180945249311
-0.62182877455815687497403501470292576739942887248546622326968925199866861627289463402255976798102006890249868253367644180945249311
0.02114735886437742798986254582124125741281276911239765005081710072230631250209203023063787369331578003000383046018997514621895213

0.24365754911631374994807002940585153479885774497093244653937850399733723254578926804511953596204013780499736506735288361890498622
-0.62182877455815687497403501470292576739942887248546622326968925199866861627289463402255976798102006890249868253367644180945249311
0.02114735886437742798986254582124125741281276911239765005081710072230631250209203023063787369331578003000383046018997514621895213

-0.50983982334613472428307041218425892286055847442321460633989770553846766095977582126794316431731558638548832665954018331801185067
0.01967964669226944856614082436851784572111694884642921267979541107693532191955164253588632863463117277097665331908036663602370135
0.02211790525971038896743270961872825772264855306139449329184911539249596749562993994543392784918233339503408815798251479286089773

-0.50983982334613472428307041218425892286055847442321460633989770553846766095977582126794316431731558638548832665954018331801185067
-0.50983982334613472428307041218425892286055847442321460633989770553846766095977582126794316431731558638548832665954018331801185067
0.02211790525971038896743270961872825772264855306139449329184911539249596749562993994543392784918233339503408815798251479286089773

0.01967964669226944856614082436851784572111694884642921267979541107693532191955164253588632863463117277097665331908036663602370135
-0.50983982334613472428307041218425892286055847442321460633989770553846766095977582126794316431731558638548832665954018331801185067
0.02211790525971038896743270961872825772264855306139449329184911539249596749562993994543392784918233339503408815798251479286089773

-0.42780300392300004159594182981721486738057420652024924928469084821098749706142965711554188720243401693114259742723687189395889167
-0.14439399215399991680811634036557026523885158695950150143061830357802500587714068576891622559513196613771480514552625621208221665
0.01798509165938622609537018390001617211171199723215418664965594831023189432820122215865793109382633505739590563177306014943421307

-0.42780300392300004159594182981721486738057420652024924928469084821098749706142965711554188720243401693114259742723687189395889167
-0.42780300392300004159594182981721486738057420652024924928469084821098749706142965711554188720243401693114259742723687189395889167
0.01798509165938622609537018390001617211171199723215418664965594831023189432820122215865793109382633505739590563177306014943421307

-0.14439399215399991680811634036557026523885158695950150143061830357802500587714068576891622559513196613771480514552625621208221665
-0.42780300392300004159594182981721486738057420652024924928469084821098749706142965711554188720243401693114259742723687189395889167
0.01798509165938622609537018390001617211171199723215418664965594831023189432820122215865793109382633505739590563177306014943421307

-0.00323541167518157771455497235659123221103295787243224605929676150788156814141847503292437423087903570237666759630193192910453968
-0.99352917664963684457089005528681753557793408425513550788140647698423686371716304993415125153824192859524666480739613614179092065
0.00362091302551515317807431846640527619602018940095255897824318754828118207088450442591720444061080757846183531102634236012221364

-0.00323541167518157771455497235659123221103295787243224605929676150788156814141847503292437423087903570237666759630193192910453968
-0.00323541167518157771455497235659123221103295787243224605929676150788156814141847503292437423087903570237666759630193192910453968
0.00362091302551515317807431846640527619602018940095255897824318754828118207088450442591720444061080757846183531102634236012221364

-0.99352917664963684457089005528681753557793408425513550788140647698423686371716304993415125153824192859524666480739613614179092065
-0.00323541167518157771455497235659123221103295787243224605929676150788156814141847503292437423087903570237666759630193192910453968
0.00362091302551515317807431846640527619602018940095255897824318754828118207088450442591720444061080757846183531102634236012221364

-0.02175073377663780482893096584714643231548649695549679775315105672728903883911204867111574828507500045554798772302436597223802433
-0.95649853244672439034213806830570713536902700608900640449369788654542192232177590265776850342984999908890402455395126805552395135
0.01121085893722228854954682307607500068963397130261999611128296204675784562652570734328546813300526441684308813050242515148795358

-0.02175073377663780482893096584714643231548649695549679775315105672728903883911204867111574828507500045554798772302436597223802433
-0.02175073377663780482893096584714643231548649695549679775315105672728903883911204867111574828507500045554798772302436597223802433
0.01121085893722228854954682307607500068963397130261999611128296204675784562652570734328546813300526441684308813050242515148795358

-0.95649853244672439034213806830570713536902700608900640449369788654542192232177590265776850342984999908890402455395126805552395135
-0.02175073377663780482893096584714643231548649695549679775315105672728903883911204867111574828507500045554798772302436597223802433
0.01121085893722228854954682307607500068963397130261999611128296204675784562652570734328546813300526441684308813050242515148795358

-0.05822116267552054868720439546199489840468687250759325055243557436389132483620079671662115869565934690183392280141231460283128007
-0.88355767464895890262559120907601020319062625498481349889512885127221735032759840656675768260868130619633215439717537079433743985
0.01728703934098539022876067969253964392411422131508106158393765977879139086846849955777998264240888548151919674144165999919540101

-0.05822116267552054868720439546199489840468687250759325055243557436389132483620079671662115869565934690183392280141231460283128007
-0.05822116267552054868720439546199489840468687250759325055243557436389132483620079671662115869565934690183392280141231460283128007
0.01728703934098539022876067969253964392411422131508106158393765977879139086846849955777998264240888548151919674144165999919540101

-0.88355767464895890262559120907601020319062625498481349889512885127221735032759840656675768260868130619633215439717537079433743985
-0.05822116267552054868720439546199489840468687250759325055243557436389132483620079671662115869565934690183392280141231460283128007
0.01728703934098539022876067969253964392411422131508106158393765977879139086846849955777998264240888548151919674144165999919540101

-0.11029764736905570811298778909625028445137714532762286198045319932808362997990006778627872647297727248074060817967154181157117677
-0.77940470526188858377402442180749943109724570934475427603909360134383274004019986442744254705404545503851878364065691637685764647
0.02013728424298880163224971873601652029749885026190005425311832930654995312681775817655427564400608305976879133278025817305446518

-0.11029764736905570811298778909625028445137714532762286198045319932808362997990006778627872647297727248074060817967154181157117677
-0.11029764736905570811298778909625028445137714532762286198045319932808362997990006778627872647297727248074060817967154181157117677
0.02013728424298880163224971873601652029749885026190005425311832930654995312681775817655427564400608305976879133278025817305446518

-0.77940470526188858377402442180749943109724570934475427603909360134383274004019986442744254705404545503851878364065691637685764647
-0.11029764736905570811298778909625028445137714532762286198045319932808362997990006778627872647297727248074060817967154181157117677
0.02013728424298880163224971873601652029749885026190005425311832930654995312681775817655427564400608305976879133278025817305446518

-0.17752523968437551138931305906822896212687662775973989074402646350092493241629850113163721286060397354267969721163153356774179543
-0.64494952063124897722137388186354207574624674448052021851194707299815013516740299773672557427879205291464060557673693286451640914
0.01964368207714179930485046898985864535500791824549036776348536005942947407584648535061631600447630734679024528475492914905288474

-0.17752523968437551138931305906822896212687662775973989074402646350092493241629850113163721286060397354267969721163153356774179543
-0.17752523968437551138931305906822896212687662775973989074402646350092493241629850113163721286060397354267969721163153356774179543
0.01964368207714179930485046898985864535500791824549036776348536005942947407584648535061631600447630734679024528475492914905288474

-0.64494952063124897722137388186354207574624674448052021851194707299815013516740299773672557427879205291464060557673693286451640914
-0.17752523968437551138931305906822896212687662775973989074402646350092493241629850113163721286060397354267969721163153356774179543
0.01964368207714179930485046898985864535500791824549036776348536005942947407584648535061631600447630734679024528475492914905288474

-0.27655154725945883890704950051339916250417730167659362859875197582869320306394298758744436988734623215104682648231966311513539013
-0.44689690548108232218590099897320167499164539664681274280249604834261359387211402482511126022530753569790634703536067376972921974
0.02657030954656849405403106565817719429205444895342769994661472396636671654552428990215054325238390429957692400543714983050251286

-0.27655154725945883890704950051339916250417730167659362859875197582869320306394298758744436988734623215104682648231966311513539013
-0.27655154725945883890704950051339916250417730167659362859875197582869320306394298758744436988734623215104682648231966311513539013
0.02657030954656849405403106565817719429205444895342769994661472396636671654552428990215054325238390429957692400543714983050251286

-0.44689690548108232218590099897320167499164539664681274280249604834261359387211402482511126022530753569790634703536067376972921974
-0.27655154725945883890704950051339916250417730167659362859875197582869320306394298758744436988734623215104682648231966311513539013
0.02657030954656849405403106565817719429205444895342769994661472396636671654552428990215054325238390429957692400543714983050251286

-0.98877805221459168095489181944177043899761351513065979597134646019484940538247410425706906829662283133982047362761489742481825932
-0.93576131176334405544123941964230011051923735886231025958869925064235248381730092430181735532605874247376859388218097539667741270
0.00207340700028657072497561260209604839664834273298512587336339948659413359492845014737229377725599677580533587134410992077267028

0.92453936397793573639613123908407054951685087399297005556004571083720188919977502855888642362268157381358906750979587282149567202
-0.93576131176334405544123941964230011051923735886231025958869925064235248381730092430181735532605874247376859388218097539667741270
0.00207340700028657072497561260209604839664834273298512587336339948659413359492845014737229377725599677580533587134410992077267028

0.92453936397793573639613123908407054951685087399297005556004571083720188919977502855888642362268157381358906750979587282149567202
-0.98877805221459168095489181944177043899761351513065979597134646019484940538247410425706906829662283133982047362761489742481825932
0.00207340700028657072497561260209604839664834273298512587336339948659413359492845014737229377725599677580533587134410992077267028

-0.98877805221459168095489181944177043899761351513065979597134646019484940538247410425706906829662283133982047362761489742481825932
0.92453936397793573639613123908407054951685087399297005556004571083720188919977502855888642362268157381358906750979587282149567202
0.00207340700028657072497561260209604839664834273298512587336339948659413359492845014737229377725599677580533587134410992077267028

-0.93576131176334405544123941964230011051923735886231025958869925064235248381730092430181735532605874247376859388218097539667741270
0.92453936397793573639613123908407054951685087399297005556004571083720188919977502855888642362268157381358906750979587282149567202
0.00207340700028657072497561260209604839664834273298512587336339948659413359492845014737229377725599677580533587134410992077267028

-0.93576131176334405544123941964230011051923735886231025958869925064235248381730092430181735532605874247376859388218097539667741270
-0.98877805221459168095489181944177043899761351513065979597134646019484940538247410425706906829662283133982047362761489742481825932
0.00207340700028657072497561260209604839664834273298512587336339948659413359492845014737229377725599677580533587134410992077267028

-0.98938807891530940006036295303247927323048408093320393344779027878736764909048773434126064982265820667921398584084625348673896849
-0.84470964687086867424988336790068376047824422202000022013851637346956845293767640457011329024165004687644976670101990358624508472
0.00296878116490193982785557484152072712205507305076390368539106303951719591231911357321430355130292096155740395773565802915356274

0.83409772578617807431024632093316303370872830295320415358630665225693610202816413891137394006430825355566375254186615707298405321
-0.84470964687086867424988336790068376047824422202000022013851637346956845293767640457011329024165004687644976670101990358624508472
0.00296878116490193982785557484152072712205507305076390368539106303951719591231911357321430355130292096155740395773565802915356274

0.83409772578617807431024632093316303370872830295320415358630665225693610202816413891137394006430825355566375254186615707298405321
-0.98938807891530940006036295303247927323048408093320393344779027878736764909048773434126064982265820667921398584084625348673896849
0.00296878116490193982785557484152072712205507305076390368539106303951719591231911357321430355130292096155740395773565802915356274

-0.98938807891530940006036295303247927323048408093320393344779027878736764909048773434126064982265820667921398584084625348673896849
0.83409772578617807431024632093316303370872830295320415358630665225693610202816413891137394006430825355566375254186615707298405321
0.00296878116490193982785557484152072712205507305076390368539106303951719591231911357321430355130292096155740395773565802915356274

-0.84470964687086867424988336790068376047824422202000022013851637346956845293767640457011329024165004687644976670101990358624508472
0.83409772578617807431024632093316303370872830295320415358630665225693610202816413891137394006430825355566375254186615707298405321
0.00296878116490193982785557484152072712205507305076390368539106303951719591231911357321430355130292096155740395773565802915356274

-0.84470964687086867424988336790068376047824422202000022013851637346956845293767640457011329024165004687644976670101990358624508472
-0.98938807891530940006036295303247927323048408093320393344779027878736764909048773434126064982265820667921398584084625348673896849
0.00296878116490193982785557484152072712205507305076390368539106303951719591231911357321430355130292096155740395773565802915356274

-0.98832670636420954771125059212121041665712632674007273433043639634617272306857196053846319153775677383618730609767225347041374904
-0.71958092868226278451249743606619621658362132197163380099932891846407444501086704799798655569002072371780333851991429887792915341
0.00420001989919786577263495858914529264401228475292879189929241013521897681058289983805496131258402968912296053559373740767594639

0.70790763504647233222374802818740663324074764871170653532976531481024716807943900853644974722777749755399064461758655234834290245
-0.71958092868226278451249743606619621658362132197163380099932891846407444501086704799798655569002072371780333851991429887792915341
0.00420001989919786577263495858914529264401228475292879189929241013521897681058289983805496131258402968912296053559373740767594639

0.70790763504647233222374802818740663324074764871170653532976531481024716807943900853644974722777749755399064461758655234834290245
-0.98832670636420954771125059212121041665712632674007273433043639634617272306857196053846319153775677383618730609767225347041374904
0.00420001989919786577263495858914529264401228475292879189929241013521897681058289983805496131258402968912296053559373740767594639

-0.98832670636420954771125059212121041665712632674007273433043639634617272306857196053846319153775677383618730609767225347041374904
0.70790763504647233222374802818740663324074764871170653532976531481024716807943900853644974722777749755399064461758655234834290245
0.00420001989919786577263495858914529264401228475292879189929241013521897681058289983805496131258402968912296053559373740767594639

-0.71958092868226278451249743606619621658362132197163380099932891846407444501086704799798655569002072371780333851991429887792915341
0.70790763504647233222374802818740663324074764871170653532976531481024716807943900853644974722777749755399064461758655234834290245
0.00420001989919786577263495858914529264401228475292879189929241013521897681058289983805496131258402968912296053559373740767594639

-0.71958092868226278451249743606619621658362132197163380099932891846407444501086704799798655569002072371780333851991429887792915341
-0.98832670636420954771125059212121041665712632674007273433043639634617272306857196053846319153775677383618730609767225347041374904
0.00420001989919786577263495858914529264401228475292879189929241013521897681058289983805496131258402968912296053559373740767594639

-0.98956571512605063970237672171164744561062634190672320296490303445951175435759170243174510257188672954035334983920916349664560192
-0.56481001084431254558855169185119302551973595655362890462581955764340851921865786881237337957969665760432849172606635961481553445
0.00449334273192640019408009652743240068198082968851693593293428387386300906954723586391306935238005077516488343867601254176748992

0.55437572597036318529092841356284047113036229846035210759072259210292027357624957124411848215158338714468184156527552311146113637
-0.56481001084431254558855169185119302551973595655362890462581955764340851921865786881237337957969665760432849172606635961481553445
0.00449334273192640019408009652743240068198082968851693593293428387386300906954723586391306935238005077516488343867601254176748992

0.55437572597036318529092841356284047113036229846035210759072259210292027357624957124411848215158338714468184156527552311146113637
-0.98956571512605063970237672171164744561062634190672320296490303445951175435759170243174510257188672954035334983920916349664560192
0.00449334273192640019408009652743240068198082968851693593293428387386300906954723586391306935238005077516488343867601254176748992

-0.98956571512605063970237672171164744561062634190672320296490303445951175435759170243174510257188672954035334983920916349664560192
0.55437572597036318529092841356284047113036229846035210759072259210292027357624957124411848215158338714468184156527552311146113637
0.00449334273192640019408009652743240068198082968851693593293428387386300906954723586391306935238005077516488343867601254176748992

-0.56481001084431254558855169185119302551973595655362890462581955764340851921865786881237337957969665760432849172606635961481553445
0.55437572597036318529092841356284047113036229846035210759072259210292027357624957124411848215158338714468184156527552311146113637
0.00449334273192640019408009652743240068198082968851693593293428387386300906954723586391306935238005077516488343867601254176748992

-0.56481001084431254558855169185119302551973595655362890462581955764340851921865786881237337957969665760432849172606635961481553445
-0.98956571512605063970237672171164744561062634190672320296490303445951175435759170243174510257188672954035334983920916349664560192
0.00449334273192640019408009652743240068198082968851693593293428387386300906954723586391306935238005077516488343867601254176748992

-0.99535452936720498487899631915764788641256644691094167713438988528224618972635490633302033825497769450293290076129317837546480402
-0.38436184740449844707070166455713950427168804870140739520725990625130150371683053482846034288990004079139746033860054576457866957
0.00266351770684421393862498039152153544168744620341108469417316039855424757611763159269049516278136717422815482065227537901570870

0.37971637677170343194969798371478739068425449561234907234164979153354769344318544116148068114487773529433036109989372414004347358
-0.38436184740449844707070166455713950427168804870140739520725990625130150371683053482846034288990004079139746033860054576457866957
0.00266351770684421393862498039152153544168744620341108469417316039855424757611763159269049516278136717422815482065227537901570870

0.37971637677170343194969798371478739068425449561234907234164979153354769344318544116148068114487773529433036109989372414004347358
-0.99535452936720498487899631915764788641256644691094167713438988528224618972635490633302033825497769450293290076129317837546480402
0.00266351770684421393862498039152153544168744620341108469417316039855424757611763159269049516278136717422815482065227537901570870

-0.99535452936720498487899631915764788641256644691094167713438988528224618972635490633302033825497769450293290076129317837546480402
0.37971637677170343194969798371478739068425449561234907234164979153354769344318544116148068114487773529433036109989372414004347358
0.00266351770684421393862498039152153544168744620341108469417316039855424757611763159269049516278136717422815482065227537901570870

-0.38436184740449844707070166455713950427168804870140739520725990625130150371683053482846034288990004079139746033860054576457866957
0.37971637677170343194969798371478739068425449561234907234164979153354769344318544116148068114487773529433036109989372414004347358
0.00266351770684421393862498039152153544168744620341108469417316039855424757611763159269049516278136717422815482065227537901570870

-0.38436184740449844707070166455713950427168804870140739520725990625130150371683053482846034288990004079139746033860054576457866957
-0.99535452936720498487899631915764788641256644691094167713438988528224618972635490633302033825497769450293290076129317837546480402
0.00266351770684421393862498039152153544168744620341108469417316039855424757611763159269049516278136717422815482065227537901570870

-0.98733536869711732863714942660032105968944650096696451320677585634050845678103665580908738220989640911588010328051128434109834438
-0.20150184178005797400614064462072758647806955921909208429782933464189399974867104627420805946835121072660505831160948680652828806
0.00620482957405293863698557735751173585226005655715929634560528261208319447695660618561491541041466635152855759106800987795582494

0.18883721047717530264329007122104864616751606018605659750460519098240245652970770208329544167824761984248516159212077114762663245
-0.20150184178005797400614064462072758647806955921909208429782933464189399974867104627420805946835121072660505831160948680652828806
0.00620482957405293863698557735751173585226005655715929634560528261208319447695660618561491541041466635152855759106800987795582494

0.18883721047717530264329007122104864616751606018605659750460519098240245652970770208329544167824761984248516159212077114762663245
-0.98733536869711732863714942660032105968944650096696451320677585634050845678103665580908738220989640911588010328051128434109834438
0.00620482957405293863698557735751173585226005655715929634560528261208319447695660618561491541041466635152855759106800987795582494

-0.98733536869711732863714942660032105968944650096696451320677585634050845678103665580908738220989640911588010328051128434109834438
0.18883721047717530264329007122104864616751606018605659750460519098240245652970770208329544167824761984248516159212077114762663245
0.00620482957405293863698557735751173585226005655715929634560528261208319447695660618561491541041466635152855759106800987795582494

-0.20150184178005797400614064462072758647806955921909208429782933464189399974867104627420805946835121072660505831160948680652828806
0.18883721047717530264329007122104864616751606018605659750460519098240245652970770208329544167824761984248516159212077114762663245
0.00620482957405293863698557735751173585226005655715929634560528261208319447695660618561491541041466635152855759106800987795582494

-0.20150184178005797400614064462072758647806955921909208429782933464189399974867104627420805946835121072660505831160948680652828806
-0.98733536869711732863714942660032105968944650096696451320677585634050845678103665580908738220989640911588010328051128434109834438
0.00620482957405293863698557735751173585226005655715929634560528261208319447695660618561491541041466635152855759106800987795582494

-0.94437127331241773257857208878601158922329118756417972437748628723363732164151704702262338948246654051186218834910349128227499665
-0.85570753440562509042281820489464130339400874429354654765170030633573367299598816197512975758833630819655371286078753827739228410
0.00642193751762033819443117841154859683112380701443214021772757445709588159131203911703497191343354341926168685451345539080716073

0.80007880771804282300139029368065289261729993185772627202918659356937099463750520899775314707080284870841590120989102955966728075
-0.85570753440562509042281820489464130339400874429354654765170030633573367299598816197512975758833630819655371286078753827739228410
0.00642193751762033819443117841154859683112380701443214021772757445709588159131203911703497191343354341926168685451345539080716073

0.80007880771804282300139029368065289261729993185772627202918659356937099463750520899775314707080284870841590120989102955966728075
-0.94437127331241773257857208878601158922329118756417972437748628723363732164151704702262338948246654051186218834910349128227499665
0.00642193751762033819443117841154859683112380701443214021772757445709588159131203911703497191343354341926168685451345539080716073

-0.94437127331241773257857208878601158922329118756417972437748628723363732164151704702262338948246654051186218834910349128227499665
0.80007880771804282300139029368065289261729993185772627202918659356937099463750520899775314707080284870841590120989102955966728075
0.00642193751762033819443117841154859683112380701443214021772757445709588159131203911703497191343354341926168685451345539080716073

-0.85570753440562509042281820489464130339400874429354654765170030633573367299598816197512975758833630819655371286078753827739228410
0.80007880771804282300139029368065289261729993185772627202918659356937099463750520899775314707080284870841590120989102955966728075
0.00642193751762033819443117841154859683112380701443214021772757445709588159131203911703497191343354341926168685451345539080716073

-0.85570753440562509042281820489464130339400874429354654765170030633573367299598816197512975758833630819655371286078753827739228410
-0.94437127331241773257857208878601158922329118756417972437748628723363732164151704702262338948246654051186218834910349128227499665
0.00642193751762033819443117841154859683112380701443214021772757445709588159131203911703497191343354341926168685451345539080716073

-0.93964391741957224713614395373623869903031168504811836944685563826853761118906328253641105345042458208496948922187822926746202703
-0.73855284379402393281174429130946854931409940780419609260789158692296440183779968194324598535508143871842551718156421654403353615
0.00895418156605771118325737029071264517095287293676766129125922228402177667356283023588895747979881359447019977708013732940301931

0.67819676121359617994788824504570724834441109285231446205474722519150201302686296447965703880550602080339500640344244581149556318
-0.73855284379402393281174429130946854931409940780419609260789158692296440183779968194324598535508143871842551718156421654403353615
0.00895418156605771118325737029071264517095287293676766129125922228402177667356283023588895747979881359447019977708013732940301931

0.67819676121359617994788824504570724834441109285231446205474722519150201302686296447965703880550602080339500640344244581149556318
-0.93964391741957224713614395373623869903031168504811836944685563826853761118906328253641105345042458208496948922187822926746202703
0.00895418156605771118325737029071264517095287293676766129125922228402177667356283023588895747979881359447019977708013732940301931

-0.93964391741957224713614395373623869903031168504811836944685563826853761118906328253641105345042458208496948922187822926746202703
0.67819676121359617994788824504570724834441109285231446205474722519150201302686296447965703880550602080339500640344244581149556318
0.00895418156605771118325737029071264517095287293676766129125922228402177667356283023588895747979881359447019977708013732940301931

-0.73855284379402393281174429130946854931409940780419609260789158692296440183779968194324598535508143871842551718156421654403353615
0.67819676121359617994788824504570724834441109285231446205474722519150201302686296447965703880550602080339500640344244581149556318
0.00895418156605771118325737029071264517095287293676766129125922228402177667356283023588895747979881359447019977708013732940301931

-0.73855284379402393281174429130946854931409940780419609260789158692296440183779968194324598535508143871842551718156421654403353615
-0.93964391741957224713614395373623869903031168504811836944685563826853761118906328253641105345042458208496948922187822926746202703
0.00895418156605771118325737029071264517095287293676766129125922228402177667356283023588895747979881359447019977708013732940301931

-0.94361374819198693116655148054189562068756720065113384774926330340927591749774835979677044725549001238924588554241490983090708017
-0.58894233024084157715853568548459345815178884700110180809625227408232322111949403583886313234120435689427219578502793763458994208
0.01047340414547448030013072047318573914385983339663843094558555360677068298352557447675797289455313589002542540002412272848523683

0.53255607843282850832508716602648907883935604765223565584551557749159913861724239563563357959669436928351808132744284746549702224
-0.58894233024084157715853568548459345815178884700110180809625227408232322111949403583886313234120435689427219578502793763458994208
0.01047340414547448030013072047318573914385983339663843094558555360677068298352557447675797289455313589002542540002412272848523683

0.53255607843282850832508716602648907883935604765223565584551557749159913861724239563563357959669436928351808132744284746549702224
-0.94361374819198693116655148054189562068756720065113384774926330340927591749774835979677044725549001238924588554241490983090708017
0.01047340414547448030013072047318573914385983339663843094558555360677068298352557447675797289455313589002542540002412272848523683

-0.94361374819198693116655148054189562068756720065113384774926330340927591749774835979677044725549001238924588554241490983090708017
0.53255607843282850832508716602648907883935604765223565584551557749159913861724239563563357959669436928351808132744284746549702224
0.01047340414547448030013072047318573914385983339663843094558555360677068298352557447675797289455313589002542540002412272848523683

-0.58894233024084157715853568548459345815178884700110180809625227408232322111949403583886313234120435689427219578502793763458994208
0.53255607843282850832508716602648907883935604765223565584551557749159913861724239563563357959669436928351808132744284746549702224
0.01047340414547448030013072047318573914385983339663843094558555360677068298352557447675797289455313589002542540002412272848523683

-0.58894233024084157715853568548459345815178884700110180809625227408232322111949403583886313234120435689427219578502793763458994208
-0.94361374819198693116655148054189562068756720065113384774926330340927591749774835979677044725549001238924588554241490983090708017
0.01047340414547448030013072047318573914385983339663843094558555360677068298352557447675797289455313589002542540002412272848523683

-0.96314678602863713228614867140598889201088663820652303023274543888964044144274395970880368222536603059593513743891733563776359153
-0.40682684136173436561637929586673773480874459100760369994628089852938055400724978603221719099233151437923494371038455418189736009
0.00937157743478344389812698968483083486514762855677527632084271874722300691843406564129845784874191920599463706353595789927299670

0.36997362739037149790252796727272662681963122921412673017902633741902099544999374574102087321769754497517008114930188981966095161
-0.40682684136173436561637929586673773480874459100760369994628089852938055400724978603221719099233151437923494371038455418189736009
0.00937157743478344389812698968483083486514762855677527632084271874722300691843406564129845784874191920599463706353595789927299670

0.36997362739037149790252796727272662681963122921412673017902633741902099544999374574102087321769754497517008114930188981966095161
-0.96314678602863713228614867140598889201088663820652303023274543888964044144274395970880368222536603059593513743891733563776359153
0.00937157743478344389812698968483083486514762855677527632084271874722300691843406564129845784874191920599463706353595789927299670

-0.96314678602863713228614867140598889201088663820652303023274543888964044144274395970880368222536603059593513743891733563776359153
0.36997362739037149790252796727272662681963122921412673017902633741902099544999374574102087321769754497517008114930188981966095161
0.00937157743478344389812698968483083486514762855677527632084271874722300691843406564129845784874191920599463706353595789927299670

-0.40682684136173436561637929586673773480874459100760369994628089852938055400724978603221719099233151437923494371038455418189736009
0.36997362739037149790252796727272662681963122921412673017902633741902099544999374574102087321769754497517008114930188981966095161
0.00937157743478344389812698968483083486514762855677527632084271874722300691843406564129845784874191920599463706353595789927299670

-0.40682684136173436561637929586673773480874459100760369994628089852938055400724978603221719099233151437923494371038455418189736009
-0.96314678602863713228614867140598889201088663820652303023274543888964044144274395970880368222536603059593513743891733563776359153
0.00937157743478344389812698968483083486514762855677527632084271874722300691843406564129845784874191920599463706353595789927299670

-0.93606066994230797589879244569342419906911934437562875468088194662249678029291529610122923780639216677253103098390371315758163778
-0.23126278423249795355155717480088107709113054621831857388793612157531276583583534455880790027225544010887445202277431435600433990
0.01357649572173276510053067927107085091350757710236463435654128731762656435637980401997898812776686004158048578645753756088159282

0.16732345417480592945034962049430527616024989059394732856881806819780954612875064066003713807864760688140548300667802751358597769
-0.23126278423249795355155717480088107709113054621831857388793612157531276583583534455880790027225544010887445202277431435600433990
0.01357649572173276510053067927107085091350757710236463435654128731762656435637980401997898812776686004158048578645753756088159282

0.16732345417480592945034962049430527616024989059394732856881806819780954612875064066003713807864760688140548300667802751358597769
-0.93606066994230797589879244569342419906911934437562875468088194662249678029291529610122923780639216677253103098390371315758163778
0.01357649572173276510053067927107085091350757710236463435654128731762656435637980401997898812776686004158048578645753756088159282

-0.93606066994230797589879244569342419906911934437562875468088194662249678029291529610122923780639216677253103098390371315758163778
0.16732345417480592945034962049430527616024989059394732856881806819780954612875064066003713807864760688140548300667802751358597769
0.01357649572173276510053067927107085091350757710236463435654128731762656435637980401997898812776686004158048578645753756088159282

-0.23126278423249795355155717480088107709113054621831857388793612157531276583583534455880790027225544010887445202277431435600433990
0.16732345417480592945034962049430527616024989059394732856881806819780954612875064066003713807864760688140548300667802751358597769
0.01357649572173276510053067927107085091350757710236463435654128731762656435637980401997898812776686004158048578645753756088159282

-0.23126278423249795355155717480088107709113054621831857388793612157531276583583534455880790027225544010887445202277431435600433990
-0.93606066994230797589879244569342419906911934437562875468088194662249678029291529610122923780639216677253103098390371315758163778
0.01357649572173276510053067927107085091350757710236463435654128731762656435637980401997898812776686004158048578645753756088159282

-0.85569236719390431381981282929420532590334667175484500144986021517687283075826635431721474521431325981407525944345009445408960111
-0.74996230143650424894296297989148393173717541004927168543958605439713618041229403086008874743471151640070862920378380725192139943
0.01296706907178266060948098680138501271010764174772028096934261919356926336385035506223836135098428624021763309050674136661487973

0.60565466863040856276277580918568925764052208180411668688944626957400901117056038517730349264902477621478388864723390170601100054
-0.74996230143650424894296297989148393173717541004927168543958605439713618041229403086008874743471151640070862920378380725192139943
0.01296706907178266060948098680138501271010764174772028096934261919356926336385035506223836135098428624021763309050674136661487973

0.60565466863040856276277580918568925764052208180411668688944626957400901117056038517730349264902477621478388864723390170601100054
-0.85569236719390431381981282929420532590334667175484500144986021517687283075826635431721474521431325981407525944345009445408960111
0.01296706907178266060948098680138501271010764174772028096934261919356926336385035506223836135098428624021763309050674136661487973

-0.85569236719390431381981282929420532590334667175484500144986021517687283075826635431721474521431325981407525944345009445408960111
0.60565466863040856276277580918568925764052208180411668688944626957400901117056038517730349264902477621478388864723390170601100054
0.01296706907178266060948098680138501271010764174772028096934261919356926336385035506223836135098428624021763309050674136661487973

-0.74996230143650424894296297989148393173717541004927168543958605439713618041229403086008874743471151640070862920378380725192139943
0.60565466863040856276277580918568925764052208180411668688944626957400901117056038517730349264902477621478388864723390170601100054
0.01296706907178266060948098680138501271010764174772028096934261919356926336385035506223836135098428624021763309050674136661487973

-0.74996230143650424894296297989148393173717541004927168543958605439713618041229403086008874743471151640070862920378380725192139943
-0.85569236719390431381981282929420532590334667175484500144986021517687283075826635431721474521431325981407525944345009445408960111
0.01296706907178266060948098680138501271010764174772028096934261919356926336385035506223836135098428624021763309050674136661487973

-0.86168366848385601703633702902911291753915688195626293561706063014722825278358021646530213441263067972473142457042333432361295470
-0.60770502245731245608586109674636672583748035701216548639107909449460316493142179513447455213382730886875542611713349789399756998
0.01503796079467436815868674934766992363990898058967001829856494652245514951994829690104051119266628503024370857079845704530619495

0.46938869094116847312219812577547964337663723896842842200813972464183141771500201159977668654645798859348685068755683221761052467
-0.60770502245731245608586109674636672583748035701216548639107909449460316493142179513447455213382730886875542611713349789399756998
0.01503796079467436815868674934766992363990898058967001829856494652245514951994829690104051119266628503024370857079845704530619495

0.46938869094116847312219812577547964337663723896842842200813972464183141771500201159977668654645798859348685068755683221761052467
-0.86168366848385601703633702902911291753915688195626293561706063014722825278358021646530213441263067972473142457042333432361295470
0.01503796079467436815868674934766992363990898058967001829856494652245514951994829690104051119266628503024370857079845704530619495

-0.86168366848385601703633702902911291753915688195626293561706063014722825278358021646530213441263067972473142457042333432361295470
0.46938869094116847312219812577547964337663723896842842200813972464183141771500201159977668654645798859348685068755683221761052467
0.01503796079467436815868674934766992363990898058967001829856494652245514951994829690104051119266628503024370857079845704530619495

-0.60770502245731245608586109674636672583748035701216548639107909449460316493142179513447455213382730886875542611713349789399756998
0.46938869094116847312219812577547964337663723896842842200813972464183141771500201159977668654645798859348685068755683221761052467
0.01503796079467436815868674934766992363990898058967001829856494652245514951994829690104051119266628503024370857079845704530619495

-0.60770502245731245608586109674636672583748035701216548639107909449460316493142179513447455213382730886875542611713349789399756998
-0.86168366848385601703633702902911291753915688195626293561706063014722825278358021646530213441263067972473142457042333432361295470
0.01503796079467436815868674934766992363990898058967001829856494652245514951994829690104051119266628503024370857079845704530619495

-0.89293758113698770088772168416903749198212867335643285406326274659893420192027199153462991890403061244238865653797644242425192303
-0.43473476555529715105930338913931270819144670049591146057344102161818638281840113672630672398167742674760423792785226892463181042
0.01576545943841435226533749184251190407986963329773177108130461639180876760790522101916127889657102035940596089523502711397362548

0.32767234669228485194702507330835020017357537385234431463670376821712058473867312826093664288570803918999289446582871134888373346
-0.43473476555529715105930338913931270819144670049591146057344102161818638281840113672630672398167742674760423792785226892463181042
0.01576545943841435226533749184251190407986963329773177108130461639180876760790522101916127889657102035940596089523502711397362548

0.32767234669228485194702507330835020017357537385234431463670376821712058473867312826093664288570803918999289446582871134888373346
-0.89293758113698770088772168416903749198212867335643285406326274659893420192027199153462991890403061244238865653797644242425192303
0.01576545943841435226533749184251190407986963329773177108130461639180876760790522101916127889657102035940596089523502711397362548

-0.89293758113698770088772168416903749198212867335643285406326274659893420192027199153462991890403061244238865653797644242425192303
0.32767234669228485194702507330835020017357537385234431463670376821712058473867312826093664288570803918999289446582871134888373346
0.01576545943841435226533749184251190407986963329773177108130461639180876760790522101916127889657102035940596089523502711397362548

-0.43473476555529715105930338913931270819144670049591146057344102161818638281840113672630672398167742674760423792785226892463181042
0.32767234669228485194702507330835020017357537385234431463670376821712058473867312826093664288570803918999289446582871134888373346
0.01576545943841435226533749184251190407986963329773177108130461639180876760790522101916127889657102035940596089523502711397362548

-0.43473476555529715105930338913931270819144670049591146057344102161818638281840113672630672398167742674760423792785226892463181042
-0.89293758113698770088772168416903749198212867335643285406326274659893420192027199153462991890403061244238865653797644242425192303
0.01576545943841435226533749184251190407986963329773177108130461639180876760790522101916127889657102035940596089523502711397362548

-0.85061332924394025391186921224976238536161288642819567127896755453592121596251934624234342419041119758620883126090195771975448176
-0.26048298331538064875019562098678142138158649734746872385732587307743164212737213429431076186701448638169264057741571737541131657
0.01862472514839065962488970972620660601776499813942438153364440169712089483195922514435139074846068126778087754550623633533224300

0.11109631255932090266206483323654380674319938377566439513629342761335285808989148053665418605742568396790147183831767509516579832
-0.26048298331538064875019562098678142138158649734746872385732587307743164212737213429431076186701448638169264057741571737541131657
0.01862472514839065962488970972620660601776499813942438153364440169712089483195922514435139074846068126778087754550623633533224300

0.11109631255932090266206483323654380674319938377566439513629342761335285808989148053665418605742568396790147183831767509516579832
-0.85061332924394025391186921224976238536161288642819567127896755453592121596251934624234342419041119758620883126090195771975448176
0.01862472514839065962488970972620660601776499813942438153364440169712089483195922514435139074846068126778087754550623633533224300

-0.85061332924394025391186921224976238536161288642819567127896755453592121596251934624234342419041119758620883126090195771975448176
0.11109631255932090266206483323654380674319938377566439513629342761335285808989148053665418605742568396790147183831767509516579832
0.01862472514839065962488970972620660601776499813942438153364440169712089483195922514435139074846068126778087754550623633533224300

-0.26048298331538064875019562098678142138158649734746872385732587307743164212737213429431076186701448638169264057741571737541131657
0.11109631255932090266206483323654380674319938377566439513629342761335285808989148053665418605742568396790147183831767509516579832
0.01862472514839065962488970972620660601776499813942438153364440169712089483195922514435139074846068126778087754550623633533224300

-0.26048298331538064875019562098678142138158649734746872385732587307743164212737213429431076186701448638169264057741571737541131657
-0.85061332924394025391186921224976238536161288642819567127896755453592121596251934624234342419041119758620883126090195771975448176
0.01862472514839065962488970972620660601776499813942438153364440169712089483195922514435139074846068126778087754550623633533224300

-0.75599250439335727184691000859791270707576867680267139300683760054827446387943455692447964394806982797154161286461295097021710876
-0.59613501506320196012383436984656660242734336362326835422719790857233866574483236446310422512623603630971573398227740477119066946
0.01762841896442368428736075850881727742180112004011801116192251234677276726967061930335462130276462410035968370045391276497818724

0.35212751945655923197074437844447930950311204042593974723403550912061312962426692138758386907430586428125734684689035574140777822
-0.59613501506320196012383436984656660242734336362326835422719790857233866574483236446310422512623603630971573398227740477119066946
0.01762841896442368428736075850881727742180112004011801116192251234677276726967061930335462130276462410035968370045391276497818724

0.35212751945655923197074437844447930950311204042593974723403550912061312962426692138758386907430586428125734684689035574140777822
-0.75599250439335727184691000859791270707576867680267139300683760054827446387943455692447964394806982797154161286461295097021710876
0.01762841896442368428736075850881727742180112004011801116192251234677276726967061930335462130276462410035968370045391276497818724

-0.75599250439335727184691000859791270707576867680267139300683760054827446387943455692447964394806982797154161286461295097021710876
0.35212751945655923197074437844447930950311204042593974723403550912061312962426692138758386907430586428125734684689035574140777822
0.01762841896442368428736075850881727742180112004011801116192251234677276726967061930335462130276462410035968370045391276497818724

-0.59613501506320196012383436984656660242734336362326835422719790857233866574483236446310422512623603630971573398227740477119066946
0.35212751945655923197074437844447930950311204042593974723403550912061312962426692138758386907430586428125734684689035574140777822
0.01762841896442368428736075850881727742180112004011801116192251234677276726967061930335462130276462410035968370045391276497818724

-0.59613501506320196012383436984656660242734336362326835422719790857233866574483236446310422512623603630971573398227740477119066946
-0.75599250439335727184691000859791270707576867680267139300683760054827446387943455692447964394806982797154161286461295097021710876
0.01762841896442368428736075850881727742180112004011801116192251234677276726967061930335462130276462410035968370045391276497818724

-0.79116873660753364319146070634493317112456877148855224881360232288256263476397236192844018726464677962522791342865428232196046703
-0.44197523665675306560527940945919899527227379105487141020733094473865821950554806542416741760391134953998564787074352114478342617
0.01882609399951872132072196801123390817737838235574342540808593090798299157271026070118406068204079146783476666420007147852489651

0.23314397326428670879674011580413216639684256254342365902093326762122085426952042735260760486855812916521356129939780346674389320
-0.44197523665675306560527940945919899527227379105487141020733094473865821950554806542416741760391134953998564787074352114478342617
0.01882609399951872132072196801123390817737838235574342540808593090798299157271026070118406068204079146783476666420007147852489651

0.23314397326428670879674011580413216639684256254342365902093326762122085426952042735260760486855812916521356129939780346674389320
-0.79116873660753364319146070634493317112456877148855224881360232288256263476397236192844018726464677962522791342865428232196046703
0.01882609399951872132072196801123390817737838235574342540808593090798299157271026070118406068204079146783476666420007147852489651

-0.79116873660753364319146070634493317112456877148855224881360232288256263476397236192844018726464677962522791342865428232196046703
0.23314397326428670879674011580413216639684256254342365902093326762122085426952042735260760486855812916521356129939780346674389320
0.01882609399951872132072196801123390817737838235574342540808593090798299157271026070118406068204079146783476666420007147852489651

-0.44197523665675306560527940945919899527227379105487141020733094473865821950554806542416741760391134953998564787074352114478342617
0.23314397326428670879674011580413216639684256254342365902093326762122085426952042735260760486855812916521356129939780346674389320
0.01882609399951872132072196801123390817737838235574342540808593090798299157271026070118406068204079146783476666420007147852489651

-0.44197523665675306560527940945919899527227379105487141020733094473865821950554806542416741760391134953998564787074352114478342617
-0.79116873660753364319146070634493317112456877148855224881360232288256263476397236192844018726464677962522791342865428232196046703
0.01882609399951872132072196801123390817737838235574342540808593090798299157271026070118406068204079146783476666420007147852489651

-0.65907184974734200413419159396619551073496760184306361764087158480939016556877116871521155879417728691868792568517229860271172056
-0.46054219871234138753161355274987999930281520604604460800705727221345527348900999315452092343397731146440272900077473369799874933
0.02243044702996180833128850004182308922696013399292329019822343256449051976444106016715167576212995021637871145695174888836944254

0.11961404845968339166580514671607551003778280788910822564792885702284543905778116186973248222815459838309065468594703230071046989
-0.46054219871234138753161355274987999930281520604604460800705727221345527348900999315452092343397731146440272900077473369799874933
0.02243044702996180833128850004182308922696013399292329019822343256449051976444106016715167576212995021637871145695174888836944254

0.11961404845968339166580514671607551003778280788910822564792885702284543905778116186973248222815459838309065468594703230071046989
-0.65907184974734200413419159396619551073496760184306361764087158480939016556877116871521155879417728691868792568517229860271172056
0.02243044702996180833128850004182308922696013399292329019822343256449051976444106016715167576212995021637871145695174888836944254

-0.65907184974734200413419159396619551073496760184306361764087158480939016556877116871521155879417728691868792568517229860271172056
0.11961404845968339166580514671607551003778280788910822564792885702284543905778116186973248222815459838309065468594703230071046989
0.02243044702996180833128850004182308922696013399292329019822343256449051976444106016715167576212995021637871145695174888836944254

-0.46054219871234138753161355274987999930281520604604460800705727221345527348900999315452092343397731146440272900077473369799874933
0.11961404845968339166580514671607551003778280788910822564792885702284543905778116186973248222815459838309065468594703230071046989
0.02243044702996180833128850004182308922696013399292329019822343256449051976444106016715167576212995021637871145695174888836944254

-0.46054219871234138753161355274987999930281520604604460800705727221345527348900999315452092343397731146440272900077473369799874933
-0.65907184974734200413419159396619551073496760184306361764087158480939016556877116871521155879417728691868792568517229860271172056
0.02243044702996180833128850004182308922696013399292329019822343256449051976444106016715167576212995021637871145695174888836944254

-0.73235729465286859131863752812801390034189521659644055435816307306955428818735235008140477941034642600509108382700132337565953710
-0.29069534898281388026591296509696367145542576916590518077855272217146074889903555356803425585041958722663818202730826994264485982
0.02131156722896792350915025317874123499607181757650106587657486102787632621052323622902510824877882504938560319159973110174866821

0.02305264363568247158455049322497757179732098576234573513671579524101503708638790364943903526076601323172926585430959331830439692
-0.29069534898281388026591296509696367145542576916590518077855272217146074889903555356803425585041958722663818202730826994264485982
0.02131156722896792350915025317874123499607181757650106587657486102787632621052323622902510824877882504938560319159973110174866821

0.02305264363568247158455049322497757179732098576234573513671579524101503708638790364943903526076601323172926585430959331830439692
-0.73235729465286859131863752812801390034189521659644055435816307306955428818735235008140477941034642600509108382700132337565953710
0.02131156722896792350915025317874123499607181757650106587657486102787632621052323622902510824877882504938560319159973110174866821

-0.73235729465286859131863752812801390034189521659644055435816307306955428818735235008140477941034642600509108382700132337565953710
0.02305264363568247158455049322497757179732098576234573513671579524101503708638790364943903526076601323172926585430959331830439692
0.02131156722896792350915025317874123499607181757650106587657486102787632621052323622902510824877882504938560319159973110174866821

-0.29069534898281388026591296509696367145542576916590518077855272217146074889903555356803425585041958722663818202730826994264485982
0.02305264363568247158455049322497757179732098576234573513671579524101503708638790364943903526076601323172926585430959331830439692
0.02131156722896792350915025317874123499607181757650106587657486102787632621052323622902510824877882504938560319159973110174866821

-0.29069534898281388026591296509696367145542576916590518077855272217146074889903555356803425585041958722663818202730826994264485982
-0.73235729465286859131863752812801390034189521659644055435816307306955428818735235008140477941034642600509108382700132337565953710
0.02131156722896792350915025317874123499607181757650106587657486102787632621052323622902510824877882504938560319159973110174866821

-0.58059274662311271673645876168541435708434204517267930439781589563684487700596602361420508273746362928954880963262912658227469325
-0.33034564762336626495837559166606842879421363149273382386016299622352600385788374809316841333431479623449719493160899166902745872
0.02332271622640795355121400504915834090461899841351851043824992182792133306100312685860250109988966713208287570167033905649517318

-0.08906160575352101830516564664851721412144432333458687174202110813962911913615022829262650392822157447595399543576188174869784804
-0.33034564762336626495837559166606842879421363149273382386016299622352600385788374809316841333431479623449719493160899166902745872
0.02332271622640795355121400504915834090461899841351851043824992182792133306100312685860250109988966713208287570167033905649517318

-0.08906160575352101830516564664851721412144432333458687174202110813962911913615022829262650392822157447595399543576188174869784804
-0.58059274662311271673645876168541435708434204517267930439781589563684487700596602361420508273746362928954880963262912658227469325
0.02332271622640795355121400504915834090461899841351851043824992182792133306100312685860250109988966713208287570167033905649517318

-0.58059274662311271673645876168541435708434204517267930439781589563684487700596602361420508273746362928954880963262912658227469325
-0.08906160575352101830516564664851721412144432333458687174202110813962911913615022829262650392822157447595399543576188174869784804
0.02332271622640795355121400504915834090461899841351851043824992182792133306100312685860250109988966713208287570167033905649517318

-0.33034564762336626495837559166606842879421363149273382386016299622352600385788374809316841333431479623449719493160899166902745872
-0.08906160575352101830516564664851721412144432333458687174202110813962911913615022829262650392822157447595399543576188174869784804
0.02332271622640795355121400504915834090461899841351851043824992182792133306100312685860250109988966713208287570167033905649517318

-0.33034564762336626495837559166606842879421363149273382386016299622352600385788374809316841333431479623449719493160899166902745872
-0.58059274662311271673645876168541435708434204517267930439781589563684487700596602361420508273746362928954880963262912658227469325
0.02332271622640795355121400504915834090461899841351851043824992182792133306100312685860250109988966713208287570167033905649517318

