centroid    numS21      numS111     
true (1)    15 (3)      26 (6)      

-0.99624254463948477876674685139652783388041090078369465039696854730483641163108698367432227183204431190386539560935890050947732535
0.99248508927896955753349370279305566776082180156738930079393709460967282326217396734864454366408862380773079121871780101895465070
0.00015610154274751107535984548438945192582172892307489705092769241087444627825891513257396522925912136945838922724578494232778685

-0.99624254463948477876674685139652783388041090078369465039696854730483641163108698367432227183204431190386539560935890050947732535
-0.99624254463948477876674685139652783388041090078369465039696854730483641163108698367432227183204431190386539560935890050947732535
0.00015610154274751107535984548438945192582172892307489705092769241087444627825891513257396522925912136945838922724578494232778685

0.99248508927896955753349370279305566776082180156738930079393709460967282326217396734864454366408862380773079121871780101895465070
-0.99624254463948477876674685139652783388041090078369465039696854730483641163108698367432227183204431190386539560935890050947732535
0.00015610154274751107535984548438945192582172892307489705092769241087444627825891513257396522925912136945838922724578494232778685

-0.94903363952238469804464491452798463163722148878865932364659543586297366430816444133804093089014918064027690198490060668690147520
0.89806727904476939608928982905596926327444297757731864729319087172594732861632888267608186178029836128055380396980121337380295039
0.00353257843186759703547667876444350554701370692615108532473258993867685890651975236197732200211776125058290119090988540770066737

-0.94903363952238469804464491452798463163722148878865932364659543586297366430816444133804093089014918064027690198490060668690147520
-0.94903363952238469804464491452798463163722148878865932364659543586297366430816444133804093089014918064027690198490060668690147520
0.00353257843186759703547667876444350554701370692615108532473258993867685890651975236197732200211776125058290119090988540770066737

0.89806727904476939608928982905596926327444297757731864729319087172594732861632888267608186178029836128055380396980121337380295039
-0.94903363952238469804464491452798463163722148878865932364659543586297366430816444133804093089014918064027690198490060668690147520
0.00353257843186759703547667876444350554701370692615108532473258993867685890651975236197732200211776125058290119090988540770066737

-0.89247900805550616963662638409773734072782434215448884736405249019329687839846546274780414517393925012634753212537736025250570029
0.78495801611101233927325276819547468145564868430897769472810498038659375679693092549560829034787850025269506425075472050501140057
0.00611575367195580089485115001698205850559601837226438753945607368831313321746211293590568106908303891716465309511464667440769046

-0.89247900805550616963662638409773734072782434215448884736405249019329687839846546274780414517393925012634753212537736025250570029
-0.89247900805550616963662638409773734072782434215448884736405249019329687839846546274780414517393925012634753212537736025250570029
0.00611575367195580089485115001698205850559601837226438753945607368831313321746211293590568106908303891716465309511464667440769046

0.78495801611101233927325276819547468145564868430897769472810498038659375679693092549560829034787850025269506425075472050501140057
-0.89247900805550616963662638409773734072782434215448884736405249019329687839846546274780414517393925012634753212537736025250570029
0.00611575367195580089485115001698205850559601837226438753945607368831313321746211293590568106908303891716465309511464667440769046

-0.83896783225379437354473234110926891172784639859247474491190114374358800641338252426000152929974777938284896235933724011918279648
0.67793566450758874708946468221853782345569279718494948982380228748717601282676504852000305859949555876569792471867448023836559296
0.00633989719419298946731329742267942639202850146347467561831174952432892388555108183498156531367663086709538601433542207448950542

-0.83896783225379437354473234110926891172784639859247474491190114374358800641338252426000152929974777938284896235933724011918279648
-0.83896783225379437354473234110926891172784639859247474491190114374358800641338252426000152929974777938284896235933724011918279648
0.00633989719419298946731329742267942639202850146347467561831174952432892388555108183498156531367663086709538601433542207448950542

0.67793566450758874708946468221853782345569279718494948982380228748717601282676504852000305859949555876569792471867448023836559296
-0.83896783225379437354473234110926891172784639859247474491190114374358800641338252426000152929974777938284896235933724011918279648
0.00633989719419298946731329742267942639202850146347467561831174952432892388555108183498156531367663086709538601433542207448950542

-0.79745882931696059084081525038259119651902766139533184709822956817095587389014292001197355002752150434167629225170226158530671185
0.59491765863392118168163050076518239303805532279066369419645913634191174778028584002394710005504300868335258450340452317061342370
0.00760523228668673770654389852155162981869574560330099228193972781159052649930802577526956302516908367674321153902376423664920346

-0.79745882931696059084081525038259119651902766139533184709822956817095587389014292001197355002752150434167629225170226158530671185
-0.79745882931696059084081525038259119651902766139533184709822956817095587389014292001197355002752150434167629225170226158530671185
0.00760523228668673770654389852155162981869574560330099228193972781159052649930802577526956302516908367674321153902376423664920346

0.59491765863392118168163050076518239303805532279066369419645913634191174778028584002394710005504300868335258450340452317061342370
-0.79745882931696059084081525038259119651902766139533184709822956817095587389014292001197355002752150434167629225170226158530671185
0.00760523228668673770654389852155162981869574560330099228193972781159052649930802577526956302516908367674321153902376423664920346

-0.72057899297815619212257899876155387938521571657005257073170617960544774413423438015399079739548554099127739096710287292635401545
0.44115798595631238424515799752310775877043143314010514146341235921089548826846876030798159479097108198255478193420574585270803089
0.01577912782605048886273989317084674404418703771866715405068423704489531727359012457544620921823381768766814115698588819747374114

-0.72057899297815619212257899876155387938521571657005257073170617960544774413423438015399079739548554099127739096710287292635401545
-0.72057899297815619212257899876155387938521571657005257073170617960544774413423438015399079739548554099127739096710287292635401545
0.01577912782605048886273989317084674404418703771866715405068423704489531727359012457544620921823381768766814115698588819747374114

0.44115798595631238424515799752310775877043143314010514146341235921089548826846876030798159479097108198255478193420574585270803089
-0.72057899297815619212257899876155387938521571657005257073170617960544774413423438015399079739548554099127739096710287292635401545
0.01577912782605048886273989317084674404418703771866715405068423704489531727359012457544620921823381768766814115698588819747374114

-0.53295138005216231380671449579781283075680829203044631900415680827011570173692995127348786257071151581516417395615634388230333377
0.06590276010432462761342899159562566151361658406089263800831361654023140347385990254697572514142303163032834791231268776460666754
0.02331887514754460935781432763153671737832384812926411292517490749970610282360071226203557870420263375360536461230351495010522834

-0.53295138005216231380671449579781283075680829203044631900415680827011570173692995127348786257071151581516417395615634388230333377
-0.53295138005216231380671449579781283075680829203044631900415680827011570173692995127348786257071151581516417395615634388230333377
0.02331887514754460935781432763153671737832384812926411292517490749970610282360071226203557870420263375360536461230351495010522834

0.06590276010432462761342899159562566151361658406089263800831361654023140347385990254697572514142303163032834791231268776460666754
-0.53295138005216231380671449579781283075680829203044631900415680827011570173692995127348786257071151581516417395615634388230333377
0.02331887514754460935781432763153671737832384812926411292517490749970610282360071226203557870420263375360536461230351495010522834

-0.43286224404033850769515552339057765031608671163503506945781682404562380846889291336610887636597730829888949248182058610416739108
-0.13427551191932298460968895321884469936782657672992986108436635190875238306221417326778224726804538340222101503635882779166521784
0.02467936589144622742843399460288043917500467347727191242100063518211574149050263700623092715705313125524919359523074791523202369

-0.43286224404033850769515552339057765031608671163503506945781682404562380846889291336610887636597730829888949248182058610416739108
-0.43286224404033850769515552339057765031608671163503506945781682404562380846889291336610887636597730829888949248182058610416739108
0.02467936589144622742843399460288043917500467347727191242100063518211574149050263700623092715705313125524919359523074791523202369

-0.13427551191932298460968895321884469936782657672992986108436635190875238306221417326778224726804538340222101503635882779166521784
-0.43286224404033850769515552339057765031608671163503506945781682404562380846889291336610887636597730829888949248182058610416739108
0.02467936589144622742843399460288043917500467347727191242100063518211574149050263700623092715705313125524919359523074791523202369

-0.00098434709043698684492816649962844712503741082305579183412625679747134052858831825918088275414837996219016562677473603064271021
-0.99803130581912602631014366700074310574992517835388841633174748640505731894282336348163823449170324007561966874645052793871457958
0.00181859062021237500680619234154709334977552038390859026536631239995972700905505939586969061735431971125221167274191397280922448

-0.00098434709043698684492816649962844712503741082305579183412625679747134052858831825918088275414837996219016562677473603064271021
-0.00098434709043698684492816649962844712503741082305579183412625679747134052858831825918088275414837996219016562677473603064271021
0.00181859062021237500680619234154709334977552038390859026536631239995972700905505939586969061735431971125221167274191397280922448

-0.99803130581912602631014366700074310574992517835388841633174748640505731894282336348163823449170324007561966874645052793871457958
-0.00098434709043698684492816649962844712503741082305579183412625679747134052858831825918088275414837996219016562677473603064271021
0.00181859062021237500680619234154709334977552038390859026536631239995972700905505939586969061735431971125221167274191397280922448

-0.01352060309832515112838383653805932583815681306095602834334596180244454236943277160858235323906596374876934547021702382545210428
-0.97295879380334969774323232692388134832368637387808794331330807639511091526113445678283529352186807250246130905956595234909579145
0.00614867466744377303926571586337428323075544574332458566539170472689632618457050262576718178239874178370954259848317255218964000

-0.01352060309832515112838383653805932583815681306095602834334596180244454236943277160858235323906596374876934547021702382545210428
-0.01352060309832515112838383653805932583815681306095602834334596180244454236943277160858235323906596374876934547021702382545210428
0.00614867466744377303926571586337428323075544574332458566539170472689632618457050262576718178239874178370954259848317255218964000

-0.97295879380334969774323232692388134832368637387808794331330807639511091526113445678283529352186807250246130905956595234909579145
-0.01352060309832515112838383653805932583815681306095602834334596180244454236943277160858235323906596374876934547021702382545210428
0.00614867466744377303926571586337428323075544574332458566539170472689632618457050262576718178239874178370954259848317255218964000

-0.04033593485576798610907822106542076825467005622289409242825769933825422763540679136486706787793233243347190018183962512486759962
-0.91932813028846402778184355786915846349065988755421181514348460132349154472918641727026586424413533513305619963632074975026480077
0.01063743354258319384271705477938605322514193473396100297344427918775310010662971176942607763345337892119371207729733031661248585

-0.04033593485576798610907822106542076825467005622289409242825769933825422763540679136486706787793233243347190018183962512486759962
-0.04033593485576798610907822106542076825467005622289409242825769933825422763540679136486706787793233243347190018183962512486759962
0.01063743354258319384271705477938605322514193473396100297344427918775310010662971176942607763345337892119371207729733031661248585

-0.91932813028846402778184355786915846349065988755421181514348460132349154472918641727026586424413533513305619963632074975026480077
-0.04033593485576798610907822106542076825467005622289409242825769933825422763540679136486706787793233243347190018183962512486759962
0.01063743354258319384271705477938605322514193473396100297344427918775310010662971176942607763345337892119371207729733031661248585

-0.07909179823668262252097000000603583829703953937271680528390999143034344388711327398724436310693978963061919205952991527880918925
-0.84181640352663475495805999998792832340592092125456638943218001713931311222577345202551127378612042073876161588094016944238162150
0.01523641510023485274974300433529830179182676443753511329233277619507126789766015552757408832399570709956763459808902179556102215

-0.07909179823668262252097000000603583829703953937271680528390999143034344388711327398724436310693978963061919205952991527880918925
-0.07909179823668262252097000000603583829703953937271680528390999143034344388711327398724436310693978963061919205952991527880918925
0.01523641510023485274974300433529830179182676443753511329233277619507126789766015552757408832399570709956763459808902179556102215

-0.84181640352663475495805999998792832340592092125456638943218001713931311222577345202551127378612042073876161588094016944238162150
-0.07909179823668262252097000000603583829703953937271680528390999143034344388711327398724436310693978963061919205952991527880918925
0.01523641510023485274974300433529830179182676443753511329233277619507126789766015552757408832399570709956763459808902179556102215

-0.12396067586240013177801471285039040283825250768686560828916482489853941671453361938646862751104806401002257654191455483458975263
-0.75207864827519973644397057429921919432349498462626878342167035020292116657093276122706274497790387197995484691617089033082049473
0.01461512818384858842821313520978904466886910877782466917657471765273711901189849635241387599335086692020992729787814389868102731

-0.12396067586240013177801471285039040283825250768686560828916482489853941671453361938646862751104806401002257654191455483458975263
-0.12396067586240013177801471285039040283825250768686560828916482489853941671453361938646862751104806401002257654191455483458975263
0.01461512818384858842821313520978904466886910877782466917657471765273711901189849635241387599335086692020992729787814389868102731

-0.75207864827519973644397057429921919432349498462626878342167035020292116657093276122706274497790387197995484691617089033082049473
-0.12396067586240013177801471285039040283825250768686560828916482489853941671453361938646862751104806401002257654191455483458975263
0.01461512818384858842821313520978904466886910877782466917657471765273711901189849635241387599335086692020992729787814389868102731

-0.17866228033391210409292458605353036947526399093137809112963963586076524480525269543337387770803960933971221747610597446915528075
-0.64267543933217579181415082789293926104947201813724381774072072827846951038949460913325224458392078132057556504778805106168943850
0.01998372069264878148400668712354832815782297895937425489333006200988385618061510499728513370096434135808972016031324511720169196

-0.17866228033391210409292458605353036947526399093137809112963963586076524480525269543337387770803960933971221747610597446915528075
-0.17866228033391210409292458605353036947526399093137809112963963586076524480525269543337387770803960933971221747610597446915528075
0.01998372069264878148400668712354832815782297895937425489333006200988385618061510499728513370096434135808972016031324511720169196

-0.64267543933217579181415082789293926104947201813724381774072072827846951038949460913325224458392078132057556504778805106168943850
-0.17866228033391210409292458605353036947526399093137809112963963586076524480525269543337387770803960933971221747610597446915528075
0.01998372069264878148400668712354832815782297895937425489333006200988385618061510499728513370096434135808972016031324511720169196

-0.25227376694276321585404848050189345469121329130951396603326879590825494361169712056646569440461098049803578746641556893989560544
-0.49545246611447356829190303899621309061757341738097206793346240818349011277660575886706861119077803900392842506716886212020878912
0.02380041551522902329198627737937259808288654001461650042157783197881423403854301255588367884453398360770195884950056855743909392

-0.25227376694276321585404848050189345469121329130951396603326879590825494361169712056646569440461098049803578746641556893989560544
-0.25227376694276321585404848050189345469121329130951396603326879590825494361169712056646569440461098049803578746641556893989560544
0.02380041551522902329198627737937259808288654001461650042157783197881423403854301255588367884453398360770195884950056855743909392

-0.49545246611447356829190303899621309061757341738097206793346240818349011277660575886706861119077803900392842506716886212020878912
-0.25227376694276321585404848050189345469121329130951396603326879590825494361169712056646569440461098049803578746641556893989560544
0.02380041551522902329198627737937259808288654001461650042157783197881423403854301255588367884453398360770195884950056855743909392

-0.99122134022769803419558488428997735657085681829912490480840973035943120214925590294123585281990635508152600445314821432730960265
-0.96714004182865701317966340000840956456625365780436574575324519201031684745547337858834654309821704135416764130467063791320226009
0.00098297382547678252351777660700697191015174817723437846513912045352595887265894181495981481200656041976006065484166426829858776

0.95836138205635504737524828429838692113711047610349065056165492236974804960472928152958239591812339643569364575781885224051186274
-0.96714004182865701317966340000840956456625365780436574575324519201031684745547337858834654309821704135416764130467063791320226009
0.00098297382547678252351777660700697191015174817723437846513912045352595887265894181495981481200656041976006065484166426829858776

0.95836138205635504737524828429838692113711047610349065056165492236974804960472928152958239591812339643569364575781885224051186274
-0.99122134022769803419558488428997735657085681829912490480840973035943120214925590294123585281990635508152600445314821432730960265
0.00098297382547678252351777660700697191015174817723437846513912045352595887265894181495981481200656041976006065484166426829858776

-0.99122134022769803419558488428997735657085681829912490480840973035943120214925590294123585281990635508152600445314821432730960265
0.95836138205635504737524828429838692113711047610349065056165492236974804960472928152958239591812339643569364575781885224051186274
0.00098297382547678252351777660700697191015174817723437846513912045352595887265894181495981481200656041976006065484166426829858776

-0.96714004182865701317966340000840956456625365780436574575324519201031684745547337858834654309821704135416764130467063791320226009
0.95836138205635504737524828429838692113711047610349065056165492236974804960472928152958239591812339643569364575781885224051186274
0.00098297382547678252351777660700697191015174817723437846513912045352595887265894181495981481200656041976006065484166426829858776

-0.96714004182865701317966340000840956456625365780436574575324519201031684745547337858834654309821704135416764130467063791320226009
-0.99122134022769803419558488428997735657085681829912490480840973035943120214925590294123585281990635508152600445314821432730960265
0.00098297382547678252351777660700697191015174817723437846513912045352595887265894181495981481200656041976006065484166426829858776

-0.99011943614739617000369781886322033585613209997949510597563579005079186466841057772597720432122148114958925900708623268915011407
-0.90989938132028874333164891820456157637678941740946221188918129197788900791134821324529720396239576416377983448395935027451474544
0.00178958109317506215819167988224769850540312415944661659307481569690918958241343929047227544450031886461055285560966755706096913

0.90001881746768491333534673706778191223292151738895731786481708202868087257975879097127440828361724531336909349104558296366485952
-0.90989938132028874333164891820456157637678941740946221188918129197788900791134821324529720396239576416377983448395935027451474544
0.00178958109317506215819167988224769850540312415944661659307481569690918958241343929047227544450031886461055285560966755706096913

0.90001881746768491333534673706778191223292151738895731786481708202868087257975879097127440828361724531336909349104558296366485952
-0.99011943614739617000369781886322033585613209997949510597563579005079186466841057772597720432122148114958925900708623268915011407
0.00178958109317506215819167988224769850540312415944661659307481569690918958241343929047227544450031886461055285560966755706096913

-0.99011943614739617000369781886322033585613209997949510597563579005079186466841057772597720432122148114958925900708623268915011407
0.90001881746768491333534673706778191223292151738895731786481708202868087257975879097127440828361724531336909349104558296366485952
0.00178958109317506215819167988224769850540312415944661659307481569690918958241343929047227544450031886461055285560966755706096913

-0.90989938132028874333164891820456157637678941740946221188918129197788900791134821324529720396239576416377983448395935027451474544
0.90001881746768491333534673706778191223292151738895731786481708202868087257975879097127440828361724531336909349104558296366485952
0.00178958109317506215819167988224769850540312415944661659307481569690918958241343929047227544450031886461055285560966755706096913

-0.90989938132028874333164891820456157637678941740946221188918129197788900791134821324529720396239576416377983448395935027451474544
-0.99011943614739617000369781886322033585613209997949510597563579005079186466841057772597720432122148114958925900708623268915011407
0.00178958109317506215819167988224769850540312415944661659307481569690918958241343929047227544450031886461055285560966755706096913

-0.99375982726701666437113962414701893207938763056516792654608172940373507809501534364834110028170276159567762156074055316828494644
-0.82413357829989103151111219385490072809911500179983306052413921679818921693049574793926404137111183302168326423762530668589530998
0.00169132657397468756267819510947784196444409448069697524666620956842151949445660663613669658306862138523955544288538107845087611

0.81789340556690769588225181800191966017850263236500098707022094620192429502551109158760514165281459461736088579836585985418025642
-0.82413357829989103151111219385490072809911500179983306052413921679818921693049574793926404137111183302168326423762530668589530998
0.00169132657397468756267819510947784196444409448069697524666620956842151949445660663613669658306862138523955544288538107845087611

0.81789340556690769588225181800191966017850263236500098707022094620192429502551109158760514165281459461736088579836585985418025642
-0.99375982726701666437113962414701893207938763056516792654608172940373507809501534364834110028170276159567762156074055316828494644
0.00169132657397468756267819510947784196444409448069697524666620956842151949445660663613669658306862138523955544288538107845087611

-0.99375982726701666437113962414701893207938763056516792654608172940373507809501534364834110028170276159567762156074055316828494644
0.81789340556690769588225181800191966017850263236500098707022094620192429502551109158760514165281459461736088579836585985418025642
0.00169132657397468756267819510947784196444409448069697524666620956842151949445660663613669658306862138523955544288538107845087611

-0.82413357829989103151111219385490072809911500179983306052413921679818921693049574793926404137111183302168326423762530668589530998
0.81789340556690769588225181800191966017850263236500098707022094620192429502551109158760514165281459461736088579836585985418025642
0.00169132657397468756267819510947784196444409448069697524666620956842151949445660663613669658306862138523955544288538107845087611

-0.82413357829989103151111219385490072809911500179983306052413921679818921693049574793926404137111183302168326423762530668589530998
-0.99375982726701666437113962414701893207938763056516792654608172940373507809501534364834110028170276159567762156074055316828494644
0.00169132657397468756267819510947784196444409448069697524666620956842151949445660663613669658306862138523955544288538107845087611

-0.99115443232145311740067131003316503402851629628323735184958739254558119645782463657184668463649456443584457684549616592931375393
-0.37436007776457351290893757063530096292916291152340955681659225697756911732305842271203619107887806578808161509859964529746428062
0.00372969456370077770913791188078743110770148699722219917103126519830060355467519090298915173291838257274101883925277925116093600

0.36551451008602663030960888066846599695767920780664690866617964952315031378088305928388287571537263022392619194409581122677803455
-0.37436007776457351290893757063530096292916291152340955681659225697756911732305842271203619107887806578808161509859964529746428062
0.00372969456370077770913791188078743110770148699722219917103126519830060355467519090298915173291838257274101883925277925116093600

0.36551451008602663030960888066846599695767920780664690866617964952315031378088305928388287571537263022392619194409581122677803455
-0.99115443232145311740067131003316503402851629628323735184958739254558119645782463657184668463649456443584457684549616592931375393
0.00372969456370077770913791188078743110770148699722219917103126519830060355467519090298915173291838257274101883925277925116093600

-0.99115443232145311740067131003316503402851629628323735184958739254558119645782463657184668463649456443584457684549616592931375393
0.36551451008602663030960888066846599695767920780664690866617964952315031378088305928388287571537263022392619194409581122677803455
0.00372969456370077770913791188078743110770148699722219917103126519830060355467519090298915173291838257274101883925277925116093600

-0.37436007776457351290893757063530096292916291152340955681659225697756911732305842271203619107887806578808161509859964529746428062
0.36551451008602663030960888066846599695767920780664690866617964952315031378088305928388287571537263022392619194409581122677803455
0.00372969456370077770913791188078743110770148699722219917103126519830060355467519090298915173291838257274101883925277925116093600

-0.37436007776457351290893757063530096292916291152340955681659225697756911732305842271203619107887806578808161509859964529746428062
-0.99115443232145311740067131003316503402851629628323735184958739254558119645782463657184668463649456443584457684549616592931375393
0.00372969456370077770913791188078743110770148699722219917103126519830060355467519090298915173291838257274101883925277925116093600

-0.99484666619114155723478220226445642617312701468974722412005176379991530057419087623432352619603803275105639372250935455761091297
-0.20155158850694109116700078919568266063212816862267206944170701860176664097622724063285482455286075582611149185093110140702097620
0.00246398658079365221091548778585638967158498891746615615948085746084653913154151515189018194876474342555681828233290323263401781

0.19639825469808264840178299146013908680525518331241929356175878240168194155041811686717835074889878857716788557344045596463188917
-0.20155158850694109116700078919568266063212816862267206944170701860176664097622724063285482455286075582611149185093110140702097620
0.00246398658079365221091548778585638967158498891746615615948085746084653913154151515189018194876474342555681828233290323263401781

0.19639825469808264840178299146013908680525518331241929356175878240168194155041811686717835074889878857716788557344045596463188917
-0.99484666619114155723478220226445642617312701468974722412005176379991530057419087623432352619603803275105639372250935455761091297
0.00246398658079365221091548778585638967158498891746615615948085746084653913154151515189018194876474342555681828233290323263401781

-0.99484666619114155723478220226445642617312701468974722412005176379991530057419087623432352619603803275105639372250935455761091297
0.19639825469808264840178299146013908680525518331241929356175878240168194155041811686717835074889878857716788557344045596463188917
0.00246398658079365221091548778585638967158498891746615615948085746084653913154151515189018194876474342555681828233290323263401781

-0.20155158850694109116700078919568266063212816862267206944170701860176664097622724063285482455286075582611149185093110140702097620
0.19639825469808264840178299146013908680525518331241929356175878240168194155041811686717835074889878857716788557344045596463188917
0.00246398658079365221091548778585638967158498891746615615948085746084653913154151515189018194876474342555681828233290323263401781

-0.20155158850694109116700078919568266063212816862267206944170701860176664097622724063285482455286075582611149185093110140702097620
-0.99484666619114155723478220226445642617312701468974722412005176379991530057419087623432352619603803275105639372250935455761091297
0.00246398658079365221091548778585638967158498891746615615948085746084653913154151515189018194876474342555681828233290323263401781

-0.95584508440756032159707472560582755525222400956997831269013393849301162676286700655688851140168878823965527545720997867133191813
-0.86883056675674110850139883509708236706741336347984026068825906986112684166598695380093120515111367524257346521636931300946744244
0.00467018261424412439577995977473914370955822933098396074207044242170388476296399054572687075724820366848430032774824097124796002

0.82467565116430143009847356070290992231963737304981857337839300835413846842885396035781971655280246348222874067357929168079936058
-0.86883056675674110850139883509708236706741336347984026068825906986112684166598695380093120515111367524257346521636931300946744244
0.00467018261424412439577995977473914370955822933098396074207044242170388476296399054572687075724820366848430032774824097124796002

0.82467565116430143009847356070290992231963737304981857337839300835413846842885396035781971655280246348222874067357929168079936058
-0.95584508440756032159707472560582755525222400956997831269013393849301162676286700655688851140168878823965527545720997867133191813
0.00467018261424412439577995977473914370955822933098396074207044242170388476296399054572687075724820366848430032774824097124796002

-0.95584508440756032159707472560582755525222400956997831269013393849301162676286700655688851140168878823965527545720997867133191813
0.82467565116430143009847356070290992231963737304981857337839300835413846842885396035781971655280246348222874067357929168079936058
0.00467018261424412439577995977473914370955822933098396074207044242170388476296399054572687075724820366848430032774824097124796002

-0.86883056675674110850139883509708236706741336347984026068825906986112684166598695380093120515111367524257346521636931300946744244
0.82467565116430143009847356070290992231963737304981857337839300835413846842885396035781971655280246348222874067357929168079936058
0.00467018261424412439577995977473914370955822933098396074207044242170388476296399054572687075724820366848430032774824097124796002

-0.86883056675674110850139883509708236706741336347984026068825906986112684166598695380093120515111367524257346521636931300946744244
-0.95584508440756032159707472560582755525222400956997831269013393849301162676286700655688851140168878823965527545720997867133191813
0.00467018261424412439577995977473914370955822933098396074207044242170388476296399054572687075724820366848430032774824097124796002

-0.97231018380716550736370000309636734446465236112079086730163370984015463271303713017126871684053426192630059689465998373826035542
-0.76351687624923644043494166235235326875963852898404446015819611605639210076024372382414190847837118105321708880883643113417959451
0.00454643130089338886039530041051019632709539820072329779873560569172112075384646101091315117791053027369293643188793190641968437

0.73582706005640194779864166544872061322429089010483532745982982589654673347328085399541062531890544297951768570349641487243994993
-0.76351687624923644043494166235235326875963852898404446015819611605639210076024372382414190847837118105321708880883643113417959451
0.00454643130089338886039530041051019632709539820072329779873560569172112075384646101091315117791053027369293643188793190641968437

0.73582706005640194779864166544872061322429089010483532745982982589654673347328085399541062531890544297951768570349641487243994993
-0.97231018380716550736370000309636734446465236112079086730163370984015463271303713017126871684053426192630059689465998373826035542
0.00454643130089338886039530041051019632709539820072329779873560569172112075384646101091315117791053027369293643188793190641968437

-0.97231018380716550736370000309636734446465236112079086730163370984015463271303713017126871684053426192630059689465998373826035542
0.73582706005640194779864166544872061322429089010483532745982982589654673347328085399541062531890544297951768570349641487243994993
0.00454643130089338886039530041051019632709539820072329779873560569172112075384646101091315117791053027369293643188793190641968437

-0.76351687624923644043494166235235326875963852898404446015819611605639210076024372382414190847837118105321708880883643113417959451
0.73582706005640194779864166544872061322429089010483532745982982589654673347328085399541062531890544297951768570349641487243994993
0.00454643130089338886039530041051019632709539820072329779873560569172112075384646101091315117791053027369293643188793190641968437

-0.76351687624923644043494166235235326875963852898404446015819611605639210076024372382414190847837118105321708880883643113417959451
-0.97231018380716550736370000309636734446465236112079086730163370984015463271303713017126871684053426192630059689465998373826035542
0.00454643130089338886039530041051019632709539820072329779873560569172112075384646101091315117791053027369293643188793190641968437

-0.99965895640128432587661209899352553101051732457791071064207068655194117568397762100821450432822762809258109351007041288450927782
-0.69737168573995022197522551903361585639229186959509851475215974880446406728946343989854970273711586571117494386602822291609363935
0.00102019236490964164161552076377634725999166682855540446756687006278853656483990559523600400498403395674898701757642480483637878

0.69703064214123454785183761802714138740280919417300922539423043535640524297344106090676420706534349380375603737609863580060291717
-0.69737168573995022197522551903361585639229186959509851475215974880446406728946343989854970273711586571117494386602822291609363935
0.00102019236490964164161552076377634725999166682855540446756687006278853656483990559523600400498403395674898701757642480483637878

0.69703064214123454785183761802714138740280919417300922539423043535640524297344106090676420706534349380375603737609863580060291717
-0.99965895640128432587661209899352553101051732457791071064207068655194117568397762100821450432822762809258109351007041288450927782
0.00102019236490964164161552076377634725999166682855540446756687006278853656483990559523600400498403395674898701757642480483637878

-0.99965895640128432587661209899352553101051732457791071064207068655194117568397762100821450432822762809258109351007041288450927782
0.69703064214123454785183761802714138740280919417300922539423043535640524297344106090676420706534349380375603737609863580060291717
0.00102019236490964164161552076377634725999166682855540446756687006278853656483990559523600400498403395674898701757642480483637878

-0.69737168573995022197522551903361585639229186959509851475215974880446406728946343989854970273711586571117494386602822291609363935
0.69703064214123454785183761802714138740280919417300922539423043535640524297344106090676420706534349380375603737609863580060291717
0.00102019236490964164161552076377634725999166682855540446756687006278853656483990559523600400498403395674898701757642480483637878

-0.69737168573995022197522551903361585639229186959509851475215974880446406728946343989854970273711586571117494386602822291609363935
-0.99965895640128432587661209899352553101051732457791071064207068655194117568397762100821450432822762809258109351007041288450927782
0.00102019236490964164161552076377634725999166682855540446756687006278853656483990559523600400498403395674898701757642480483637878

-0.99221319051764727689268015516262702487902630902063536691429751694861228288350395295697702414234525950026618541871939218409255294
-0.53271066225263572325005609108623728122554704546611324719418734182590933396370778457295870460431421369784533514252290829405298029
0.00306787373079894887222160702810284877844087695210992011226198063076285885391641859317003772005521896952702131469900898853610162

0.52492385277028300014273624624886430610457335448674861410848485877452161684721173752993572874665947319811152056124230047814553323
-0.53271066225263572325005609108623728122554704546611324719418734182590933396370778457295870460431421369784533514252290829405298029
0.00306787373079894887222160702810284877844087695210992011226198063076285885391641859317003772005521896952702131469900898853610162

0.52492385277028300014273624624886430610457335448674861410848485877452161684721173752993572874665947319811152056124230047814553323
-0.99221319051764727689268015516262702487902630902063536691429751694861228288350395295697702414234525950026618541871939218409255294
0.00306787373079894887222160702810284877844087695210992011226198063076285885391641859317003772005521896952702131469900898853610162

-0.99221319051764727689268015516262702487902630902063536691429751694861228288350395295697702414234525950026618541871939218409255294
0.52492385277028300014273624624886430610457335448674861410848485877452161684721173752993572874665947319811152056124230047814553323
0.00306787373079894887222160702810284877844087695210992011226198063076285885391641859317003772005521896952702131469900898853610162

-0.53271066225263572325005609108623728122554704546611324719418734182590933396370778457295870460431421369784533514252290829405298029
0.52492385277028300014273624624886430610457335448674861410848485877452161684721173752993572874665947319811152056124230047814553323
0.00306787373079894887222160702810284877844087695210992011226198063076285885391641859317003772005521896952702131469900898853610162

-0.53271066225263572325005609108623728122554704546611324719418734182590933396370778457295870460431421369784533514252290829405298029
-0.99221319051764727689268015516262702487902630902063536691429751694861228288350395295697702414234525950026618541871939218409255294
0.00306787373079894887222160702810284877844087695210992011226198063076285885391641859317003772005521896952702131469900898853610162

-0.97399585572089925761879491955063886040348813802537050426531830073119425874390370255834475653102697065728066475921277895105575666
-0.16336851315509976389500116892673289646940616495471525077252989839123134336198451298339245732533036872183954804032138246213129309
0.00530081418215779407626580362590101676504557048380273267702596257837394266998433909448480805799346470761351916707360681732516797

0.13736436887599902151379608847737175687289430298008575503784819912242560210588821554173721385635733937912021279953416141318704975
-0.16336851315509976389500116892673289646940616495471525077252989839123134336198451298339245732533036872183954804032138246213129309
0.00530081418215779407626580362590101676504557048380273267702596257837394266998433909448480805799346470761351916707360681732516797

0.13736436887599902151379608847737175687289430298008575503784819912242560210588821554173721385635733937912021279953416141318704975
-0.97399585572089925761879491955063886040348813802537050426531830073119425874390370255834475653102697065728066475921277895105575666
0.00530081418215779407626580362590101676504557048380273267702596257837394266998433909448480805799346470761351916707360681732516797

-0.97399585572089925761879491955063886040348813802537050426531830073119425874390370255834475653102697065728066475921277895105575666
0.13736436887599902151379608847737175687289430298008575503784819912242560210588821554173721385635733937912021279953416141318704975
0.00530081418215779407626580362590101676504557048380273267702596257837394266998433909448480805799346470761351916707360681732516797

-0.16336851315509976389500116892673289646940616495471525077252989839123134336198451298339245732533036872183954804032138246213129309
0.13736436887599902151379608847737175687289430298008575503784819912242560210588821554173721385635733937912021279953416141318704975
0.00530081418215779407626580362590101676504557048380273267702596257837394266998433909448480805799346470761351916707360681732516797

-0.16336851315509976389500116892673289646940616495471525077252989839123134336198451298339245732533036872183954804032138246213129309
-0.97399585572089925761879491955063886040348813802537050426531830073119425874390370255834475653102697065728066475921277895105575666
0.00530081418215779407626580362590101676504557048380273267702596257837394266998433909448480805799346470761351916707360681732516797

-0.91332823575063893569219738173939229574820224305054154010279666115593024745641740290081874492324313706138560123385576698808488977
-0.78181327445329929755219477828359680010950714152102890386578812093993915544022890670059331304962223569673900677598227157608684504
0.00853383493417569082121594156073727931515147278981029486767824915049865673999300343039525326406195888844862191909021383495028323

0.69514151020393823324439216002298909585770938457157044396858478209586940289664630960141205797286537275812460800983803856417173481
-0.78181327445329929755219477828359680010950714152102890386578812093993915544022890670059331304962223569673900677598227157608684504
0.00853383493417569082121594156073727931515147278981029486767824915049865673999300343039525326406195888844862191909021383495028323

0.69514151020393823324439216002298909585770938457157044396858478209586940289664630960141205797286537275812460800983803856417173481
-0.91332823575063893569219738173939229574820224305054154010279666115593024745641740290081874492324313706138560123385576698808488977
0.00853383493417569082121594156073727931515147278981029486767824915049865673999300343039525326406195888844862191909021383495028323

-0.91332823575063893569219738173939229574820224305054154010279666115593024745641740290081874492324313706138560123385576698808488977
0.69514151020393823324439216002298909585770938457157044396858478209586940289664630960141205797286537275812460800983803856417173481
0.00853383493417569082121594156073727931515147278981029486767824915049865673999300343039525326406195888844862191909021383495028323

-0.78181327445329929755219477828359680010950714152102890386578812093993915544022890670059331304962223569673900677598227157608684504
0.69514151020393823324439216002298909585770938457157044396858478209586940289664630960141205797286537275812460800983803856417173481
0.00853383493417569082121594156073727931515147278981029486767824915049865673999300343039525326406195888844862191909021383495028323

-0.78181327445329929755219477828359680010950714152102890386578812093993915544022890670059331304962223569673900677598227157608684504
-0.91332823575063893569219738173939229574820224305054154010279666115593024745641740290081874492324313706138560123385576698808488977
0.00853383493417569082121594156073727931515147278981029486767824915049865673999300343039525326406195888844862191909021383495028323

-0.92884115764289574332307184529840980007016333044864116870857949687800995554252851207459408200370249568974628498851564617679776650
-0.65158714587373182508488344068400754493986565730325453674679879539795157201690714228259677876346327085463663591857096626041362037
0.00879188663999525551506220953071457490616096130425842387575718179339154159658091633734013505741434210842449204019341201519567313

0.58042830351662756840795528598241734501002898775189570545537829227596152755943565435719086076716576654438292090708661243721138687
-0.65158714587373182508488344068400754493986565730325453674679879539795157201690714228259677876346327085463663591857096626041362037
0.00879188663999525551506220953071457490616096130425842387575718179339154159658091633734013505741434210842449204019341201519567313

0.58042830351662756840795528598241734501002898775189570545537829227596152755943565435719086076716576654438292090708661243721138687
-0.92884115764289574332307184529840980007016333044864116870857949687800995554252851207459408200370249568974628498851564617679776650
0.00879188663999525551506220953071457490616096130425842387575718179339154159658091633734013505741434210842449204019341201519567313

-0.92884115764289574332307184529840980007016333044864116870857949687800995554252851207459408200370249568974628498851564617679776650
0.58042830351662756840795528598241734501002898775189570545537829227596152755943565435719086076716576654438292090708661243721138687
0.00879188663999525551506220953071457490616096130425842387575718179339154159658091633734013505741434210842449204019341201519567313

-0.65158714587373182508488344068400754493986565730325453674679879539795157201690714228259677876346327085463663591857096626041362037
0.58042830351662756840795528598241734501002898775189570545537829227596152755943565435719086076716576654438292090708661243721138687
0.00879188663999525551506220953071457490616096130425842387575718179339154159658091633734013505741434210842449204019341201519567313

-0.65158714587373182508488344068400754493986565730325453674679879539795157201690714228259677876346327085463663591857096626041362037
-0.92884115764289574332307184529840980007016333044864116870857949687800995554252851207459408200370249568974628498851564617679776650
0.00879188663999525551506220953071457490616096130425842387575718179339154159658091633734013505741434210842449204019341201519567313

-0.97776740231826929389712098382065680186926487634182147235179173986781520961924369775189748840692988274480473571843371774260374890
-0.64677347359788496293397406671179510515508984100481682116262269105977258049474393733508627245753499169783874438535768433926523755
0.00440745495055485207019101671450758639127598482088604438381626197131353539102270706874654526993393000754167231113682490881653701

0.62454087591615425683109505053245190702435471734663829351441443092758779011398763508698376086446487444264348010379140208186898645
-0.64677347359788496293397406671179510515508984100481682116262269105977258049474393733508627245753499169783874438535768433926523755
0.00440745495055485207019101671450758639127598482088604438381626197131353539102270706874654526993393000754167231113682490881653701

0.62454087591615425683109505053245190702435471734663829351441443092758779011398763508698376086446487444264348010379140208186898645
-0.97776740231826929389712098382065680186926487634182147235179173986781520961924369775189748840692988274480473571843371774260374890
0.00440745495055485207019101671450758639127598482088604438381626197131353539102270706874654526993393000754167231113682490881653701

-0.97776740231826929389712098382065680186926487634182147235179173986781520961924369775189748840692988274480473571843371774260374890
0.62454087591615425683109505053245190702435471734663829351441443092758779011398763508698376086446487444264348010379140208186898645
0.00440745495055485207019101671450758639127598482088604438381626197131353539102270706874654526993393000754167231113682490881653701

-0.64677347359788496293397406671179510515508984100481682116262269105977258049474393733508627245753499169783874438535768433926523755
0.62454087591615425683109505053245190702435471734663829351441443092758779011398763508698376086446487444264348010379140208186898645
0.00440745495055485207019101671450758639127598482088604438381626197131353539102270706874654526993393000754167231113682490881653701

-0.64677347359788496293397406671179510515508984100481682116262269105977258049474393733508627245753499169783874438535768433926523755
-0.97776740231826929389712098382065680186926487634182147235179173986781520961924369775189748840692988274480473571843371774260374890
0.00440745495055485207019101671450758639127598482088604438381626197131353539102270706874654526993393000754167231113682490881653701

-0.95381553437408096913362783339567504600643300502775244066726394990493118848976897283587325585788666033313145253888816916741909056
-0.49759668841532491292360799742729235738127532739743691821671744060597193521714386209907408191509576806222827093112739625674444361
0.00882865730182037414577732007896902508379459372054891444031886560189086188356633315882182651992069466219527964782842083037653254

0.45141222278940588205723583082296740338770833242518935888398139051090312370691283493494733777298242839535972347001556542416353417
-0.49759668841532491292360799742729235738127532739743691821671744060597193521714386209907408191509576806222827093112739625674444361
0.00882865730182037414577732007896902508379459372054891444031886560189086188356633315882182651992069466219527964782842083037653254

0.45141222278940588205723583082296740338770833242518935888398139051090312370691283493494733777298242839535972347001556542416353417
-0.95381553437408096913362783339567504600643300502775244066726394990493118848976897283587325585788666033313145253888816916741909056
0.00882865730182037414577732007896902508379459372054891444031886560189086188356633315882182651992069466219527964782842083037653254

-0.95381553437408096913362783339567504600643300502775244066726394990493118848976897283587325585788666033313145253888816916741909056
0.45141222278940588205723583082296740338770833242518935888398139051090312370691283493494733777298242839535972347001556542416353417
0.00882865730182037414577732007896902508379459372054891444031886560189086188356633315882182651992069466219527964782842083037653254

-0.49759668841532491292360799742729235738127532739743691821671744060597193521714386209907408191509576806222827093112739625674444361
0.45141222278940588205723583082296740338770833242518935888398139051090312370691283493494733777298242839535972347001556542416353417
0.00882865730182037414577732007896902508379459372054891444031886560189086188356633315882182651992069466219527964782842083037653254

-0.49759668841532491292360799742729235738127532739743691821671744060597193521714386209907408191509576806222827093112739625674444361
-0.95381553437408096913362783339567504600643300502775244066726394990493118848976897283587325585788666033313145253888816916741909056
0.00882865730182037414577732007896902508379459372054891444031886560189086188356633315882182651992069466219527964782842083037653254

-0.95854695001019003955441992656417602619627310823390238618410170559450611585351675325215575892658084381967780936872356858851453031
-0.32700245031768515584674237664699076946017535730725738902108111177798015300372142890137053519140201187690102072381489639271007083
0.00762580216221266064245772753882322573556577954565572502659037380434138516705733009150584433691552694316852733698934492651891749

0.28554940032787519540116230321116679565644846554115977520518281737248626885723818215352629411798285569657883009253846498122460114
-0.32700245031768515584674237664699076946017535730725738902108111177798015300372142890137053519140201187690102072381489639271007083
0.00762580216221266064245772753882322573556577954565572502659037380434138516705733009150584433691552694316852733698934492651891749

0.28554940032787519540116230321116679565644846554115977520518281737248626885723818215352629411798285569657883009253846498122460114
-0.95854695001019003955441992656417602619627310823390238618410170559450611585351675325215575892658084381967780936872356858851453031
0.00762580216221266064245772753882322573556577954565572502659037380434138516705733009150584433691552694316852733698934492651891749

-0.95854695001019003955441992656417602619627310823390238618410170559450611585351675325215575892658084381967780936872356858851453031
0.28554940032787519540116230321116679565644846554115977520518281737248626885723818215352629411798285569657883009253846498122460114
0.00762580216221266064245772753882322573556577954565572502659037380434138516705733009150584433691552694316852733698934492651891749

-0.32700245031768515584674237664699076946017535730725738902108111177798015300372142890137053519140201187690102072381489639271007083
0.28554940032787519540116230321116679565644846554115977520518281737248626885723818215352629411798285569657883009253846498122460114
0.00762580216221266064245772753882322573556577954565572502659037380434138516705733009150584433691552694316852733698934492651891749

-0.32700245031768515584674237664699076946017535730725738902108111177798015300372142890137053519140201187690102072381489639271007083
-0.95854695001019003955441992656417602619627310823390238618410170559450611585351675325215575892658084381967780936872356858851453031
0.00762580216221266064245772753882322573556577954565572502659037380434138516705733009150584433691552694316852733698934492651891749

-0.92282223728259016551017209188512346076212427494778244365693637472662062914413640140791501970411515879748968100524676490207108805
-0.19889347837095566659639590628236951541525898248308965556897216061039553347421569718304647417434286846786516655520644163095486455
0.01057436782813652358565689855979477660833134377054285642889599874353332200761912077287553300759023320831156896956787724307442377

0.12171571565354583210656799816749297617738325743087209922590853533701616261835209859096149387845802726535484756045320653302595261
-0.19889347837095566659639590628236951541525898248308965556897216061039553347421569718304647417434286846786516655520644163095486455
0.01057436782813652358565689855979477660833134377054285642889599874353332200761912077287553300759023320831156896956787724307442377

0.12171571565354583210656799816749297617738325743087209922590853533701616261835209859096149387845802726535484756045320653302595261
-0.92282223728259016551017209188512346076212427494778244365693637472662062914413640140791501970411515879748968100524676490207108805
0.01057436782813652358565689855979477660833134377054285642889599874353332200761912077287553300759023320831156896956787724307442377

-0.92282223728259016551017209188512346076212427494778244365693637472662062914413640140791501970411515879748968100524676490207108805
0.12171571565354583210656799816749297617738325743087209922590853533701616261835209859096149387845802726535484756045320653302595261
0.01057436782813652358565689855979477660833134377054285642889599874353332200761912077287553300759023320831156896956787724307442377

-0.19889347837095566659639590628236951541525898248308965556897216061039553347421569718304647417434286846786516655520644163095486455
0.12171571565354583210656799816749297617738325743087209922590853533701616261835209859096149387845802726535484756045320653302595261
0.01057436782813652358565689855979477660833134377054285642889599874353332200761912077287553300759023320831156896956787724307442377

-0.19889347837095566659639590628236951541525898248308965556897216061039553347421569718304647417434286846786516655520644163095486455
-0.92282223728259016551017209188512346076212427494778244365693637472662062914413640140791501970411515879748968100524676490207108805
0.01057436782813652358565689855979477660833134377054285642889599874353332200761912077287553300759023320831156896956787724307442377

-0.84521169478599240089777017336642995214727986958808281500541615327674120798880261511964566407804714158327850792532520359292925776
-0.69635927907719505026769421422338714918309734141923618824257221265252414653923073353676255943107474432492386059371812319527319874
0.01244623938424926203871782389176818500300772264158617308554903507178813129268168680148649645651184822194162597774408062087718130

0.54157097386318745116546438758981710133037721100731900324798836592926535452803334865640822350912188590820236851904332678820245650
-0.69635927907719505026769421422338714918309734141923618824257221265252414653923073353676255943107474432492386059371812319527319874
0.01244623938424926203871782389176818500300772264158617308554903507178813129268168680148649645651184822194162597774408062087718130

0.54157097386318745116546438758981710133037721100731900324798836592926535452803334865640822350912188590820236851904332678820245650
-0.84521169478599240089777017336642995214727986958808281500541615327674120798880261511964566407804714158327850792532520359292925776
0.01244623938424926203871782389176818500300772264158617308554903507178813129268168680148649645651184822194162597774408062087718130

-0.84521169478599240089777017336642995214727986958808281500541615327674120798880261511964566407804714158327850792532520359292925776
0.54157097386318745116546438758981710133037721100731900324798836592926535452803334865640822350912188590820236851904332678820245650
0.01244623938424926203871782389176818500300772264158617308554903507178813129268168680148649645651184822194162597774408062087718130

-0.69635927907719505026769421422338714918309734141923618824257221265252414653923073353676255943107474432492386059371812319527319874
0.54157097386318745116546438758981710133037721100731900324798836592926535452803334865640822350912188590820236851904332678820245650
0.01244623938424926203871782389176818500300772264158617308554903507178813129268168680148649645651184822194162597774408062087718130

-0.69635927907719505026769421422338714918309734141923618824257221265252414653923073353676255943107474432492386059371812319527319874
-0.84521169478599240089777017336642995214727986958808281500541615327674120798880261511964566407804714158327850792532520359292925776
0.01244623938424926203871782389176818500300772264158617308554903507178813129268168680148649645651184822194162597774408062087718130

-0.87945698131452215003157804417718736790627806573788634404122038253053597356559604625518087258467680718193974578700779735631932549
-0.54400617468249884103243837181646527369132030814222973363133818653098441969716349161532836596586777813339838526664581004778004100
0.01251841261659890904504020112998056636922783900203979263321117644876332415761558632962461204640622130085902061831804589773610887

0.42346315599702099106401641599365264159759837388011607767255856906152039326275953787050923855054458531533813105365360740409936649
-0.54400617468249884103243837181646527369132030814222973363133818653098441969716349161532836596586777813339838526664581004778004100
0.01251841261659890904504020112998056636922783900203979263321117644876332415761558632962461204640622130085902061831804589773610887

0.42346315599702099106401641599365264159759837388011607767255856906152039326275953787050923855054458531533813105365360740409936649
-0.87945698131452215003157804417718736790627806573788634404122038253053597356559604625518087258467680718193974578700779735631932549
0.01251841261659890904504020112998056636922783900203979263321117644876332415761558632962461204640622130085902061831804589773610887

-0.87945698131452215003157804417718736790627806573788634404122038253053597356559604625518087258467680718193974578700779735631932549
0.42346315599702099106401641599365264159759837388011607767255856906152039326275953787050923855054458531533813105365360740409936649
0.01251841261659890904504020112998056636922783900203979263321117644876332415761558632962461204640622130085902061831804589773610887

-0.54400617468249884103243837181646527369132030814222973363133818653098441969716349161532836596586777813339838526664581004778004100
0.42346315599702099106401641599365264159759837388011607767255856906152039326275953787050923855054458531533813105365360740409936649
0.01251841261659890904504020112998056636922783900203979263321117644876332415761558632962461204640622130085902061831804589773610887

-0.54400617468249884103243837181646527369132030814222973363133818653098441969716349161532836596586777813339838526664581004778004100
-0.87945698131452215003157804417718736790627806573788634404122038253053597356559604625518087258467680718193974578700779735631932549
0.01251841261659890904504020112998056636922783900203979263321117644876332415761558632962461204640622130085902061831804589773610887

-0.89662423459418620661956373374189240676822408180386757025870523591810848963679112445007311094962686816187918757893374663448262073
-0.38568059941885389913607193807631037721196918686447283250434448390473610618787505355942703925397906538355307022811012286003289188
0.01264905942859075798199641871897889213538719178980379033264762120704629665182613265786701371846148245994938702797819445166391987

0.28230483401304010575563567181820278398019326866834040276304971982284459582466617800950015020360593354543225780704386949451551260
-0.38568059941885389913607193807631037721196918686447283250434448390473610618787505355942703925397906538355307022811012286003289188
0.01264905942859075798199641871897889213538719178980379033264762120704629665182613265786701371846148245994938702797819445166391987

0.28230483401304010575563567181820278398019326866834040276304971982284459582466617800950015020360593354543225780704386949451551260
-0.89662423459418620661956373374189240676822408180386757025870523591810848963679112445007311094962686816187918757893374663448262073
0.01264905942859075798199641871897889213538719178980379033264762120704629665182613265786701371846148245994938702797819445166391987

-0.89662423459418620661956373374189240676822408180386757025870523591810848963679112445007311094962686816187918757893374663448262073
0.28230483401304010575563567181820278398019326866834040276304971982284459582466617800950015020360593354543225780704386949451551260
0.01264905942859075798199641871897889213538719178980379033264762120704629665182613265786701371846148245994938702797819445166391987

-0.38568059941885389913607193807631037721196918686447283250434448390473610618787505355942703925397906538355307022811012286003289188
0.28230483401304010575563567181820278398019326866834040276304971982284459582466617800950015020360593354543225780704386949451551260
0.01264905942859075798199641871897889213538719178980379033264762120704629665182613265786701371846148245994938702797819445166391987

-0.38568059941885389913607193807631037721196918686447283250434448390473610618787505355942703925397906538355307022811012286003289188
-0.89662423459418620661956373374189240676822408180386757025870523591810848963679112445007311094962686816187918757893374663448262073
0.01264905942859075798199641871897889213538719178980379033264762120704629665182613265786701371846148245994938702797819445166391987

-0.78224485593519921251712780302101589576948619184137753240028510711985440637015217716449904266291846278067684850497448745208127245
-0.58731235804480037951911388678336318009108363302616288692931204694342841363197234823698449295881149599992986440030121737618691761
0.01500246485798827998732137517064371982913820689067650890792694113735574447779594428585634218279841911781407428327720068937958541

0.36955721397999959203624168980437907586056982486754041932959715406328282000212452540148353562172995878060671290527570482826819006
-0.58731235804480037951911388678336318009108363302616288692931204694342841363197234823698449295881149599992986440030121737618691761
0.01500246485798827998732137517064371982913820689067650890792694113735574447779594428585634218279841911781407428327720068937958541

0.36955721397999959203624168980437907586056982486754041932959715406328282000212452540148353562172995878060671290527570482826819006
-0.78224485593519921251712780302101589576948619184137753240028510711985440637015217716449904266291846278067684850497448745208127245
0.01500246485798827998732137517064371982913820689067650890792694113735574447779594428585634218279841911781407428327720068937958541

-0.78224485593519921251712780302101589576948619184137753240028510711985440637015217716449904266291846278067684850497448745208127245
0.36955721397999959203624168980437907586056982486754041932959715406328282000212452540148353562172995878060671290527570482826819006
0.01500246485798827998732137517064371982913820689067650890792694113735574447779594428585634218279841911781407428327720068937958541

-0.58731235804480037951911388678336318009108363302616288692931204694342841363197234823698449295881149599992986440030121737618691761
0.36955721397999959203624168980437907586056982486754041932959715406328282000212452540148353562172995878060671290527570482826819006
0.01500246485798827998732137517064371982913820689067650890792694113735574447779594428585634218279841911781407428327720068937958541

-0.58731235804480037951911388678336318009108363302616288692931204694342841363197234823698449295881149599992986440030121737618691761
-0.78224485593519921251712780302101589576948619184137753240028510711985440637015217716449904266291846278067684850497448745208127245
0.01500246485798827998732137517064371982913820689067650890792694113735574447779594428585634218279841911781407428327720068937958541

-0.79953735256460600644430821723899621692499342405205863071191176254965908760326429522023963051462536365533804594349376990074334462
-0.43009250197543739494761078398442741839120988962585361961616269042858827624421212242143267905638815313362918660541970249733343030
0.01738779982559889793225758417691757335374876457008427345536145700129745090397425897005890157180803867588971308577155543408397862

0.22962985454004340139191900122342363531620331367791225032807445297824736384747641764167230957101351678896723254891347239807677492
-0.43009250197543739494761078398442741839120988962585361961616269042858827624421212242143267905638815313362918660541970249733343030
0.01738779982559889793225758417691757335374876457008427345536145700129745090397425897005890157180803867588971308577155543408397862

0.22962985454004340139191900122342363531620331367791225032807445297824736384747641764167230957101351678896723254891347239807677492
-0.79953735256460600644430821723899621692499342405205863071191176254965908760326429522023963051462536365533804594349376990074334462
0.01738779982559889793225758417691757335374876457008427345536145700129745090397425897005890157180803867588971308577155543408397862

-0.79953735256460600644430821723899621692499342405205863071191176254965908760326429522023963051462536365533804594349376990074334462
0.22962985454004340139191900122342363531620331367791225032807445297824736384747641764167230957101351678896723254891347239807677492
0.01738779982559889793225758417691757335374876457008427345536145700129745090397425897005890157180803867588971308577155543408397862

-0.43009250197543739494761078398442741839120988962585361961616269042858827624421212242143267905638815313362918660541970249733343030
0.22962985454004340139191900122342363531620331367791225032807445297824736384747641764167230957101351678896723254891347239807677492
0.01738779982559889793225758417691757335374876457008427345536145700129745090397425897005890157180803867588971308577155543408397862

-0.43009250197543739494761078398442741839120988962585361961616269042858827624421212242143267905638815313362918660541970249733343030
-0.79953735256460600644430821723899621692499342405205863071191176254965908760326429522023963051462536365533804594349376990074334462
0.01738779982559889793225758417691757335374876457008427345536145700129745090397425897005890157180803867588971308577155543408397862

-0.84473229664694523253304310353931839393985486863638790665353445005469778494608551487454382414865198959586944923961989724903951280
-0.25185353071596929298936528459999861288663041474752649946217171201880694903171134500575710333895436876582934031602557631158325991
0.01570935538061858717067290361560739563818426201354975357487909007612659085896873362376699169818246839662922469425487762237495725

0.09658582736291452552240838813931700682648528338391440611570616207350473397779685988030092748760635836169878955564547356062277271
-0.25185353071596929298936528459999861288663041474752649946217171201880694903171134500575710333895436876582934031602557631158325991
0.01570935538061858717067290361560739563818426201354975357487909007612659085896873362376699169818246839662922469425487762237495725

0.09658582736291452552240838813931700682648528338391440611570616207350473397779685988030092748760635836169878955564547356062277271
-0.84473229664694523253304310353931839393985486863638790665353445005469778494608551487454382414865198959586944923961989724903951280
0.01570935538061858717067290361560739563818426201354975357487909007612659085896873362376699169818246839662922469425487762237495725

-0.84473229664694523253304310353931839393985486863638790665353445005469778494608551487454382414865198959586944923961989724903951280
0.09658582736291452552240838813931700682648528338391440611570616207350473397779685988030092748760635836169878955564547356062277271
0.01570935538061858717067290361560739563818426201354975357487909007612659085896873362376699169818246839662922469425487762237495725

-0.25185353071596929298936528459999861288663041474752649946217171201880694903171134500575710333895436876582934031602557631158325991
0.09658582736291452552240838813931700682648528338391440611570616207350473397779685988030092748760635836169878955564547356062277271
0.01570935538061858717067290361560739563818426201354975357487909007612659085896873362376699169818246839662922469425487762237495725

-0.25185353071596929298936528459999861288663041474752649946217171201880694903171134500575710333895436876582934031602557631158325991
-0.84473229664694523253304310353931839393985486863638790665353445005469778494608551487454382414865198959586944923961989724903951280
0.01570935538061858717067290361560739563818426201354975357487909007612659085896873362376699169818246839662922469425487762237495725

-0.67204177492904423327489638113489249959243096015282094368064703558065312257612017102234300217327514111013771658378284353563840513
-0.58703907286137676873649184119806555272135833455981348720826068924924484802855568620975585876296393195128819402919880181151517454
0.01493280336577984750208350887780839601043198379396243630649390345240713945516903738245584628276237236116651117908491670149539090

0.25908084779042100201138822233295805231378929471263443088890772482989797060467585723209886093623907306142591061298164534715357968
-0.58703907286137676873649184119806555272135833455981348720826068924924484802855568620975585876296393195128819402919880181151517454
0.01493280336577984750208350887780839601043198379396243630649390345240713945516903738245584628276237236116651117908491670149539090

0.25908084779042100201138822233295805231378929471263443088890772482989797060467585723209886093623907306142591061298164534715357968
-0.67204177492904423327489638113489249959243096015282094368064703558065312257612017102234300217327514111013771658378284353563840513
0.01493280336577984750208350887780839601043198379396243630649390345240713945516903738245584628276237236116651117908491670149539090

-0.67204177492904423327489638113489249959243096015282094368064703558065312257612017102234300217327514111013771658378284353563840513
0.25908084779042100201138822233295805231378929471263443088890772482989797060467585723209886093623907306142591061298164534715357968
0.01493280336577984750208350887780839601043198379396243630649390345240713945516903738245584628276237236116651117908491670149539090

-0.58703907286137676873649184119806555272135833455981348720826068924924484802855568620975585876296393195128819402919880181151517454
0.25908084779042100201138822233295805231378929471263443088890772482989797060467585723209886093623907306142591061298164534715357968
0.01493280336577984750208350887780839601043198379396243630649390345240713945516903738245584628276237236116651117908491670149539090

-0.58703907286137676873649184119806555272135833455981348720826068924924484802855568620975585876296393195128819402919880181151517454
-0.67204177492904423327489638113489249959243096015282094368064703558065312257612017102234300217327514111013771658378284353563840513
0.01493280336577984750208350887780839601043198379396243630649390345240713945516903738245584628276237236116651117908491670149539090

-0.67959588584054969662960439799425745665438264305987748324535120017458390116905870286904219658825597559616725283301842005079176433
-0.45422001030243600984892210242102223531320085080276445151786465722840081024511113322056763823183368685708729874736285946409038172
0.01835101735419361831660988464913945169081239622316173143697492419698398425202573535352650714980249072384224229948060474055002282

0.13381589614298570647852650041527969196758349386264193476321585740298471141416983608960983482008966245325455158038127951488214606
-0.45422001030243600984892210242102223531320085080276445151786465722840081024511113322056763823183368685708729874736285946409038172
0.01835101735419361831660988464913945169081239622316173143697492419698398425202573535352650714980249072384224229948060474055002282

0.13381589614298570647852650041527969196758349386264193476321585740298471141416983608960983482008966245325455158038127951488214606
-0.67959588584054969662960439799425745665438264305987748324535120017458390116905870286904219658825597559616725283301842005079176433
0.01835101735419361831660988464913945169081239622316173143697492419698398425202573535352650714980249072384224229948060474055002282

-0.67959588584054969662960439799425745665438264305987748324535120017458390116905870286904219658825597559616725283301842005079176433
0.13381589614298570647852650041527969196758349386264193476321585740298471141416983608960983482008966245325455158038127951488214606
0.01835101735419361831660988464913945169081239622316173143697492419698398425202573535352650714980249072384224229948060474055002282

-0.45422001030243600984892210242102223531320085080276445151786465722840081024511113322056763823183368685708729874736285946409038172
0.13381589614298570647852650041527969196758349386264193476321585740298471141416983608960983482008966245325455158038127951488214606
0.01835101735419361831660988464913945169081239622316173143697492419698398425202573535352650714980249072384224229948060474055002282

-0.45422001030243600984892210242102223531320085080276445151786465722840081024511113322056763823183368685708729874736285946409038172
-0.67959588584054969662960439799425745665438264305987748324535120017458390116905870286904219658825597559616725283301842005079176433
0.01835101735419361831660988464913945169081239622316173143697492419698398425202573535352650714980249072384224229948060474055002282

-0.73669498053286908245407143153365253452751535796990230869701200212759240510218851071476099667996851415589275335754049971109916320
-0.28731388700675417790602310965265523830913329085899753344274217571595829057017306392910853243643793507237097398771238356534910940
0.01953389585346231991783078760384687709221331669939054773542527268221461222136943265786146398176461321941035635175658361650316243

0.02400886753962326036009454118630777283664864882889984213975417784355069567236157464386952911640644922826372734525288327644827260
-0.28731388700675417790602310965265523830913329085899753344274217571595829057017306392910853243643793507237097398771238356534910940
0.01953389585346231991783078760384687709221331669939054773542527268221461222136943265786146398176461321941035635175658361650316243

0.02400886753962326036009454118630777283664864882889984213975417784355069567236157464386952911640644922826372734525288327644827260
-0.73669498053286908245407143153365253452751535796990230869701200212759240510218851071476099667996851415589275335754049971109916320
0.01953389585346231991783078760384687709221331669939054773542527268221461222136943265786146398176461321941035635175658361650316243

-0.73669498053286908245407143153365253452751535796990230869701200212759240510218851071476099667996851415589275335754049971109916320
0.02400886753962326036009454118630777283664864882889984213975417784355069567236157464386952911640644922826372734525288327644827260
0.01953389585346231991783078760384687709221331669939054773542527268221461222136943265786146398176461321941035635175658361650316243

-0.28731388700675417790602310965265523830913329085899753344274217571595829057017306392910853243643793507237097398771238356534910940
0.02400886753962326036009454118630777283664864882889984213975417784355069567236157464386952911640644922826372734525288327644827260
0.01953389585346231991783078760384687709221331669939054773542527268221461222136943265786146398176461321941035635175658361650316243

-0.28731388700675417790602310965265523830913329085899753344274217571595829057017306392910853243643793507237097398771238356534910940
-0.73669498053286908245407143153365253452751535796990230869701200212759240510218851071476099667996851415589275335754049971109916320
0.01953389585346231991783078760384687709221331669939054773542527268221461222136943265786146398176461321941035635175658361650316243

-0.59344689127774587423388607829684010008064141848779722746641807649914625498172734289913971758605509244278306146742910876970868069
-0.35363871656648141634624379861288315586604371367539705689531210030589108476908927063977531837785167547495635409408156393053910935
0.02294418752599635177191643208389153432683752058393564803278361584965719810191346905809393483149543468491567076929158659179726319

-0.05291439215577270941987012309027674405331486783680571563826982319496266024918338646108496403609323208226058443848932729975220996
-0.35363871656648141634624379861288315586604371367539705689531210030589108476908927063977531837785167547495635409408156393053910935
0.02294418752599635177191643208389153432683752058393564803278361584965719810191346905809393483149543468491567076929158659179726319

-0.05291439215577270941987012309027674405331486783680571563826982319496266024918338646108496403609323208226058443848932729975220996
-0.59344689127774587423388607829684010008064141848779722746641807649914625498172734289913971758605509244278306146742910876970868069
0.02294418752599635177191643208389153432683752058393564803278361584965719810191346905809393483149543468491567076929158659179726319

-0.59344689127774587423388607829684010008064141848779722746641807649914625498172734289913971758605509244278306146742910876970868069
-0.05291439215577270941987012309027674405331486783680571563826982319496266024918338646108496403609323208226058443848932729975220996
0.02294418752599635177191643208389153432683752058393564803278361584965719810191346905809393483149543468491567076929158659179726319

-0.35363871656648141634624379861288315586604371367539705689531210030589108476908927063977531837785167547495635409408156393053910935
-0.05291439215577270941987012309027674405331486783680571563826982319496266024918338646108496403609323208226058443848932729975220996
0.02294418752599635177191643208389153432683752058393564803278361584965719810191346905809393483149543468491567076929158659179726319

-0.35363871656648141634624379861288315586604371367539705689531210030589108476908927063977531837785167547495635409408156393053910935
-0.59344689127774587423388607829684010008064141848779722746641807649914625498172734289913971758605509244278306146742910876970868069
0.02294418752599635177191643208389153432683752058393564803278361584965719810191346905809393483149543468491567076929158659179726319

-0.33333333333333333333333333333333333333333333333333333333333333333333333333333333333333333333333333333333333333333333333333333333
-0.33333333333333333333333333333333333333333333333333333333333333333333333333333333333333333333333333333333333333333333333333333333
0.02369629161534006025302288143391330118663219087915086255508552053336638118584636497650494646377940611522760386961275416517219820

