centroid    numS21      numS111     
true (1)    2 (3)       0 (6)       

-0.79742698535308732239802527616975234388884968621824674538929273962985553256542657462088451208177843027774306732009044257268471814
0.59485397070617464479605055233950468777769937243649349077858547925971106513085314924176902416355686055548613464018088514536943627
0.25187836108965430519136789100036266731527846382451401528902071038981086151343836827746785437190221080347282965523175058831135077

-0.79742698535308732239802527616975234388884968621824674538929273962985553256542657462088451208177843027774306732009044257268471814
-0.79742698535308732239802527616975234388884968621824674538929273962985553256542657462088451208177843027774306732009044257268471814
0.25187836108965430519136789100036266731527846382451401528902071038981086151343836827746785437190221080347282965523175058831135077

0.59485397070617464479605055233950468777769937243649349077858547925971106513085314924176902416355686055548613464018088514536943627
-0.79742698535308732239802527616975234388884968621824674538929273962985553256542657462088451208177843027774306732009044257268471814
0.25187836108965430519136789100036266731527846382451401528902071038981086151343836827746785437190221080347282965523175058831135077

-0.05971587178976982045911758097310479896829317092461039746785011751300161029171628252197263077536442686511407553705241457017242472
-0.88056825642046035908176483805379040206341365815077920506429976497399677941656743495605473844927114626977184892589517085965515056
0.26478830557701236147529877566630399935138820284215265137764595627685580515322829838919881229476445586319383701143491607835531590

-0.05971587178976982045911758097310479896829317092461039746785011751300161029171628252197263077536442686511407553705241457017242472
-0.05971587178976982045911758097310479896829317092461039746785011751300161029171628252197263077536442686511407553705241457017242472
0.26478830557701236147529877566630399935138820284215265137764595627685580515322829838919881229476445586319383701143491607835531590

-0.88056825642046035908176483805379040206341365815077920506429976497399677941656743495605473844927114626977184892589517085965515056
-0.05971587178976982045911758097310479896829317092461039746785011751300161029171628252197263077536442686511407553705241457017242472
0.26478830557701236147529877566630399935138820284215265137764595627685580515322829838919881229476445586319383701143491607835531590

-0.33333333333333333333333333333333333333333333333333333333333333333333333333333333333333333333333333333333333333333333333333333333
-0.33333333333333333333333333333333333333333333333333333333333333333333333333333333333333333333333333333333333333333333333333333333
0.45000000000000000000000000000000000000000000000000000000000000000000000000000000000000000000000000000000000000000000000000000000

