centroid    numS21      numS111     
false (1)   1 (3)       0 (6)       

-0.66666666666666666666666666666666666666666666666666666666666666666666666666666666666666666666666666666666666666666666666666666667
0.33333333333333333333333333333333333333333333333333333333333333333333333333333333333333333333333333333333333333333333333333333333
0.66666666666666666666666666666666666666666666666666666666666666666666666666666666666666666666666666666666666666666666666666666667

-0.66666666666666666666666666666666666666666666666666666666666666666666666666666666666666666666666666666666666666666666666666666667
-0.66666666666666666666666666666666666666666666666666666666666666666666666666666666666666666666666666666666666666666666666666666667
0.66666666666666666666666666666666666666666666666666666666666666666666666666666666666666666666666666666666666666666666666666666667

0.33333333333333333333333333333333333333333333333333333333333333333333333333333333333333333333333333333333333333333333333333333333
-0.66666666666666666666666666666666666666666666666666666666666666666666666666666666666666666666666666666666666666666666666666666667
0.66666666666666666666666666666666666666666666666666666666666666666666666666666666666666666666666666666666666666666666666666666667

