centroid    numS21      numS111     
true (1)    12 (3)      17 (6)      

-0.98788695229538297370529523387800778699703408136007642738354796607583309170946853090961164202710165961114906565811949943927480408
0.97577390459076594741059046775601557399406816272015285476709593215166618341893706181922328405420331922229813131623899887854960817
0.00096601589952791276846373442755393885509630771310077879744316507032520288743828985716507428653902825711817770735712392368890324

-0.98788695229538297370529523387800778699703408136007642738354796607583309170946853090961164202710165961114906565811949943927480408
-0.98788695229538297370529523387800778699703408136007642738354796607583309170946853090961164202710165961114906565811949943927480408
0.00096601589952791276846373442755393885509630771310077879744316507032520288743828985716507428653902825711817770735712392368890324

0.97577390459076594741059046775601557399406816272015285476709593215166618341893706181922328405420331922229813131623899887854960817
-0.98788695229538297370529523387800778699703408136007642738354796607583309170946853090961164202710165961114906565811949943927480408
0.00096601589952791276846373442755393885509630771310077879744316507032520288743828985716507428653902825711817770735712392368890324

-0.95138887459229267964832098335222614241407766442135520211539333643865749074807225967851200978920108893972668054895379237124161573
0.90277774918458535929664196670445228482815532884271040423078667287731498149614451935702401957840217787945336109790758474248323145
0.00378178177984434878465142485338733031610934521749247142637801570740562006807368686833606066064195593098602722276137104353822802

-0.95138887459229267964832098335222614241407766442135520211539333643865749074807225967851200978920108893972668054895379237124161573
-0.95138887459229267964832098335222614241407766442135520211539333643865749074807225967851200978920108893972668054895379237124161573
0.00378178177984434878465142485338733031610934521749247142637801570740562006807368686833606066064195593098602722276137104353822802

0.90277774918458535929664196670445228482815532884271040423078667287731498149614451935702401957840217787945336109790758474248323145
-0.95138887459229267964832098335222614241407766442135520211539333643865749074807225967851200978920108893972668054895379237124161573
0.00378178177984434878465142485338733031610934521749247142637801570740562006807368686833606066064195593098602722276137104353822802

-0.88208970399248295746340488932145644255530705080833442267245426798108579744171817526860372907303935799652273907671906475102811158
0.76417940798496591492680977864291288511061410161666884534490853596217159488343635053720745814607871599304547815343812950205622315
0.00980764247180074284924718041906043080311674834325710121308197076879721848781472979043228834790189965196005461176627903683263080

-0.88208970399248295746340488932145644255530705080833442267245426798108579744171817526860372907303935799652273907671906475102811158
-0.88208970399248295746340488932145644255530705080833442267245426798108579744171817526860372907303935799652273907671906475102811158
0.00980764247180074284924718041906043080311674834325710121308197076879721848781472979043228834790189965196005461176627903683263080

0.76417940798496591492680977864291288511061410161666884534490853596217159488343635053720745814607871599304547815343812950205622315
-0.88208970399248295746340488932145644255530705080833442267245426798108579744171817526860372907303935799652273907671906475102811158
0.00980764247180074284924718041906043080311674834325710121308197076879721848781472979043228834790189965196005461176627903683263080

-0.76911879472802988340425001053118437042212482198413061491964770224245947008138934031348035944587747899719598636891522976095389814
0.53823758945605976680850002106236874084424964396826122983929540448491894016277868062696071889175495799439197273783045952190779628
0.01320609780032648746731851586894557036284056891627808678237424558069532796567843205737226039908969773477504998204006346739665072

-0.76911879472802988340425001053118437042212482198413061491964770224245947008138934031348035944587747899719598636891522976095389814
-0.76911879472802988340425001053118437042212482198413061491964770224245947008138934031348035944587747899719598636891522976095389814
0.01320609780032648746731851586894557036284056891627808678237424558069532796567843205737226039908969773477504998204006346739665072

0.53823758945605976680850002106236874084424964396826122983929540448491894016277868062696071889175495799439197273783045952190779628
-0.76911879472802988340425001053118437042212482198413061491964770224245947008138934031348035944587747899719598636891522976095389814
0.01320609780032648746731851586894557036284056891627808678237424558069532796567843205737226039908969773477504998204006346739665072

-0.67697468468428579610993595757705143791492124413337325342482336947779655777877862823124420498837199550769393987092784139267870941
0.35394936936857159221987191515410287582984248826674650684964673895559311555755725646248840997674399101538787974185568278535741882
0.02372052650157861006963328062452409737761327537860480985806311607833229652359764648935015131420845618814223026047116259322201180

-0.67697468468428579610993595757705143791492124413337325342482336947779655777877862823124420498837199550769393987092784139267870941
-0.67697468468428579610993595757705143791492124413337325342482336947779655777877862823124420498837199550769393987092784139267870941
0.02372052650157861006963328062452409737761327537860480985806311607833229652359764648935015131420845618814223026047116259322201180

0.35394936936857159221987191515410287582984248826674650684964673895559311555755725646248840997674399101538787974185568278535741882
-0.67697468468428579610993595757705143791492124413337325342482336947779655777877862823124420498837199550769393987092784139267870941
0.02372052650157861006963328062452409737761327537860480985806311607833229652359764648935015131420845618814223026047116259322201180

-0.56497709999575873830398272053500342391704714432029724027790743709375786501887619380438893830563667662642067312514524445405644358
0.12995419999151747660796544107000684783409428864059448055581487418751573003775238760877787661127335325284134625029048890811288715
0.03097944052660528126262641330921756550019130805899303630275698457255391198495247822094206526164988038963764268069972608558705512

-0.56497709999575873830398272053500342391704714432029724027790743709375786501887619380438893830563667662642067312514524445405644358
-0.56497709999575873830398272053500342391704714432029724027790743709375786501887619380438893830563667662642067312514524445405644358
0.03097944052660528126262641330921756550019130805899303630275698457255391198495247822094206526164988038963764268069972608558705512

0.12995419999151747660796544107000684783409428864059448055581487418751573003775238760877787661127335325284134625029048890811288715
-0.56497709999575873830398272053500342391704714432029724027790743709375786501887619380438893830563667662642067312514524445405644358
0.03097944052660528126262641330921756550019130805899303630275698457255391198495247822094206526164988038963764268069972608558705512

-0.44795480808281885952370921493829280763725998532665187281129758660735954921186122303610717111175632083931580434983862817760922448
-0.10409038383436228095258157012341438472548002934669625437740482678528090157627755392778565777648735832136839130032274364478155105
0.03565145420621686043656840634386861979010543109702385041787497871052880390674708216324960122720081436544254430911063111164621811

-0.44795480808281885952370921493829280763725998532665187281129758660735954921186122303610717111175632083931580434983862817760922448
-0.44795480808281885952370921493829280763725998532665187281129758660735954921186122303610717111175632083931580434983862817760922448
0.03565145420621686043656840634386861979010543109702385041787497871052880390674708216324960122720081436544254430911063111164621811

-0.10409038383436228095258157012341438472548002934669625437740482678528090157627755392778565777648735832136839130032274364478155105
-0.44795480808281885952370921493829280763725998532665187281129758660735954921186122303610717111175632083931580434983862817760922448
0.03565145420621686043656840634386861979010543109702385041787497871052880390674708216324960122720081436544254430911063111164621811

-0.00135656070119051278367876502065653536633121778060000747548864245578160434421875447436981610724891118682185368397460589659994056
-0.99728687859761897443264246995868692926733756443879998504902271508843679131156249105126036778550217762635629263205078820680011888
0.00287845795496621194570133526398053104344101664190735977091719805978399907515559053113622448882505833649230304310300312763069998

-0.00135656070119051278367876502065653536633121778060000747548864245578160434421875447436981610724891118682185368397460589659994056
-0.00135656070119051278367876502065653536633121778060000747548864245578160434421875447436981610724891118682185368397460589659994056
0.00287845795496621194570133526398053104344101664190735977091719805978399907515559053113622448882505833649230304310300312763069998

-0.99728687859761897443264246995868692926733756443879998504902271508843679131156249105126036778550217762635629263205078820680011888
-0.00135656070119051278367876502065653536633121778060000747548864245578160434421875447436981610724891118682185368397460589659994056
0.00287845795496621194570133526398053104344101664190735977091719805978399907515559053113622448882505833649230304310300312763069998

-0.02075555032306699697252384564046019938132636503196611093277914989293699036792406315777918506060202865736718366724136199643183989
-0.95848889935386600605495230871907960123734726993606777813444170021412601926415187368444162987879594268526563266551727600713632021
0.01329861523287434287559593754134706008222115338299544139309216618506758445258101544257259652249691935899356381336898453893618907

-0.02075555032306699697252384564046019938132636503196611093277914989293699036792406315777918506060202865736718366724136199643183989
-0.02075555032306699697252384564046019938132636503196611093277914989293699036792406315777918506060202865736718366724136199643183989
0.01329861523287434287559593754134706008222115338299544139309216618506758445258101544257259652249691935899356381336898453893618907

-0.95848889935386600605495230871907960123734726993606777813444170021412601926415187368444162987879594268526563266551727600713632021
-0.02075555032306699697252384564046019938132636503196611093277914989293699036792406315777918506060202865736718366724136199643183989
0.01329861523287434287559593754134706008222115338299544139309216618506758445258101544257259652249691935899356381336898453893618907

-0.06647925277233919753127115692320786284085459890365989459124665335904141885145439516899802931812382972673985930632403564727234154
-0.86704149445532160493745768615358427431829080219268021081750669328191716229709120966200394136375234054652028138735192870545531692
0.02297247154288513653329569967515145156311605373142237413762195506966065225203314166372082453075102500021815226094327680524206559

-0.06647925277233919753127115692320786284085459890365989459124665335904141885145439516899802931812382972673985930632403564727234154
-0.06647925277233919753127115692320786284085459890365989459124665335904141885145439516899802931812382972673985930632403564727234154
0.02297247154288513653329569967515145156311605373142237413762195506966065225203314166372082453075102500021815226094327680524206559

-0.86704149445532160493745768615358427431829080219268021081750669328191716229709120966200394136375234054652028138735192870545531692
-0.06647925277233919753127115692320786284085459890365989459124665335904141885145439516899802931812382972673985930632403564727234154
0.02297247154288513653329569967515145156311605373142237413762195506966065225203314166372082453075102500021815226094327680524206559

-0.13634176527211392851697844655334505618236475481750157068949383763931633996797392102436903461413801037861850640990959237758016572
-0.72731646945577214296604310689330988763527049036499685862101232472136732006405215795126193077172397924276298718018081524483966857
0.03071986380008686132087734144356453386393126573871690060970155188379534410455427822332784803745945955284918754490718574789350904

-0.13634176527211392851697844655334505618236475481750157068949383763931633996797392102436903461413801037861850640990959237758016572
-0.13634176527211392851697844655334505618236475481750157068949383763931633996797392102436903461413801037861850640990959237758016572
0.03071986380008686132087734144356453386393126573871690060970155188379534410455427822332784803745945955284918754490718574789350904

-0.72731646945577214296604310689330988763527049036499685862101232472136732006405215795126193077172397924276298718018081524483966857
-0.13634176527211392851697844655334505618236475481750157068949383763931633996797392102436903461413801037861850640990959237758016572
0.03071986380008686132087734144356453386393126573871690060970155188379534410455427822332784803745945955284918754490718574789350904

-0.22717709047252927297549618392079968594720820066160902251875485064051727924183146362628123471061727199772733311142255904799697414
-0.54564581905494145404900763215840062810558359867678195496249029871896544151633707274743753057876545600454533377715488190400605172
0.03563374373335900081518085658620749121945076580228830147649421426304315580206143635174781421557635862002807980795764327630778944

-0.22717709047252927297549618392079968594720820066160902251875485064051727924183146362628123471061727199772733311142255904799697414
-0.22717709047252927297549618392079968594720820066160902251875485064051727924183146362628123471061727199772733311142255904799697414
0.03563374373335900081518085658620749121945076580228830147649421426304315580206143635174781421557635862002807980795764327630778944

-0.54564581905494145404900763215840062810558359867678195496249029871896544151633707274743753057876545600454533377715488190400605172
-0.22717709047252927297549618392079968594720820066160902251875485064051727924183146362628123471061727199772733311142255904799697414
0.03563374373335900081518085658620749121945076580228830147649421426304315580206143635174781421557635862002807980795764327630778944

-0.99308427079597423398358496789743922257490194688373449906478551038105334412710000452900673021336896534207321179064652858260236798
-0.93481661357567736334734124002438076728444546841370543200833611840476044485150882938114027051626016996867037720885688412048236956
0.00145671362972830400689509086660712046317888704115781910399432116359009112064604568607632938424711426398778863373886466836184224

0.92790088437165159733092620792181998985934741529743993107312162878581378897860883391014700072962913531074358899950341270308473754
-0.93481661357567736334734124002438076728444546841370543200833611840476044485150882938114027051626016996867037720885688412048236956
0.00145671362972830400689509086660712046317888704115781910399432116359009112064604568607632938424711426398778863373886466836184224

0.92790088437165159733092620792181998985934741529743993107312162878581378897860883391014700072962913531074358899950341270308473754
-0.99308427079597423398358496789743922257490194688373449906478551038105334412710000452900673021336896534207321179064652858260236798
0.00145671362972830400689509086660712046317888704115781910399432116359009112064604568607632938424711426398778863373886466836184224

-0.99308427079597423398358496789743922257490194688373449906478551038105334412710000452900673021336896534207321179064652858260236798
0.92790088437165159733092620792181998985934741529743993107312162878581378897860883391014700072962913531074358899950341270308473754
0.00145671362972830400689509086660712046317888704115781910399432116359009112064604568607632938424711426398778863373886466836184224

-0.93481661357567736334734124002438076728444546841370543200833611840476044485150882938114027051626016996867037720885688412048236956
0.92790088437165159733092620792181998985934741529743993107312162878581378897860883391014700072962913531074358899950341270308473754
0.00145671362972830400689509086660712046317888704115781910399432116359009112064604568607632938424711426398778863373886466836184224

-0.93481661357567736334734124002438076728444546841370543200833611840476044485150882938114027051626016996867037720885688412048236956
-0.99308427079597423398358496789743922257490194688373449906478551038105334412710000452900673021336896534207321179064652858260236798
0.00145671362972830400689509086660712046317888704115781910399432116359009112064604568607632938424711426398778863373886466836184224

-0.99449096070946919859652811684768220062386428460829672458482249092694511750473231342421553432703473672339942296904043449586032630
-0.84140402985624678574616934205619745002120692554001286564126177081293488289963045990253575355409719735650633499617988440009975679
0.00172749174084212882294681259074655587564072132714661232912664438594619655812049725531672589119074504324360153220799838335400196

0.83589499056571598434269745890387965064507121014830959022608426173988000040436277332675128788113193407990575796522031889596008309
-0.84140402985624678574616934205619745002120692554001286564126177081293488289963045990253575355409719735650633499617988440009975679
0.00172749174084212882294681259074655587564072132714661232912664438594619655812049725531672589119074504324360153220799838335400196

0.83589499056571598434269745890387965064507121014830959022608426173988000040436277332675128788113193407990575796522031889596008309
-0.99449096070946919859652811684768220062386428460829672458482249092694511750473231342421553432703473672339942296904043449586032630
0.00172749174084212882294681259074655587564072132714661232912664438594619655812049725531672589119074504324360153220799838335400196

-0.99449096070946919859652811684768220062386428460829672458482249092694511750473231342421553432703473672339942296904043449586032630
0.83589499056571598434269745890387965064507121014830959022608426173988000040436277332675128788113193407990575796522031889596008309
0.00172749174084212882294681259074655587564072132714661232912664438594619655812049725531672589119074504324360153220799838335400196

-0.84140402985624678574616934205619745002120692554001286564126177081293488289963045990253575355409719735650633499617988440009975679
0.83589499056571598434269745890387965064507121014830959022608426173988000040436277332675128788113193407990575796522031889596008309
0.00172749174084212882294681259074655587564072132714661232912664438594619655812049725531672589119074504324360153220799838335400196

-0.84140402985624678574616934205619745002120692554001286564126177081293488289963045990253575355409719735650633499617988440009975679
-0.99449096070946919859652811684768220062386428460829672458482249092694511750473231342421553432703473672339942296904043449586032630
0.00172749174084212882294681259074655587564072132714661232912664438594619655812049725531672589119074504324360153220799838335400196

-0.98822614972022091829162332394648402599775388042140475378459295662102902926888836336595267729428694671506446567546496839306954802
-0.72895597627760071625969897640850217123778678012805983132120341564644998853112353901947858130433587752725044055537363697525842587
0.00379231025190807322482089305636338100840950337420090398902702916576990048386876351865716969299481249138606920868374902868295499

0.71718212599782163455132230035498619723554066054946458510579637226747901780001190238543125859862282424231490623083860536832797389
-0.72895597627760071625969897640850217123778678012805983132120341564644998853112353901947858130433587752725044055537363697525842587
0.00379231025190807322482089305636338100840950337420090398902702916576990048386876351865716969299481249138606920868374902868295499

0.71718212599782163455132230035498619723554066054946458510579637226747901780001190238543125859862282424231490623083860536832797389
-0.98822614972022091829162332394648402599775388042140475378459295662102902926888836336595267729428694671506446567546496839306954802
0.00379231025190807322482089305636338100840950337420090398902702916576990048386876351865716969299481249138606920868374902868295499

-0.98822614972022091829162332394648402599775388042140475378459295662102902926888836336595267729428694671506446567546496839306954802
0.71718212599782163455132230035498619723554066054946458510579637226747901780001190238543125859862282424231490623083860536832797389
0.00379231025190807322482089305636338100840950337420090398902702916576990048386876351865716969299481249138606920868374902868295499

-0.72895597627760071625969897640850217123778678012805983132120341564644998853112353901947858130433587752725044055537363697525842587
0.71718212599782163455132230035498619723554066054946458510579637226747901780001190238543125859862282424231490623083860536832797389
0.00379231025190807322482089305636338100840950337420090398902702916576990048386876351865716969299481249138606920868374902868295499

-0.72895597627760071625969897640850217123778678012805983132120341564644998853112353901947858130433587752725044055537363697525842587
-0.98822614972022091829162332394648402599775388042140475378459295662102902926888836336595267729428694671506446567546496839306954802
0.00379231025190807322482089305636338100840950337420090398902702916576990048386876351865716969299481249138606920868374902868295499

-0.98610572442145556607024867746768306598742035326956665144572886106423268498073044149494287808311026044057079645928230457986925175
-0.58555119273073887243022027858547243228916866013678058430775955825057423277873162606883474771946146305054295899516005432643685430
0.00568871020261016854960210310176661125632257707287563325296463236273535285150238291160672843292788265131940070272509578366419490

0.57165691715219443850046895605315549827658901340634723575348841931480691775946206756377762580257172349111375545444235890630610605
-0.58555119273073887243022027858547243228916866013678058430775955825057423277873162606883474771946146305054295899516005432643685430
0.00568871020261016854960210310176661125632257707287563325296463236273535285150238291160672843292788265131940070272509578366419490

0.57165691715219443850046895605315549827658901340634723575348841931480691775946206756377762580257172349111375545444235890630610605
-0.98610572442145556607024867746768306598742035326956665144572886106423268498073044149494287808311026044057079645928230457986925175
0.00568871020261016854960210310176661125632257707287563325296463236273535285150238291160672843292788265131940070272509578366419490

-0.98610572442145556607024867746768306598742035326956665144572886106423268498073044149494287808311026044057079645928230457986925175
0.57165691715219443850046895605315549827658901340634723575348841931480691775946206756377762580257172349111375545444235890630610605
0.00568871020261016854960210310176661125632257707287563325296463236273535285150238291160672843292788265131940070272509578366419490

-0.58555119273073887243022027858547243228916866013678058430775955825057423277873162606883474771946146305054295899516005432643685430
0.57165691715219443850046895605315549827658901340634723575348841931480691775946206756377762580257172349111375545444235890630610605
0.00568871020261016854960210310176661125632257707287563325296463236273535285150238291160672843292788265131940070272509578366419490

-0.58555119273073887243022027858547243228916866013678058430775955825057423277873162606883474771946146305054295899516005432643685430
-0.98610572442145556607024867746768306598742035326956665144572886106423268498073044149494287808311026044057079645928230457986925175
0.00568871020261016854960210310176661125632257707287563325296463236273535285150238291160672843292788265131940070272509578366419490

-0.99894618193171211714843601676515148893323074930645646093584042640668725718235151459499635439208320344689549281115693535385496467
-0.40816302237256803221673278212850339019461030546253515549429330055013558367976735872958231715433576716460900809457664529650009732
0.00213730977925173261894009548689896590690603196892190904213459701267456064645026955019137032940702085833483746502295046281657684

0.40710920430428014936516879889365487912784105476899161643013372695682284086211887332457867154641897061150450090573358065035506199
-0.40816302237256803221673278212850339019461030546253515549429330055013558367976735872958231715433576716460900809457664529650009732
0.00213730977925173261894009548689896590690603196892190904213459701267456064645026955019137032940702085833483746502295046281657684

0.40710920430428014936516879889365487912784105476899161643013372695682284086211887332457867154641897061150450090573358065035506199
-0.99894618193171211714843601676515148893323074930645646093584042640668725718235151459499635439208320344689549281115693535385496467
0.00213730977925173261894009548689896590690603196892190904213459701267456064645026955019137032940702085833483746502295046281657684

-0.99894618193171211714843601676515148893323074930645646093584042640668725718235151459499635439208320344689549281115693535385496467
0.40710920430428014936516879889365487912784105476899161643013372695682284086211887332457867154641897061150450090573358065035506199
0.00213730977925173261894009548689896590690603196892190904213459701267456064645026955019137032940702085833483746502295046281657684

-0.40816302237256803221673278212850339019461030546253515549429330055013558367976735872958231715433576716460900809457664529650009732
0.40710920430428014936516879889365487912784105476899161643013372695682284086211887332457867154641897061150450090573358065035506199
0.00213730977925173261894009548689896590690603196892190904213459701267456064645026955019137032940702085833483746502295046281657684

-0.40816302237256803221673278212850339019461030546253515549429330055013558367976735872958231715433576716460900809457664529650009732
-0.99894618193171211714843601676515148893323074930645646093584042640668725718235151459499635439208320344689549281115693535385496467
0.00213730977925173261894009548689896590690603196892190904213459701267456064645026955019137032940702085833483746502295046281657684

-0.98488301525306808495490819454024359132536658124298635890813983691821777566215683335073136825079616030761388049037200567465627700
-0.21587619698933090066269013408786796614341133031995327309421834559731577355814932868269486393539628757719931750907120407042410952
0.00791782038901684483633856986304558344614498988288064872718385683758692383900285026602610961505694056901126689530015698613030419

0.20075921224239898561759832862811155746877791156293963200235818251553354922030616203342623218619244788481319799944320974508038652
-0.21587619698933090066269013408786796614341133031995327309421834559731577355814932868269486393539628757719931750907120407042410952
0.00791782038901684483633856986304558344614498988288064872718385683758692383900285026602610961505694056901126689530015698613030419

0.20075921224239898561759832862811155746877791156293963200235818251553354922030616203342623218619244788481319799944320974508038652
-0.98488301525306808495490819454024359132536658124298635890813983691821777566215683335073136825079616030761388049037200567465627700
0.00791782038901684483633856986304558344614498988288064872718385683758692383900285026602610961505694056901126689530015698613030419

-0.98488301525306808495490819454024359132536658124298635890813983691821777566215683335073136825079616030761388049037200567465627700
0.20075921224239898561759832862811155746877791156293963200235818251553354922030616203342623218619244788481319799944320974508038652
0.00791782038901684483633856986304558344614498988288064872718385683758692383900285026602610961505694056901126689530015698613030419

-0.21587619698933090066269013408786796614341133031995327309421834559731577355814932868269486393539628757719931750907120407042410952
0.20075921224239898561759832862811155746877791156293963200235818251553354922030616203342623218619244788481319799944320974508038652
0.00791782038901684483633856986304558344614498988288064872718385683758692383900285026602610961505694056901126689530015698613030419

-0.21587619698933090066269013408786796614341133031995327309421834559731577355814932868269486393539628757719931750907120407042410952
-0.98488301525306808495490819454024359132536658124298635890813983691821777566215683335073136825079616030761388049037200567465627700
0.00791782038901684483633856986304558344614498988288064872718385683758692383900285026602610961505694056901126689530015698613030419

-0.96031468059795917601532958094408667036979409552637878600422798992772312257230373858309715206080515498749369687381361317756966998
-0.86950637791011209817699534386210834109743285317745168785873053543716280461602229689760590586119488776440030263068209930530247678
0.00551078661911347491700490968192102253022765362608061330487119616268356055546365813335634461048423812834581739267039042863465955

0.82982105850807127419232492480619501146722694870383047386295852536488592718832603548070305792200004275189399950449571248287214677
-0.86950637791011209817699534386210834109743285317745168785873053543716280461602229689760590586119488776440030263068209930530247678
0.00551078661911347491700490968192102253022765362608061330487119616268356055546365813335634461048423812834581739267039042863465955

0.82982105850807127419232492480619501146722694870383047386295852536488592718832603548070305792200004275189399950449571248287214677
-0.96031468059795917601532958094408667036979409552637878600422798992772312257230373858309715206080515498749369687381361317756966998
0.00551078661911347491700490968192102253022765362608061330487119616268356055546365813335634461048423812834581739267039042863465955

-0.96031468059795917601532958094408667036979409552637878600422798992772312257230373858309715206080515498749369687381361317756966998
0.82982105850807127419232492480619501146722694870383047386295852536488592718832603548070305792200004275189399950449571248287214677
0.00551078661911347491700490968192102253022765362608061330487119616268356055546365813335634461048423812834581739267039042863465955

-0.86950637791011209817699534386210834109743285317745168785873053543716280461602229689760590586119488776440030263068209930530247678
0.82982105850807127419232492480619501146722694870383047386295852536488592718832603548070305792200004275189399950449571248287214677
0.00551078661911347491700490968192102253022765362608061330487119616268356055546365813335634461048423812834581739267039042863465955

-0.86950637791011209817699534386210834109743285317745168785873053543716280461602229689760590586119488776440030263068209930530247678
-0.96031468059795917601532958094408667036979409552637878600422798992772312257230373858309715206080515498749369687381361317756966998
0.00551078661911347491700490968192102253022765362608061330487119616268356055546365813335634461048423812834581739267039042863465955

-0.94472456482482153298619920578731781527117435794809547212395143708052857094331083332701688722890890715572972111862826517812482488
-0.75704904886233550352685136158193293642164807711246865342337455130568905271604389637870607180948183794920257823631622905812633231
0.00805003916857583373862327641387318423438633692759041564821541646237638451246347505570003113943022445242491261635976567871053449

0.70177361368715703651305056736925075169282243506056412554732598838621762365935472970572295903839074510493229935494449423625115720
-0.75704904886233550352685136158193293642164807711246865342337455130568905271604389637870607180948183794920257823631622905812633231
0.00805003916857583373862327641387318423438633692759041564821541646237638451246347505570003113943022445242491261635976567871053449

0.70177361368715703651305056736925075169282243506056412554732598838621762365935472970572295903839074510493229935494449423625115720
-0.94472456482482153298619920578731781527117435794809547212395143708052857094331083332701688722890890715572972111862826517812482488
0.00805003916857583373862327641387318423438633692759041564821541646237638451246347505570003113943022445242491261635976567871053449

-0.94472456482482153298619920578731781527117435794809547212395143708052857094331083332701688722890890715572972111862826517812482488
0.70177361368715703651305056736925075169282243506056412554732598838621762365935472970572295903839074510493229935494449423625115720
0.00805003916857583373862327641387318423438633692759041564821541646237638451246347505570003113943022445242491261635976567871053449

-0.75704904886233550352685136158193293642164807711246865342337455130568905271604389637870607180948183794920257823631622905812633231
0.70177361368715703651305056736925075169282243506056412554732598838621762365935472970572295903839074510493229935494449423625115720
0.00805003916857583373862327641387318423438633692759041564821541646237638451246347505570003113943022445242491261635976567871053449

-0.75704904886233550352685136158193293642164807711246865342337455130568905271604389637870607180948183794920257823631622905812633231
-0.94472456482482153298619920578731781527117435794809547212395143708052857094331083332701688722890890715572972111862826517812482488
0.00805003916857583373862327641387318423438633692759041564821541646237638451246347505570003113943022445242491261635976567871053449

-0.92780832497492432922287393190007387353620249278623993940851447445292021259355998172672637576503824653961183141075960649569572325
-0.60696593870420386936127860026255867757310473883131903548031382784389022035646672491272260299668437847596364274997120295230228965
0.01353153111265029150806626466724726613899898938761498299373226728936015814604510665087176681833058031905124198949122626404644729

0.53477426367912819858415253216263255110930723161755897488882830229681043295002670663944897876172262501557547416073080944799801290
-0.60696593870420386936127860026255867757310473883131903548031382784389022035646672491272260299668437847596364274997120295230228965
0.01353153111265029150806626466724726613899898938761498299373226728936015814604510665087176681833058031905124198949122626404644729

0.53477426367912819858415253216263255110930723161755897488882830229681043295002670663944897876172262501557547416073080944799801290
-0.92780832497492432922287393190007387353620249278623993940851447445292021259355998172672637576503824653961183141075960649569572325
0.01353153111265029150806626466724726613899898938761498299373226728936015814604510665087176681833058031905124198949122626404644729

-0.92780832497492432922287393190007387353620249278623993940851447445292021259355998172672637576503824653961183141075960649569572325
0.53477426367912819858415253216263255110930723161755897488882830229681043295002670663944897876172262501557547416073080944799801290
0.01353153111265029150806626466724726613899898938761498299373226728936015814604510665087176681833058031905124198949122626404644729

-0.60696593870420386936127860026255867757310473883131903548031382784389022035646672491272260299668437847596364274997120295230228965
0.53477426367912819858415253216263255110930723161755897488882830229681043295002670663944897876172262501557547416073080944799801290
0.01353153111265029150806626466724726613899898938761498299373226728936015814604510665087176681833058031905124198949122626404644729

-0.60696593870420386936127860026255867757310473883131903548031382784389022035646672491272260299668437847596364274997120295230228965
-0.92780832497492432922287393190007387353620249278623993940851447445292021259355998172672637576503824653961183141075960649569572325
0.01353153111265029150806626466724726613899898938761498299373226728936015814604510665087176681833058031905124198949122626404644729

-0.96111913758977315337740340644921151481458635857660170769914646433610189002327351494581164198686948586701744943778014697407358480
-0.41884167543049252745927278938209152539676483205542133752456983510847828989591997757940670775219946998595134292795215955606818315
0.01176087738786036573196822253109332082659124351750928358985569073281864379217976717840333735005170790375568969991593958368617731

0.37996081302026568083667619583130304021135119063202304522371629944458017991919349252521834973906895585296879236573230653014176795
-0.41884167543049252745927278938209152539676483205542133752456983510847828989591997757940670775219946998595134292795215955606818315
0.01176087738786036573196822253109332082659124351750928358985569073281864379217976717840333735005170790375568969991593958368617731

0.37996081302026568083667619583130304021135119063202304522371629944458017991919349252521834973906895585296879236573230653014176795
-0.96111913758977315337740340644921151481458635857660170769914646433610189002327351494581164198686948586701744943778014697407358480
0.01176087738786036573196822253109332082659124351750928358985569073281864379217976717840333735005170790375568969991593958368617731

-0.96111913758977315337740340644921151481458635857660170769914646433610189002327351494581164198686948586701744943778014697407358480
0.37996081302026568083667619583130304021135119063202304522371629944458017991919349252521834973906895585296879236573230653014176795
0.01176087738786036573196822253109332082659124351750928358985569073281864379217976717840333735005170790375568969991593958368617731

-0.41884167543049252745927278938209152539676483205542133752456983510847828989591997757940670775219946998595134292795215955606818315
0.37996081302026568083667619583130304021135119063202304522371629944458017991919349252521834973906895585296879236573230653014176795
0.01176087738786036573196822253109332082659124351750928358985569073281864379217976717840333735005170790375568969991593958368617731

-0.41884167543049252745927278938209152539676483205542133752456983510847828989591997757940670775219946998595134292795215955606818315
-0.96111913758977315337740340644921151481458635857660170769914646433610189002327351494581164198686948586701744943778014697407358480
0.01176087738786036573196822253109332082659124351750928358985569073281864379217976717840333735005170790375568969991593958368617731

-0.92048883152983155588076585150098109143883975135367706938165760461122476082076148331502198961664659978018866696702423896202907602
-0.23824585207901232963382965640584622219577239486316259358592872219973143477081508101321860115442873553838312625581436630527702321
0.01769766533177504277907295410837987046002087493907827737163067427631499379035571189976068632494823220173258513336699610115012858

0.15873468360884388551459550790682731363461214621683966296758632681095619559157656432824059077107533531857179322283860526730609923
-0.23824585207901232963382965640584622219577239486316259358592872219973143477081508101321860115442873553838312625581436630527702321
0.01769766533177504277907295410837987046002087493907827737163067427631499379035571189976068632494823220173258513336699610115012858

0.15873468360884388551459550790682731363461214621683966296758632681095619559157656432824059077107533531857179322283860526730609923
-0.92048883152983155588076585150098109143883975135367706938165760461122476082076148331502198961664659978018866696702423896202907602
0.01769766533177504277907295410837987046002087493907827737163067427631499379035571189976068632494823220173258513336699610115012858

-0.92048883152983155588076585150098109143883975135367706938165760461122476082076148331502198961664659978018866696702423896202907602
0.15873468360884388551459550790682731363461214621683966296758632681095619559157656432824059077107533531857179322283860526730609923
0.01769766533177504277907295410837987046002087493907827737163067427631499379035571189976068632494823220173258513336699610115012858

-0.23824585207901232963382965640584622219577239486316259358592872219973143477081508101321860115442873553838312625581436630527702321
0.15873468360884388551459550790682731363461214621683966296758632681095619559157656432824059077107533531857179322283860526730609923
0.01769766533177504277907295410837987046002087493907827737163067427631499379035571189976068632494823220173258513336699610115012858

-0.23824585207901232963382965640584622219577239486316259358592872219973143477081508101321860115442873553838312625581436630527702321
-0.92048883152983155588076585150098109143883975135367706938165760461122476082076148331502198961664659978018866696702423896202907602
0.01769766533177504277907295410837987046002087493907827737163067427631499379035571189976068632494823220173258513336699610115012858

-0.87082504132463030540835976915102115743826888563081978123752975676052550792580125856754407558890410906022462320586337226262496787
-0.76521487959500917124720418152167838973892595298691908473788835050363916915855484411458434423528272147890413260550706573724156395
0.01182250190914836082629452535303528600018655553353829690142691688538605754114745644167100971176450551024005516490184309832351848

0.63603992091963947665556395067269954717719483861773886597541810726416467708435610268212841982418683053912875581137043799986653182
-0.76521487959500917124720418152167838973892595298691908473788835050363916915855484411458434423528272147890413260550706573724156395
0.01182250190914836082629452535303528600018655553353829690142691688538605754114745644167100971176450551024005516490184309832351848

0.63603992091963947665556395067269954717719483861773886597541810726416467708435610268212841982418683053912875581137043799986653182
-0.87082504132463030540835976915102115743826888563081978123752975676052550792580125856754407558890410906022462320586337226262496787
0.01182250190914836082629452535303528600018655553353829690142691688538605754114745644167100971176450551024005516490184309832351848

-0.87082504132463030540835976915102115743826888563081978123752975676052550792580125856754407558890410906022462320586337226262496787
0.63603992091963947665556395067269954717719483861773886597541810726416467708435610268212841982418683053912875581137043799986653182
0.01182250190914836082629452535303528600018655553353829690142691688538605754114745644167100971176450551024005516490184309832351848

-0.76521487959500917124720418152167838973892595298691908473788835050363916915855484411458434423528272147890413260550706573724156395
0.63603992091963947665556395067269954717719483861773886597541810726416467708435610268212841982418683053912875581137043799986653182
0.01182250190914836082629452535303528600018655553353829690142691688538605754114745644167100971176450551024005516490184309832351848

-0.76521487959500917124720418152167838973892595298691908473788835050363916915855484411458434423528272147890413260550706573724156395
-0.87082504132463030540835976915102115743826888563081978123752975676052550792580125856754407558890410906022462320586337226262496787
0.01182250190914836082629452535303528600018655553353829690142691688538605754114745644167100971176450551024005516490184309832351848

-0.82544764027090088813475379873745972408237052454330122088339402689475514939890963186359126347413107747028358783145792827708178052
-0.62653166254819063659820015058427179725773184338713854458320624976984046291145132698441267467135938085936260881207172102954585468
0.01894539596639637751761671101282556593053178596663136324243522050132897541491399600129804283825929293587497974906930944186584019

0.45197930281909152473295394932173152134010236793043976546660027666459561231036095884800393814549045832964619664352964930662763520
-0.62653166254819063659820015058427179725773184338713854458320624976984046291145132698441267467135938085936260881207172102954585468
0.01894539596639637751761671101282556593053178596663136324243522050132897541491399600129804283825929293587497974906930944186584019

0.45197930281909152473295394932173152134010236793043976546660027666459561231036095884800393814549045832964619664352964930662763520
-0.82544764027090088813475379873745972408237052454330122088339402689475514939890963186359126347413107747028358783145792827708178052
0.01894539596639637751761671101282556593053178596663136324243522050132897541491399600129804283825929293587497974906930944186584019

-0.82544764027090088813475379873745972408237052454330122088339402689475514939890963186359126347413107747028358783145792827708178052
0.45197930281909152473295394932173152134010236793043976546660027666459561231036095884800393814549045832964619664352964930662763520
0.01894539596639637751761671101282556593053178596663136324243522050132897541491399600129804283825929293587497974906930944186584019

-0.62653166254819063659820015058427179725773184338713854458320624976984046291145132698441267467135938085936260881207172102954585468
0.45197930281909152473295394932173152134010236793043976546660027666459561231036095884800393814549045832964619664352964930662763520
0.01894539596639637751761671101282556593053178596663136324243522050132897541491399600129804283825929293587497974906930944186584019

-0.62653166254819063659820015058427179725773184338713854458320624976984046291145132698441267467135938085936260881207172102954585468
-0.82544764027090088813475379873745972408237052454330122088339402689475514939890963186359126347413107747028358783145792827708178052
0.01894539596639637751761671101282556593053178596663136324243522050132897541491399600129804283825929293587497974906930944186584019

-0.87514264463524988189116159633202475188022911395996049115560810491181096350332968610982855761410297298082950809500210130480096286
-0.44514336007558156146283953058789419237445347144161494131821881737373511564219513420834165339857035467808961172611194587178854022
0.01989993782780140892365835483138003483061114876541595147413961559615086885002101516834354790315606547157685155501256507171733219

0.32028600471083144335400112691991894425468258540157543247382692228554607914552482031817021101267332765891911982111404717658950308
-0.44514336007558156146283953058789419237445347144161494131821881737373511564219513420834165339857035467808961172611194587178854022
0.01989993782780140892365835483138003483061114876541595147413961559615086885002101516834354790315606547157685155501256507171733219

0.32028600471083144335400112691991894425468258540157543247382692228554607914552482031817021101267332765891911982111404717658950308
-0.87514264463524988189116159633202475188022911395996049115560810491181096350332968610982855761410297298082950809500210130480096286
0.01989993782780140892365835483138003483061114876541595147413961559615086885002101516834354790315606547157685155501256507171733219

-0.87514264463524988189116159633202475188022911395996049115560810491181096350332968610982855761410297298082950809500210130480096286
0.32028600471083144335400112691991894425468258540157543247382692228554607914552482031817021101267332765891911982111404717658950308
0.01989993782780140892365835483138003483061114876541595147413961559615086885002101516834354790315606547157685155501256507171733219

-0.44514336007558156146283953058789419237445347144161494131821881737373511564219513420834165339857035467808961172611194587178854022
0.32028600471083144335400112691991894425468258540157543247382692228554607914552482031817021101267332765891911982111404717658950308
0.01989993782780140892365835483138003483061114876541595147413961559615086885002101516834354790315606547157685155501256507171733219

-0.44514336007558156146283953058789419237445347144161494131821881737373511564219513420834165339857035467808961172611194587178854022
-0.87514264463524988189116159633202475188022911395996049115560810491181096350332968610982855761410297298082950809500210130480096286
0.01989993782780140892365835483138003483061114876541595147413961559615086885002101516834354790315606547157685155501256507171733219

-0.74021286953212168391856117599491835179404703191982059985934246959172269914426006739921199660171721147777612960467664334790064462
-0.49693309921743653886364316222285959109573769990756214851270825440497576311515340705366074805457434037524675669574675801301268613
0.02666490573011254753083484120100259748864612453486262465013894421565139760564135269782425138198486976040453073888829812860019223

0.23714596874955822278220433821777794288978473182738274837205072399669846225941347445287274465629155185302288630042340136091333074
-0.49693309921743653886364316222285959109573769990756214851270825440497576311515340705366074805457434037524675669574675801301268613
0.02666490573011254753083484120100259748864612453486262465013894421565139760564135269782425138198486976040453073888829812860019223

0.23714596874955822278220433821777794288978473182738274837205072399669846225941347445287274465629155185302288630042340136091333074
-0.74021286953212168391856117599491835179404703191982059985934246959172269914426006739921199660171721147777612960467664334790064462
0.02666490573011254753083484120100259748864612453486262465013894421565139760564135269782425138198486976040453073888829812860019223

-0.74021286953212168391856117599491835179404703191982059985934246959172269914426006739921199660171721147777612960467664334790064462
0.23714596874955822278220433821777794288978473182738274837205072399669846225941347445287274465629155185302288630042340136091333074
0.02666490573011254753083484120100259748864612453486262465013894421565139760564135269782425138198486976040453073888829812860019223

-0.49693309921743653886364316222285959109573769990756214851270825440497576311515340705366074805457434037524675669574675801301268613
0.23714596874955822278220433821777794288978473182738274837205072399669846225941347445287274465629155185302288630042340136091333074
0.02666490573011254753083484120100259748864612453486262465013894421565139760564135269782425138198486976040453073888829812860019223

-0.49693309921743653886364316222285959109573769990756214851270825440497576311515340705366074805457434037524675669574675801301268613
-0.74021286953212168391856117599491835179404703191982059985934246959172269914426006739921199660171721147777612960467664334790064462
0.02666490573011254753083484120100259748864612453486262465013894421565139760564135269782425138198486976040453073888829812860019223

-0.80542781436148625755433649473022380812348678726212031910512040141936835917415845361921500914259235515532410661892553847305058920
-0.28971261552749981453930594094200638849123971393398303228635082544418585665742789954527450945332026569951394065657387858857936271
0.02624994604092777953921742083933280578473720898244679130703475854016241704302125048329823375059259325403082183469775194639310119

0.09514042988898607209364243567223019661472650119610335139147122686355421583158635316448951859591262085483804727549941706162995191
-0.28971261552749981453930594094200638849123971393398303228635082544418585665742789954527450945332026569951394065657387858857936271
0.02624994604092777953921742083933280578473720898244679130703475854016241704302125048329823375059259325403082183469775194639310119

0.09514042988898607209364243567223019661472650119610335139147122686355421583158635316448951859591262085483804727549941706162995191
-0.80542781436148625755433649473022380812348678726212031910512040141936835917415845361921500914259235515532410661892553847305058920
0.02624994604092777953921742083933280578473720898244679130703475854016241704302125048329823375059259325403082183469775194639310119

-0.80542781436148625755433649473022380812348678726212031910512040141936835917415845361921500914259235515532410661892553847305058920
0.09514042988898607209364243567223019661472650119610335139147122686355421583158635316448951859591262085483804727549941706162995191
0.02624994604092777953921742083933280578473720898244679130703475854016241704302125048329823375059259325403082183469775194639310119

-0.28971261552749981453930594094200638849123971393398303228635082544418585665742789954527450945332026569951394065657387858857936271
0.09514042988898607209364243567223019661472650119610335139147122686355421583158635316448951859591262085483804727549941706162995191
0.02624994604092777953921742083933280578473720898244679130703475854016241704302125048329823375059259325403082183469775194639310119

-0.28971261552749981453930594094200638849123971393398303228635082544418585665742789954527450945332026569951394065657387858857936271
-0.80542781436148625755433649473022380812348678726212031910512040141936835917415845361921500914259235515532410661892553847305058920
0.02624994604092777953921742083933280578473720898244679130703475854016241704302125048329823375059259325403082183469775194639310119

-0.64492056479034452491606587815827402954226804805459110107015440346418523225191650888310365935120910115479940247919355883698869524
-0.36045131612545136083187146076959154097746282079656613917528261106951754260981153626590301670029486140870253141627811776695984210
0.03246035711855588211484988688618608917273780281976532618274505067400496503742281162021811215182829861019794305545013357253414832

0.00537188091579588574793733892786557051973086885115724024543701453370277486172804514900667605150396256350193389547167660394853734
-0.36045131612545136083187146076959154097746282079656613917528261106951754260981153626590301670029486140870253141627811776695984210
0.03246035711855588211484988688618608917273780281976532618274505067400496503742281162021811215182829861019794305545013357253414832

0.00537188091579588574793733892786557051973086885115724024543701453370277486172804514900667605150396256350193389547167660394853734
-0.64492056479034452491606587815827402954226804805459110107015440346418523225191650888310365935120910115479940247919355883698869524
0.03246035711855588211484988688618608917273780281976532618274505067400496503742281162021811215182829861019794305545013357253414832

-0.64492056479034452491606587815827402954226804805459110107015440346418523225191650888310365935120910115479940247919355883698869524
0.00537188091579588574793733892786557051973086885115724024543701453370277486172804514900667605150396256350193389547167660394853734
0.03246035711855588211484988688618608917273780281976532618274505067400496503742281162021811215182829861019794305545013357253414832

-0.36045131612545136083187146076959154097746282079656613917528261106951754260981153626590301670029486140870253141627811776695984210
0.00537188091579588574793733892786557051973086885115724024543701453370277486172804514900667605150396256350193389547167660394853734
0.03246035711855588211484988688618608917273780281976532618274505067400496503742281162021811215182829861019794305545013357253414832

-0.36045131612545136083187146076959154097746282079656613917528261106951754260981153626590301670029486140870253141627811776695984210
-0.64492056479034452491606587815827402954226804805459110107015440346418523225191650888310365935120910115479940247919355883698869524
0.03246035711855588211484988688618608917273780281976532618274505067400496503742281162021811215182829861019794305545013357253414832

-0.33333333333333333333333333333333333333333333333333333333333333333333333333333333333333333333333333333333333333333333333333333333
-0.33333333333333333333333333333333333333333333333333333333333333333333333333333333333333333333333333333333333333333333333333333333
0.03726586441213690549201402597934256954262966592745374477866032056278396073833811391022278816304759329056060006152243995420241744

