centroid       numS31         numS22         numS211        numS1111       
false (1)      2 (4)          0 (6)          2 (12)         0 (24)         

S31 
[0.05788061942535173]                                                 0.019334476563868514                                                  
[0.20300951418508187]                                                 0.04048803931748741                                                   

S211 
[0.04910788123451234, 0.6068616604317101]                             0.027220648827745393                                                  
[0.23542328520551337, 0.043415123571898036]                           0.03617184587846929                                                   
