centroid       numS31         numS22         numS211        numS1111       
false (1)      9 (4)          0 (6)          72 (12)        84 (24)        

S31 
[0.0042275700878444105]                                               7.603465880380237e-6                                                  
[0.020700696218199737]                                                7.666175570554457e-5                                                  
[0.04588859284294639]                                                 0.0002195531926089813                                                 
[0.08133475395708296]                                                 0.0004393092906562752                                                 
[0.12413701593203692]                                                 0.0007816344639162947                                                 
[0.1632871394715235]                                                  0.0006158387427035463                                                 
[0.19395675944718996]                                                 0.0006779283548029233                                                 
[0.22201592089978758]                                                 0.0005784335574376091                                                 
[0.23952683955395612]                                                 0.0006321065010977398                                                 

S211 
[0.004141989910076331, 0.9696708370831691]                            1.672426133158348e-5                                                  
[0.004089354125769618, 0.9385353295204419]                            2.4747367684138072e-5                                                 
[0.003912093764634305, 0.895251114648559]                             2.984611034041258e-5                                                  
[0.003767184634399758, 0.8405284291406672]                            3.372241479223053e-5                                                  
[0.0036158326268178253, 0.7755097655166285]                           3.6030379961761706e-5                                                 
[0.003423859679199689, 0.7017294708165435]                            3.594611527305039e-5                                                  
[0.00325821782852131, 0.6215134009708945]                             3.422398445645367e-5                                                  
[0.0028507187019950714, 0.5387417654050946]                           2.703431948939997e-5                                                  
[0.02178323527651577, 0.0039308865680486]                             3.6610954488591426e-5                                                 
[0.05181068302096972, 0.003519758732061407]                           7.274802953281767e-5                                                  
[0.0908570430863758, 0.0034988897644176406]                           0.00011615127993872284                                                
[0.13795930151407382, 0.003619098079694328]                           0.00016297808833527061                                                
[0.18724443379802247, 0.003105594935557541]                           0.00016999718825159817                                                
[0.23575982909512225, 0.0029545014039460624]                          0.00016721494010257513                                                
[0.2806526094092233, 0.0026876187203314374]                           0.00014050605680109832                                                
[0.3170799678692285, 0.0025281842599397353]                           9.880314373294483e-5                                                  
[0.019809764217709865, 0.9097170758046551]                            0.00010948957814374873                                                
[0.01988240741497947, 0.8673521971729542]                             0.0001455453239851782                                                 
[0.01955432322862173, 0.8141794253677762]                             0.00017236656080135666                                                
[0.018354237609489045, 0.7520651312234818]                            0.0001771328192563301                                                 
[0.017275151721832506, 0.6812178918061704]                            0.00017281945947077268                                                
[0.0162490537640511, 0.6042213159385912]                              0.00016528505172201156                                                
[0.01517560484310389, 0.5249000757553435]                             0.00013813004361172646                                                
[0.0485805329614187, 0.018598808719744543]                            0.0001535702462777686                                                 
[0.0892576957546113, 0.01828539761805749]                             0.00026098827526069177                                                
[0.13572717699824344, 0.01835868739103836]                            0.00034085505249841007                                                
[0.18575804548319458, 0.016707899945744165]                           0.0003985040254368988                                                 
[0.23307962154288775, 0.015582804913920669]                           0.00036468575704825645                                                
[0.27661066478438073, 0.014526660250960872]                           0.00031144872441771936                                                
[0.3121004881244635, 0.01310068645993798]                             0.0002343620146405386                                                 
[0.046305307378924326, 0.8228555869994365]                            0.00028587450224003014                                                
[0.04659767785958834, 0.7735031424947142]                             0.0003454678923789846                                                 
[0.0448998302942561, 0.7178341428501281]                              0.00039045907419810936                                                
[0.042132458069095484, 0.6540055710885085]                            0.00040128140817066374                                                
[0.03883743082321621, 0.5829085843284282]                             0.00035259001096704293                                                
[0.03664139318792644, 0.5045747393994445]                             0.0003394930041860332                                                 
[0.08494453375705818, 0.04447639995982401]                            0.0003664979470712658                                                 
[0.13221960079004022, 0.04306907250709608]                            0.0004774758527471982                                                 
[0.1815998741255537, 0.04138312098258266]                             0.0005719730397643806                                                 
[0.2281727710532529, 0.03752944779000267]                             0.000514176657943143                                                  
[0.27068345330972166, 0.03535190084018552]                            0.0004346222450328178                                                 
[0.3067825710369951, 0.030789956336231217]                            0.00032393975425656305                                                
[0.08178459165864661, 0.7087135500913874]                             0.0005512337725499573                                                 
[0.07988234633862493, 0.6578364776685706]                             0.0005934021743598219                                                 
[0.07541578075739068, 0.6040150095906848]                             0.000560488446561885                                                  
[0.07221076040697047, 0.5395745049347945]                             0.0005707712527672981                                                 
[0.06655508606078185, 0.4718729885851039]                             0.0005236558609984507                                                 
[0.12888561064622137, 0.07799663233392196]                            0.0006278638410081781                                                 
[0.17776803269794084, 0.0756191561542358]                             0.0006785720380165821                                                 
[0.22454699006184511, 0.06772285052994227]                            0.0006135183470801262                                                 
[0.2647557690742188, 0.06179148625896248]                             0.00043892696471163357                                                
[0.29794086818629195, 0.05292752401276289]                            0.00039845828874939497                                                
[0.12190159180368061, 0.5777921185142508]                             0.000649822448004598                                                  
[0.11663966175797882, 0.5299694500967228]                             0.0006079998963142183                                                 
[0.11218631147937226, 0.4798762164121244]                             0.0005588261436437435                                                 
[0.10212359552614968, 0.43025394893756347]                            0.0005320208093696179                                                 
[0.17009483895092697, 0.11755382659376029]                            0.0006921201130089853                                                 
[0.21343924532355738, 0.10559739894687437]                            0.0006616320328082113                                                 
[0.25709191385626223, 0.09039051030469974]                            0.0006365860696398909                                                 
[0.29454497555543446, 0.08035896122637642]                            0.00039849194335466907                                                
[0.15590513442076157, 0.4723270512021958]                             0.0005973453473016759                                                 
[0.14774804209008974, 0.4336299277391364]                             0.00041459857014755435                                                
[0.13441362463289827, 0.3951037754176208]                             0.0003877930794873009                                                 
[0.2032659639007914, 0.14578186211679428]                             0.0006243427091197813                                                 
[0.24559745465719443, 0.1304230465584608]                             0.0007366678677182254                                                 
[0.2839829106321806, 0.11821035396947248]                             0.0003825123684992668                                                 
[0.18353326667354214, 0.3849996362277349]                             0.0006760863578944873                                                 
[0.17235076084650564, 0.35213956124271584]                            0.0006779075967384651                                                 
[0.23209461521843708, 0.17173255577224494]                            0.0005686739143411342                                                 
[0.26926774798061626, 0.15930465748771866]                            0.00030351009571369635                                                
[0.2091075455384077, 0.30787739339921294]                             0.0003042023940738723                                                 
[0.2527123215806907, 0.18827830274710392]                             0.0004654938826111012                                                 

S1111 
[0.05317499944462235, 0.9217119072067632, 0.021371345739796217]       5.2504626878935606e-5                                                 
[0.09736357829425103, 0.8783765322145204, 0.02047332657869378]        6.719592754049027e-5                                                  
[0.15288038777502175, 0.823716196494242, 0.019687281675392996]        7.661104159377054e-5                                                  
[0.2177740527258234, 0.7598832397399772, 0.018862904237218106]        7.765906336319987e-5                                                  
[0.28953192031505465, 0.6892519372098964, 0.01792573875159158]        7.580104877939654e-5                                                  
[0.3666181982316781, 0.6135087222210758, 0.016824749117811094]        6.953034760884536e-5                                                  
[0.4488536302794667, 0.532976921720337, 0.01523039963353044]          6.543860027657344e-5                                                  
[0.09430628899329206, 0.8522571831158547, 0.04977017411993538]        9.548925475474686e-5                                                  
[0.14757416799606415, 0.8007442294300957, 0.047979086347752505]       0.0001128126270551611                                                 
[0.21035530159266091, 0.7404358428572733, 0.04574640652832121]        0.00011484762633117661                                                
[0.28113355610393953, 0.6720374823086502, 0.0436257916456064]         0.00011258128083589577                                                
[0.3584464469542428, 0.5980502851829252, 0.040293861575436005]        0.0001085668908697483                                                 
[0.43953461265057203, 0.5203199328462151, 0.03741614351743965]        9.168074153582995e-5                                                  
[0.1426624466507625, 0.7661657187028603, 0.08791451352076163]         0.00012928107043298008                                                
[0.20402856984199774, 0.7091951192343731, 0.0833163155926763]         0.00014664043272858107                                                
[0.27276448448647933, 0.6445224255088652, 0.07928749028285653]        0.00014910508111610856                                                
[0.3475951891124313, 0.5761253680387428, 0.07338396753400443]         0.00012785573435940045                                                
[0.42568441202065277, 0.5029309462424616, 0.06830144162761623]        0.00012610243664588168                                                
[0.19673125500372854, 0.6689412948425253, 0.13077412741488675]        0.00017472736621933097                                                
[0.2624766286646448, 0.6106389271327325, 0.12374308572213816]         0.00015789044631097773                                                
[0.3335351491284747, 0.5478691911956921, 0.11532387929958808]         0.00016090117952917912                                                
[0.4085521387988712, 0.48161272871157484, 0.10700579816579499]        0.00013557655109086605                                                
[0.2506227431416278, 0.5699436016656619, 0.17603085582160072]         0.00018457622525642662                                                
[0.31862953074502587, 0.5137033864856294, 0.1645152342049186]         0.00016914756168032034                                                
[0.38914205832494503, 0.4552226401372073, 0.1523262733610782]         0.00016167018779112888                                                
[0.29962624337456584, 0.476497514640184, 0.22025424813451294]         0.00019499879943176305                                                
[0.366534429789307, 0.42676401777405953, 0.20344502079907895]         0.0001631151814327625                                                 
[0.34225973566789974, 0.39510612973496634, 0.25938102022142895]       0.00015397492718873532                                                
[0.0891312361829853, 0.8431618309486938, 0.048610809536385594]        0.00020763459198505383                                                
[0.14114428282466956, 0.7919492899282825, 0.04761238126178003]        0.0002511356536880935                                                 
[0.20416435345236772, 0.732589701509018, 0.04494991171326396]         0.0002681636689951075                                                 
[0.27571819547436494, 0.6650664734151615, 0.042220825978066354]       0.00025943641458404433                                                
[0.35271625948291413, 0.5911263575919069, 0.03989896346364758]        0.0002359026073203078                                                 
[0.43392342685961044, 0.5143922623465969, 0.036875720203268895]       0.00021812864135650214                                                
[0.14012497813487512, 0.7555376066970938, 0.08675511008708439]        0.0002970999743387122                                                 
[0.19904631037861567, 0.7004640616470538, 0.08252278315611496]        0.0003201504766337198                                                 
[0.2658569325059012, 0.6388081941333543, 0.07770357987415698]         0.0003279941546406672                                                 
[0.3404466583508934, 0.5709879594370904, 0.0726891792089252]          0.00030739688412086786                                                
[0.4191801329983794, 0.49750604977004814, 0.06781059608638644]        0.0002765026835334161                                                 
[0.1932568383592795, 0.6583226302445108, 0.12984791250074734]         0.0003899329828890387                                                 
[0.2577516670185667, 0.6028162134524397, 0.12255737406272237]         0.00037059784494393856                                                
[0.3275174979542398, 0.5420510221794327, 0.11378231469174227]         0.0003479864494887978                                                 
[0.4025557112193687, 0.47596604906106477, 0.10619744972955804]        0.00031938664431349894                                                
[0.24832132508703322, 0.5599636781774601, 0.17442518381526598]        0.0003896254091539033                                                 
[0.3145322315376959, 0.5058458859556072, 0.16262819288030705]         0.00039216322446579725                                                
[0.38360009964987146, 0.4492667812187461, 0.15027201680454078]        0.00034325777841300096                                                
[0.2949695824094329, 0.46867674222403954, 0.2177450357199726]         0.0004145177937684773                                                 
[0.3614077914927319, 0.420812902149088, 0.20059471605005502]          0.0003683418316241151                                                 
[0.3374466350662953, 0.3902173915098424, 0.2553089084822262]          0.00034070079902924814                                                
[0.1341761476048833, 0.7371615241594226, 0.08460026407690945]         0.0004517343144109995                                                 
[0.1931334505222079, 0.681755201236091, 0.08169080790191048]          0.00048485511648299547                                                
[0.2602093551941944, 0.6210383340979284, 0.07692192467782544]         0.00046898368215109377                                                
[0.3331702450371487, 0.5567545335675318, 0.0706579729860986]          0.00045560229908638456                                                
[0.4104450250410655, 0.4861103444033645, 0.0667992415499652]          0.00039487893315798825                                                
[0.1879777964465646, 0.6395862369391909, 0.1275864948573262]          0.0005565350433946114                                                 
[0.25190284299601146, 0.5860148247898381, 0.12048935569150737]        0.0005487438489712495                                                 
[0.32111464466597106, 0.5275736492632749, 0.11144003013154884]        0.0005134130072771842                                                 
[0.39359483977959475, 0.46439483325958303, 0.104558197061931]         0.00046022896233202724                                                
[0.24209591544428546, 0.5457774637928273, 0.17116227325615269]        0.0005534334216117441                                                 
[0.3070717639719855, 0.4921337043279474, 0.1590344913741651]          0.0005710897626353484                                                 
[0.374754780424921, 0.4372405769535375, 0.14813819351757546]          0.00047351498489827694                                                
[0.2877543771605148, 0.4557395072588046, 0.21248156864341233]         0.0005668448207385152                                                 
[0.35280001033441427, 0.4101313249061359, 0.19539013486419904]        0.0004950963162439876                                                 
[0.3298572770809483, 0.38125979758739803, 0.24749949863842496]        0.0005012330717372605                                                 
[0.18305054350444774, 0.6117034274708134, 0.12491146126083183]        0.0006628445897856518                                                 
[0.24514277412028196, 0.5622694287641934, 0.11680381205661981]        0.0006680246070649082                                                 
[0.31199959118886356, 0.5047470686548978, 0.11062676662020474]        0.0005928024113168335                                                 
[0.3818160446304702, 0.4482273821522091, 0.10293065187222813]         0.0005023915152115787                                                 
[0.2348603654189997, 0.5240679627974806, 0.16783731815625322]         0.0006589274625090339                                                 
[0.29560849803081657, 0.4746956803180106, 0.15408869084631635]        0.0006220512197367506                                                 
[0.3629557857554857, 0.4225553808912847, 0.14343813347956172]         0.0005335109964522303                                                 
[0.2782986891171152, 0.44175770981922946, 0.20507512514063353]        0.00047857936271728164                                                
[0.33940862584647036, 0.39987985182587815, 0.18945157628667073]       0.0004232104949684566                                                 
[0.3185645836316846, 0.37153312168625297, 0.23330965972666387]        0.00023580540706635963                                                
[0.2267099762747491, 0.5005440345505411, 0.16047231144969346]         0.0006404708923466757                                                 
[0.28723790141904953, 0.4503869523081257, 0.14904410691152783]        0.00043732236654163713                                                
[0.349563462864013, 0.40566717590895846, 0.13954600702966177]         0.00039324913850600726                                                
[0.2715241001293591, 0.4295710684851906, 0.19556117959870586]         0.0005126317771894814                                                 
[0.33557244216872134, 0.39243820087866216, 0.18235121517598404]       0.00034192769240995                                                   
[0.31856504278872755, 0.36454566686889095, 0.2400912677960767]        0.0004126490409219312                                                 
[0.26228477697956687, 0.4098184140897545, 0.19042427960911634]        0.0006124215839583977                                                 
[0.32357394647563587, 0.3723929189611893, 0.17854142140939666]        0.0006582797066792413                                                 
[0.3024916149805457, 0.34590274489743744, 0.23199524377540048]        0.0006906287025436366                                                 
[0.2867826312877233, 0.32456514828767546, 0.22098552615697226]        0.0005259780002344899                                                 
