-.03333333333333333
.0041494775878415414
-.005816704462939937
.013045139404185934
-.05861992283505651
.02545261759781877
-.019140218614693765
.016113095159757992
-.02752872518885604
.004933877512392521
-.00444782759174825
.006647437232557797
-.02416982341683776
-.0011641698849438548
-.002582083278361626
-.027096983071389906
-.0006560271217566152
-.020797848468342414
.0033498310727898915
.004453708529472203
.01034205473096916
-.019476297013376474
.03697796463111975
.028606260470911693
.014322123408738226
.03287742216812818
-.023107711891713692
-.0041494775878415414
.03333333333333333
.005816703961355798
-.013045139619332909
-.02545261847092605
.05861992232466964
.019140217811278715
.027528725750488123
-.016113094900597535
.004447827871867202
-.0049338776011795095
.002582083411593817
.0011641695158491278
.024169822671004183
-.0066474370086191965
.0006560274961978016
.02709698336085181
-.010342054778275439
-.0044537080500423026
-.0033498303108690907
.02079784848421368
-.036977964656512034
.01947629650295429
.023107712008807364
-.03287742179462536
-.01432212282702319
-.02860626023195333
.005816704462939937
-.005816703961355798
0
7553833646236447e-25
.0053320961317361885
-.005332095460421884
8892349749594638e-25
-.0023199458911086694
.0023199447634744976
.002695180500313166
-.002695180443013934
-.015870672153836123
.022415691638399866
-.0224156913856211
.015870672193784473
-.0057824856712096195
.005782485072878311
.011204624803211525
-.04639792327755844
.04639792294655275
-.011204625659473525
-.0030583019107820334
.0030583021950044177
-.004384311399188426
.005552907067431015
-.005552906002681737
.004384309795907305
-.013045139404185934
.013045139619332909
-7553833646236447e-25
0
.0018164137342542978
-.0018164151842757843
-14000438745072515e-26
-.0016560940929868403
.0016560946011093419
-.0024598670457276236
.002459867251911075
.0683971009867819
-.07760898359593496
.07760898217227713
-.06839710003729012
-.0011128419549508426
.0011128426498162856
-.0383873521052934
-.20452712303058337
.2045271247724982
.038387351547274184
-.0013725939535560922
.0013725934461521856
-.13568096283555314
.007295495653416571
-.007295494436522633
.13568096213742645
.05861992283505651
.02545261847092605
-.0053320961317361885
-.0018164137342542978
0
.018285171106362373
-.005604785584513902
-.11122867943065844
-.011879501879980832
-.03785820995092343
.04004752591474309
-.006794264626013274
-.0311902917959243
-.0397201815654358
.03644417989589834
-.039032431100068356
-.045294921154347655
-.02646265985071964
.0035678669848347947
.013442933866154848
.16304172711677672
.03095196750765439
-.14140519306409763
.037102613381815606
.0395875136134875
.009771195825958319
.02730439334900457
-.02545261759781877
-.05861992232466964
.005332095460421884
.0018164151842757843
-.018285171106362373
0
.005604785157559277
.01187950018246767
.11122868047660958
-.040047524908163684
.03785820965261961
-.03644417890913447
.039720180358010455
.031190291492387015
.0067942642143827
.04529492013114943
.03903243133890144
-.1630417284746774
-.013442933164522304
-.003567866796817928
.026462658863398183
.14140519238084878
-.030951967534962207
-.027304393920806316
-.009771194969768596
-.0395875105990152
-.03710261458631301
.019140218614693765
-.019140217811278715
-8892349749594638e-25
14000438745072515e-26
.005604785584513902
-.005604785157559277
0
.09070567367156998
-.09070567258819665
-.03025433103539739
.03025433163879224
.043013248934141025
.0073948562204218605
-.007394858272410792
-.04301324652466027
-.007393045252153866
.007393045095291137
.03657896532424028
.02890115205758591
-.028901150042316623
-.036578967293260045
-.015723392542006945
.015723391216795297
-.2098552940274056
-.13017137488747857
.13017137445499832
.2098552933703103
-.016113095159757992
-.027528725750488123
.0023199458911086694
.0016560940929868403
.11122867943065844
-.01187950018246767
-.09070567367156998
0
-.16398638052947026
-.0159232121682731
.02013605548528029
.006813679323292011
.009356257841144407
-.0168326818669368
-.043006600377262
.0013277051690685697
.03882667059307386
.028528540458746008
-.002524019859900999
-.004464538436964656
-.019146228318138222
-.08485192456324776
.0011068455946061286
-.0002251592469789546
-.005503146256065114
.23218174346195292
.04920866904560386
.02752872518885604
.016113094900597535
-.0023199447634744976
-.0016560946011093419
.011879501879980832
-.11122868047660958
.09070567258819665
.16398638052947026
0
-.02013605558250026
.015923211810345842
.04300659975645175
.016832682196977443
-.009356256329439674
-.006813680792873863
-.03882667129608748
-.0013277046951529917
.019146228964981478
.004464538178625038
.002524017724529791
-.02852853920092166
-.001106844961023713
.08485192472872204
-.0492086688637412
-.23218174277551423
.005503144196188789
.00022516169452529988
-.004933877512392521
-.004447827871867202
-.002695180500313166
.0024598670457276236
.03785820995092343
.040047524908163684
.03025433103539739
.0159232121682731
.02013605558250026
0
-.026096301136692347
.013850403716279486
.006342022214324044
-.0015647215090638204
.033958629370662886
.024686323097725543
.015635334556582243
-.02088977401386523
.008878596611022714
-.003545210079174104
-.014923706673404216
-.06946544900150423
.018389575012275804
-.03930066272987577
-.012296395005398414
-.0758013802535021
.007540401017194477
.00444782759174825
.0049338776011795095
.002695180443013934
-.002459867251911075
-.04004752591474309
-.03785820965261961
-.03025433163879224
-.02013605548528029
-.015923211810345842
.026096301136692347
0
-.033958629583330374
.0015647222132126517
-.006342023138128107
-.013850403718308896
-.015635334035974564
-.02468632324463277
.014923706516345508
.003545209918713912
-.00887859623756643
.020889774575669456
-.018389575223192733
.06946544908964622
-.007540401829365877
.07580138042900425
.012296395077929321
.03930066417103687
-.006647437232557797
-.002582083411593817
.015870672153836123
-.0683971009867819
.006794264626013274
.03644417890913447
-.043013248934141025
-.006813679323292011
-.04300659975645175
-.013850403716279486
.033958629583330374
.27742918851774323
.0029169590593642603
.04537212019757414
-.053067048214740196
.004707614586017091
-.035684312256371725
.018388855945596107
-.015412233883818086
.0066936605462296905
.009491977908529643
-.020411964151597805
-.005285789948677633
.1377477462635785
.24318397733120292
.06252504587813089
-.03249461265449051
.02416982341683776
-.0011641695158491278
-.022415691638399866
.07760898359593496
.0311902917959243
-.039720180358010455
-.0073948562204218605
-.009356257841144407
-.016832682196977443
-.006342022214324044
-.0015647222132126517
-.0029169590593642603
.27742918851774323
.00736481638563594
.04537212035251252
-.021848677865881915
.02678346204317667
-.00496827393562695
.042019957251188546
-.013622280604178033
-.050111771723607784
-.010133546244916128
.027244223642536362
.2472217412478267
.046326542950611005
-.010780052707760258
-.07870062982476562
.0011641698849438548
-.024169822671004183
.0224156913856211
-.07760898217227713
.0397201815654358
-.031190291492387015
.007394858272410792
.0168326818669368
.009356256329439674
.0015647215090638204
.006342023138128107
-.04537212019757414
-.00736481638563594
-.27742918851774323
.0029169598934631787
-.026783462371706816
.02184867706612246
.05011177062079666
.013622280888248283
-.04201995756222377
.004968272877039992
-.027244224044820957
.01013354686000542
.07870062734032841
.010780054805303089
-.046326543670954165
-.24722174225244853
.002582083278361626
.0066474370086191965
-.015870672193784473
.06839710003729012
-.03644417989589834
-.0067942642143827
.04301324652466027
.043006600377262
.006813680792873863
-.033958629370662886
.013850403718308896
.053067048214740196
-.04537212035251252
-.0029169598934631787
-.27742918851774323
.035684312684708425
-.0047076145613804965
-.009491977576780285
-.006693660694483173
.015412234534421622
-.01838885561626311
.005285789376354575
.020411963826093713
.03249461460068023
-.06252504729581704
-.24318397695727945
-.13774774486941094
.027096983071389906
-.0006560274961978016
.0057824856712096195
.0011128419549508426
.039032431100068356
-.04529492013114943
.007393045252153866
-.0013277051690685697
.03882667129608748
-.024686323097725543
.015635334035974564
-.004707614586017091
.021848677865881915
.026783462371706816
-.035684312684708425
0
-.008802970605544653
.03048598382036909
-.006335523235290118
-.010008699628465897
.009062973832021207
.048880131760455525
-.09631920527086157
-.01931891972315258
-.02480161063904701
.024446495457744417
-.018443685222785278
.0006560271217566152
-.02709698336085181
-.005782485072878311
-.0011128426498162856
.045294921154347655
-.03903243133890144
-.007393045095291137
-.03882667059307386
.0013277046951529917
-.015635334556582243
.02468632324463277
.035684312256371725
-.02678346204317667
-.02184867706612246
.0047076145613804965
.008802970605544653
0
-.009062973088659191
.010008699331183452
.006335522472502258
-.03048598341184261
.0963192056227294
-.04888013167467439
.01844368580463267
-.024446495848717692
.024801608501110416
.01931892042924231
.020797848468342414
.010342054778275439
-.011204624803211525
.0383873521052934
.02646265985071964
.1630417284746774
-.03657896532424028
-.028528540458746008
-.019146228964981478
.02088977401386523
-.014923706516345508
-.018388855945596107
.00496827393562695
-.05011177062079666
.009491977576780285
-.03048598382036909
.009062973088659191
.18923747814892347
.007829982055622148
.0011474088453393722
-.03190137998733778
-.030488365751211277
.00718116158371419
-.07454387216677003
.1272315590312698
.024268872801433614
.06443614589891004
-.0033498310727898915
.0044537080500423026
.04639792327755844
.20452712303058337
-.0035678669848347947
.013442933164522304
-.02890115205758591
.002524019859900999
-.004464538178625038
-.008878596611022714
-.003545209918713912
.015412233883818086
-.042019957251188546
-.013622280888248283
.006693660694483173
.006335523235290118
-.010008699331183452
-.007829982055622148
.18923747814892347
-.005528376539553197
.001147409930879086
.015875239250953077
.006459939441089522
.03297273843553598
-.018248643439144438
.001271371461786859
-.018311211239008425
-.004453708529472203
.0033498303108690907
-.04639792294655275
-.2045271247724982
-.013442933866154848
.003567866796817928
.028901150042316623
.004464538436964656
-.002524017724529791
.003545210079174104
.00887859623756643
-.0066936605462296905
.013622280604178033
.04201995756222377
-.015412234534421622
.010008699628465897
-.006335522472502258
-.0011474088453393722
.005528376539553197
-.18923747814892347
.007829983172413804
-.0064599399864379075
-.015875239155868068
.018311213906211404
-.0012713740316857031
.01824864301602004
-.03297273707000691
-.01034205473096916
-.02079784848421368
.011204625659473525
-.038387351547274184
-.16304172711677672
-.026462658863398183
.036578967293260045
.019146228318138222
.02852853920092166
.014923706673404216
-.020889774575669456
-.009491977908529643
.050111771723607784
-.004968272877039992
.01838885561626311
-.009062973832021207
.03048598341184261
.03190137998733778
-.001147409930879086
-.007829983172413804
-.18923747814892347
-.007181160498965271
.030488365832451608
-.06443614671522115
-.024268873308430687
-.127231559855669
.07454387155184614
.019476297013376474
.036977964656512034
.0030583019107820334
.0013725939535560922
-.03095196750765439
-.14140519238084878
.015723392542006945
.08485192456324776
.001106844961023713
.06946544900150423
.018389575223192733
.020411964151597805
.010133546244916128
.027244224044820957
-.005285789376354575
-.048880131760455525
-.0963192056227294
.030488365751211277
-.015875239250953077
.0064599399864379075
.007181160498965271
0
.11503986854232341
.024430746339833147
-.08163201923200769
-.007440199734225966
-.06402241452007729
-.03697796463111975
-.01947629650295429
-.0030583021950044177
-.0013725934461521856
.14140519306409763
.030951967534962207
-.015723391216795297
-.0011068455946061286
-.08485192472872204
-.018389575012275804
-.06946544908964622
.005285789948677633
-.027244223642536362
-.01013354686000542
-.020411963826093713
.09631920527086157
.04888013167467439
-.00718116158371419
-.006459939441089522
.015875239155868068
-.030488365832451608
-.11503986854232341
0
.0640224115762145
.007440200857177589
.08163201840375633
-.024430745340799507
-.028606260470911693
-.023107712008807364
.004384311399188426
.13568096283555314
-.037102613381815606
.027304393920806316
.2098552940274056
.0002251592469789546
.0492086688637412
.03930066272987577
.007540401829365877
-.1377477462635785
-.2472217412478267
-.07870062734032841
-.03249461460068023
.01931891972315258
-.01844368580463267
.07454387216677003
-.03297273843553598
-.018311213906211404
.06443614671522115
-.024430746339833147
-.0640224115762145
0
-.04904792763425958
-.023812106762143626
.1842233523147211
-.014322123408738226
.03287742179462536
-.005552907067431015
-.007295495653416571
-.0395875136134875
.009771194969768596
.13017137488747857
.005503146256065114
.23218174277551423
.012296395005398414
-.07580138042900425
-.24318397733120292
-.046326542950611005
-.010780054805303089
.06252504729581704
.02480161063904701
.024446495848717692
-.1272315590312698
.018248643439144438
.0012713740316857031
.024268873308430687
.08163201923200769
-.007440200857177589
.04904792763425958
0
-.10770940521902009
-.023812106751298624
-.03287742216812818
.01432212282702319
.005552906002681737
.007295494436522633
-.009771195825958319
.0395875105990152
-.13017137445499832
-.23218174346195292
-.005503144196188789
.0758013802535021
-.012296395077929321
-.06252504587813089
.010780052707760258
.046326543670954165
.24318397695727945
-.024446495457744417
-.024801608501110416
-.024268872801433614
-.001271371461786859
-.01824864301602004
.127231559855669
.007440199734225966
-.08163201840375633
.023812106762143626
.10770940521902009
0
-.04904792832065778
.023107711891713692
.02860626023195333
-.004384309795907305
-.13568096213742645
-.02730439334900457
.03710261458631301
-.2098552933703103
-.04920866904560386
-.00022516169452529988
-.007540401017194477
-.03930066417103687
.03249461265449051
.07870062982476562
.24722174225244853
.13774774486941094
.018443685222785278
-.01931892042924231
-.06443614589891004
.018311211239008425
.03297273707000691
-.07454387155184614
.06402241452007729
.024430745340799507
-.1842233523147211
.023812106751298624
.04904792832065778
0
-.03333333333333333
-.005754112741954252
.004156815105632281
.025309726140995303
-.058554378959189454
.01320742467137582
-.02795991067184349
.015624884635626677
-.018400560124123055
-.0027088432653481122
-.0009131273674707419
-.024110778783921177
.006655429300693761
-.004620101324964128
.0048201954680636636
.010380954173645717
.004254330911790293
.0033451340792818047
-.02083132347523904
-.0005771091276234597
-.02716772112831789
-.02344107183664318
.03297777388529463
.01457215921310658
.02818993572169694
.03734246439915533
-.01913152223305408
.005754112741954252
0
-.005754113307237555
-.0054534383405369855
.005453436840577325
-7449542920468649e-25
.0029116250039725716
-.0029116281620218507
26078523584853984e-25
.015882559068566376
-.022258384686310948
.022258383781850237
-.015882556694668242
-.0019422877390647133
.0019422850734053406
-.011338693426608305
.04630204729347831
-.04630204678820983
.011338693658409296
.00554008652324503
-.005540084921114462
.0042533707531667905
-.00549700644752924
.005497003587672923
-.004253370552928242
.003811937322771427
-.0038119324457370216
-.004156815105632281
.005754113307237555
.03333333333333333
.058554380936133126
-.025309727947451753
-.013207422992969982
-.015624883656049212
.0279599128492527
.018400557008271867
-.006655428828032979
.024110778390972157
.0009131277705256196
.0027088429079351606
-.004820194645764381
.00462010107511898
.02083132353271302
-.0033451343733090916
-.004254332748814715
-.010380954229649995
.02716772027706063
.0005771099724486695
-.02818993596020516
-.014572158811288167
-.03297777530351343
.023441073827883227
.01913152223141974
-.03734246615095696
-.025309726140995303
.0054534383405369855
-.058554380936133126
0
-.017348005258028022
.0017306856526163338
.11025700570117838
.01180490870982444
.006383026303349177
.006851470751152881
.03180046882974387
.03943034917656216
-.0365694339167625
.038042934278437704
-.04036337294006366
.02623692216471672
-.004041196590306265
-.013186367302583815
-.16316936532578
.0389771740679474
.044790756319579135
-.037347125723345934
-.04048717335466619
-.00896763433529919
-.027405944251998188
-.030308016335714033
.14129860211603312
.058554378959189454
-.005453436840577325
.025309727947451753
.017348005258028022
0
-.0017306827900272204
-.011804901192142319
-.11025701266366877
-.00638302867167837
.03656943415494326
-.03943035041444382
-.031800469253683704
-.006851466294674358
.04036337614840971
-.03804294074840138
.16316936584155484
.013186364269777547
.004041195047463227
-.02623692371137387
-.044790758949350744
-.03897717009298343
.027405949385276428
.008967633632393876
.040487166718226476
.03734712518704158
-.14129859682825563
.03030801590150547
-.01320742467137582
7449542920468649e-25
.013207422992969982
-.0017306856526163338
.0017306827900272204
0
.0032750362332880133
-.0032750346855364076
-13708117957813085e-25
-.06866743145453866
.07753664013790303
-.07753663841350299
.06866742939732293
.0032886024418768392
-.003288603021606948
.03833656963772702
.20455523495042757
-.2045552367501731
-.03833656629534367
.0006546437867237325
-.0006546418998897813
.1357476437959173
-.006387582233380878
.006387581716762906
-.13574764252863838
.0021724052280061553
-.002172404876491794
.02795991067184349
-.0029116250039725716
.015624883656049212
-.11025700570117838
.011804901192142319
-.0032750362332880133
0
.1733334040125617
.08311092800834594
-.005320026724167419
-.011450856981834009
.01593267019184812
.04246165057271771
.014784965353955928
-.015990847099282942
-.028429315637583927
.004074344890687709
.004863794443124613
.019035173472461222
-.0004912803333998333
-.03986782551456779
.0039298614152469555
.00195008917129013
-.23195698335242781
-.04531384945490255
.07841498193262934
-.002016906948300621
-.015624884635626677
.0029116281620218507
-.0279599128492527
-.01180490870982444
.11025701266366877
.0032750346855364076
-.1733334040125617
0
-.08311093071598015
-.04246165535243755
-.015932663547471616
.011450858242053235
.005320020992889689
.015990847943074142
-.014784966241103458
-.01903517207418226
-.004863799817100626
-.004074346336993802
.02842932229970735
.0398678274307936
.0004912782537526156
.04531385058874845
.2319569805994126
-.0019500848350360138
-.003929858121483346
.0020169052185362453
-.07841497983114053
.018400560124123055
-26078523584853984e-25
-.018400557008271867
-.006383026303349177
.00638302867167837
13708117957813085e-25
-.08311092800834594
.08311093071598015
0
-.04465716804860073
-.006579543428159133
.006579539299139111
.04465717166571123
.03437796172328418
-.034377957969476944
-.03672573228190826
-.02975386161933983
.029753866961465248
.03672572622905425
.005886698516431737
-.005886700791199451
.21014557935622105
.1333143363943543
-.13331433206086124
-.21014558431453945
.02004795869006615
-.020047965276416214
.0027088432653481122
-.015882559068566376
.006655428828032979
-.006851470751152881
-.03656943415494326
.06866743145453866
.005320026724167419
.04246165535243755
.04465716804860073
-.27742918851774323
-.002814651921512621
-.04513750586411185
.053070456549570516
.013004910911055035
-.03369697338835913
-.01842849333883844
.015421665341491333
-.006760771736954472
-.009699502635014835
-.004489445776615468
.03546781608894844
-.13850844371838347
-.24284598968421248
-.06197274266790793
.03159768852639708
.020624339552765065
.006571365545475438
.0009131273674707419
.022258384686310948
-.024110778390972157
-.03180046882974387
.03943035041444382
-.07753664013790303
.011450856981834009
.015932663547471616
.006579543428159133
.002814651921512621
-.27742918851774323
-.007737432488663657
-.045137503871338594
.007665220595202896
.0004468566842020221
.0049765535505086455
-.042021501887508195
.013927152267407875
.05041166674832908
.02167428465484835
-.026062187868597875
-.24711482185313255
-.045833857198472876
.010332831213636002
.07892498643411579
.011014869541396225
-.02882799602825937
.024110778783921177
-.022258383781850237
-.0009131277705256196
-.03943034917656216
.031800469253683704
.07753663841350299
-.01593267019184812
-.011450858242053235
-.006579539299139111
.04513750586411185
.007737432488663657
.27742918851774323
-.0028146525857108418
-.00044685845431252473
-.007665222809957852
-.05041166869499554
-.01392715120358242
.04202149981230036
-.004976552036117311
.026062186592252318
-.02167428378140391
-.07892498951461827
-.010332831445555348
.04583385423942909
.24711482696837178
.028827997860018037
-.011014862770279356
-.006655429300693761
.015882556694668242
-.0027088429079351606
.0365694339167625
.006851466294674358
-.06866742939732293
-.04246165057271771
-.005320020992889689
-.04465717166571123
-.053070456549570516
.045137503871338594
.0028146525857108418
.27742918851774323
.03369697574690263
-.0130049080866991
.00969950419712855
.006760774043580754
-.015421663478948537
.018428492079198514
-.03546781550828511
.0044894473061293065
-.03159768891718892
.06197274451833233
.242845992797136
.13850843845901595
-.0065713702187430705
-.020624346396129176
.004620101324964128
.0019422877390647133
.004820194645764381
-.038042934278437704
-.04036337614840971
-.0032886024418768392
-.014784965353955928
-.015990847943074142
-.03437796172328418
-.013004910911055035
-.007665220595202896
.00044685845431252473
-.03369697574690263
0
.027758171170498606
.020804685320390114
-.007769701153256732
.0044700911297229605
.01472446526799813
-.0241325223931611
-.01579812702413279
.041126803466868665
.011014620472834073
.07597586085918766
-.005737737928045272
.066567640548927
-.019617896759739448
-.0048201954680636636
-.0019422850734053406
-.00462010107511898
.04036337294006366
.03804294074840138
.003288603021606948
.015990847099282942
.014784966241103458
.034377957969476944
.03369697338835913
-.0004468566842020221
.007665222809957852
.0130049080866991
-.027758171170498606
0
-.014724464662235147
-.004470095586763272
.007769699114172717
-.02080468355945969
.01579812637263083
.02413252080630327
.005737744210392871
-.07597586495696093
-.01101461686331388
-.041126804381717535
.019617893319684804
-.06656763664639632
-.010380954173645717
.011338693426608305
-.02083132353271302
-.02623692216471672
-.16316936584155484
-.03833656963772702
.028429315637583927
.01903517207418226
.03672573228190826
.01842849333883844
-.0049765535505086455
.05041166869499554
-.00969950419712855
-.020804685320390114
.014724464662235147
-.18923747814892347
-.007832737499145356
-.0014753164781863646
.03205530437627627
.030305807484385917
-.008912037468264425
.07443595959555893
-.12717174385767013
-.024474436349711748
-.06437062699220501
.030676941066309582
-.007132253724238386
-.004254330911790293
-.04630204729347831
.0033451343733090916
.004041196590306265
-.013186364269777547
-.20455523495042757
-.004074344890687709
.004863799817100626
.02975386161933983
-.015421665341491333
.042021501887508195
.01392715120358242
-.006760774043580754
.007769701153256732
.004470095586763272
.007832737499145356
-.18923747814892347
.005344577132400116
-.0014753166281114352
-.006194276982334192
.009406007756518656
-.03309278287895396
.018055449502342023
-.0009809000424392637
.017916926031185
-.01655934882355068
-.005128231245060006
-.0033451340792818047
.04630204678820983
.004254332748814715
.013186367302583815
-.004041195047463227
.2045552367501731
-.004863794443124613
.004074346336993802
-.029753866961465248
.006760771736954472
-.013927152267407875
-.04202149981230036
.015421663478948537
-.0044700911297229605
-.007769699114172717
.0014753164781863646
-.005344577132400116
.18923747814892347
-.007832739608452705
-.009406011045010567
.006194275844006847
-.01791692321869674
.0009809031806021998
-.018055445789939954
.03309277872211142
.005128226821885949
.016559341608891713
.02083132347523904
-.011338693658409296
.010380954229649995
.16316936532578
.02623692371137387
.03833656629534367
-.019035173472461222
-.02842932229970735
-.03672572622905425
.009699502635014835
-.05041166674832908
.004976552036117311
-.018428492079198514
-.01472446526799813
.02080468355945969
-.03205530437627627
.0014753166281114352
.007832739608452705
.18923747814892347
.008912037494864728
-.03030580809427997
.06437062508940425
.024474438086615882
.1271717424094518
-.07443595891773987
.007132257531228817
-.030676938823732878
.0005771091276234597
-.00554008652324503
-.02716772027706063
-.0389771740679474
.044790758949350744
-.0006546437867237325
.0004912803333998333
-.0398678274307936
-.005886698516431737
.004489445776615468
-.02167428465484835
-.026062186592252318
.03546781550828511
.0241325223931611
-.01579812637263083
-.030305807484385917
.006194276982334192
.009406011045010567
-.008912037494864728
0
.0090162088071591
.018542921330034382
.02555021720167437
-.02452120757897348
.017628580469711243
-.04833123355902144
.09741188641481825
.02716772112831789
.005540084921114462
-.0005771099724486695
-.044790756319579135
.03897717009298343
.0006546418998897813
.03986782551456779
-.0004912782537526156
.005886700791199451
-.03546781608894844
.026062187868597875
.02167428378140391
-.0044894473061293065
.01579812702413279
-.02413252080630327
.008912037468264425
-.009406007756518656
-.006194275844006847
.03030580809427997
-.0090162088071591
0
-.01762858790003713
.024521212391999912
-.025550216980980953
-.018542918441462868
-.09741188661378958
.04833123011436278
.02344107183664318
-.0042533707531667905
.02818993596020516
.037347125723345934
-.027405949385276428
-.1357476437959173
-.0039298614152469555
-.04531385058874845
-.21014557935622105
.13850844371838347
.24711482185313255
.07892498951461827
.03159768891718892
-.041126803466868665
-.005737744210392871
-.07443595959555893
.03309278287895396
.01791692321869674
-.06437062508940425
-.018542921330034382
.01762858790003713
0
.04704952204246675
.02546442679453445
-.18371091680520818
.022555987126982546
.06588891830685675
-.03297777388529463
.00549700644752924
.014572158811288167
.04048717335466619
-.008967633632393876
.006387582233380878
-.00195008917129013
-.2319569805994126
-.1333143363943543
.24284598968421248
.045833857198472876
.010332831445555348
-.06197274451833233
-.011014620472834073
.07597586495696093
.12717174385767013
-.018055449502342023
-.0009809031806021998
-.024474438086615882
-.02555021720167437
-.024521212391999912
-.04704952204246675
0
.10571261204345495
.025464432471121193
-.08273281314087925
.00523748171618036
-.01457215921310658
-.005497003587672923
.03297777530351343
.00896763433529919
-.040487166718226476
-.006387581716762906
.23195698335242781
.0019500848350360138
.13331433206086124
.06197274266790793
-.010332831213636002
-.04583385423942909
-.242845992797136
-.07597586085918766
.01101461686331388
.024474436349711748
.0009809000424392637
.018055445789939954
-.1271717424094518
.02452120757897348
.025550216980980953
-.02546442679453445
-.10571261204345495
0
.04704952348701806
-.005237481894563151
.08273281383973922
-.02818993572169694
.004253370552928242
-.023441073827883227
.027405944251998188
-.03734712518704158
.13574764252863838
.04531384945490255
.003929858121483346
.21014558431453945
-.03159768852639708
-.07892498643411579
-.24711482696837178
-.13850843845901595
.005737737928045272
.041126804381717535
.06437062699220501
-.017916926031185
-.03309277872211142
.07443595891773987
-.017628580469711243
.018542918441462868
.18371091680520818
-.025464432471121193
-.04704952348701806
0
-.06588891188079041
-.022555984504407146
-.03734246439915533
-.003811937322771427
-.01913152223141974
.030308016335714033
.14129859682825563
-.0021724052280061553
-.07841498193262934
-.0020169052185362453
-.02004795869006615
-.020624339552765065
-.011014869541396225
-.028827997860018037
.0065713702187430705
-.066567640548927
-.019617893319684804
-.030676941066309582
.01655934882355068
-.005128226821885949
-.007132257531228817
.04833123355902144
.09741188661378958
-.022555987126982546
.08273281314087925
.005237481894563151
.06588891188079041
0
-.11925533090352425
.01913152223305408
.0038119324457370216
.03734246615095696
-.14129860211603312
-.03030801590150547
.002172404876491794
.002016906948300621
.07841497983114053
.020047965276416214
-.006571365545475438
.02882799602825937
.011014862770279356
.020624346396129176
.019617896759739448
.06656763664639632
.007132253724238386
.005128231245060006
-.016559341608891713
.030676938823732878
-.09741188641481825
-.04833123011436278
-.06588891830685675
-.00523748171618036
-.08273281383973922
.022555984504407146
.11925533090352425
0
