-.05
.011109319388488113
.011275148280115468
.00842544401088287
.03729257477752868
.0015767424970127963
.04560794913162199
-.056912091294805525
.0639529077335275
-.020974543517547135
-.08094411920730767
.0026007087227796002
-.03398994899728547
-.014653421747250758
-.014750869950277003
-.003478301302789498
-.012170942948545354
.006033444423851064
-.011109319388488113
.05
-.008442674948409837
-.018270315034462515
.003575932164925651
-.0259593720060469
-.05437034713700181
-.06810343984781518
.04701008722840287
.026063080571783883
.015608354665950196
.1006851837644721
.01910074286144905
.036403139190575945
-.018532743980670886
.009028716225721413
-.003318325532392928
.0006313012020066986
-.011275148280115468
.008442674948409837
0
-.002333861865400299
.03819870211835343
-.04043311181753215
.002657698681104625
-.007530388743865595
.011178157397553031
-.0014469141923794486
-.01337847388569606
.00293059609322454
.006702620722877962
3244070420594031e-20
-.023507085721065007
-.07118611119794999
.07211298304127829
.028835221996997847
-.00842544401088287
.018270315034462515
.002333861865400299
0
-.015143295745145264
.03660259940274551
-.016996181819925057
.06385450144276103
-.0884438670243707
.00948434301435906
.10952344791665658
-.040559769610204854
.04136337227774346
-.05931059635220807
.008929655043024804
-.008905681357326212
-.002653371935927091
-.049923888141162935
-.03729257477752868
-.003575932164925651
-.03819870211835343
.015143295745145264
.35555555555555557
-.0566427788670658
.0068980755084313596
.2972564309103417
-.04804724381912999
.13119786033646802
-.10693317937196477
.02951703783333586
.03246894195716054
-.03451701215086461
.014196742820637388
.04393562309040326
-.00499400691628199
.11514297753974703
-.0015767424970127963
.0259593720060469
.04043311181753215
-.03660259940274551
.0566427788670658
-.35555555555555557
.0022211838136993213
.04988178664382524
-.2886373081240041
-.13597077120105924
-.03937087236361187
.08463706746639409
.05245702916908594
-.005492919023783849
-.10453514275297204
.004760790727162324
-.04595312301584167
-.01440919768533679
-.04560794913162199
.05437034713700181
-.002657698681104625
.016996181819925057
-.0068980755084313596
-.0022211838136993213
0
-.1810196598547654
.18311189594114743
.00015171134395901373
.19734367495165023
-.2014422330096346
.11517542410088662
-.14296307815199913
.053492431807886674
.061832369795250725
-.05557160580852014
-.0440925529379314
.056912091294805525
.06810343984781518
.007530388743865595
-.06385450144276103
-.2972564309103417
-.04988178664382524
.1810196598547654
0
.3428748985634692
.12830970754411433
.12726734281230642
-.04470925077469429
-.07378099465248142
.011982250894974011
-.19281376247456278
-.04349811072453318
-.021142900166448472
-.13706204176646716
-.0639529077335275
-.04701008722840287
-.011178157397553031
.0884438670243707
.04804724381912999
.2886373081240041
-.18311189594114743
-.3428748985634692
0
-.1273139318677011
.041236388370884766
-.12084340937088456
-.0302116349341222
.04937582595249292
.13524443741291142
.02232037017424744
.0503475600546258
.20284392210414084
.020974543517547135
-.026063080571783883
.0014469141923794486
-.00948434301435906
-.13119786033646802
.13597077120105924
-.00015171134395901373
-.12830970754411433
.1273139318677011
0
-.0262986343700993
.028463282712234177
.023192210492036593
-.007496610765009881
.07408301282646104
-.2728079876339166
.2693684170310437
-.0790031482607519
.08094411920730767
-.015608354665950196
.01337847388569606
-.10952344791665658
.10693317937196477
.03937087236361187
-.19734367495165023
-.12726734281230642
-.041236388370884766
.0262986343700993
0
.0821706226153269
-.03190571436479605
.07188490541864968
-.06347093303471771
-.03565167506884513
-.015169545901069881
.21619626985422213
-.0026007087227796002
-.1006851837644721
-.00293059609322454
.040559769610204854
-.02951703783333586
-.08463706746639409
.2014422330096346
.04470925077469429
.12084340937088456
-.028463282712234177
-.0821706226153269
0
-.012382000630578163
.08955342986930222
-.2273765136418415
.007312561076039531
.01999558574128884
.046346774028137125
.03398994899728547
-.01910074286144905
-.006702620722877962
-.04136337227774346
-.03246894195716054
-.05245702916908594
-.11517542410088662
.07378099465248142
.0302116349341222
-.023192210492036593
.03190571436479605
.012382000630578163
0
.03866812308066439
.005108914466817195
54566847591427416e-21
.031660013156638675
.03269843045026682
.014653421747250758
-.036403139190575945
-3244070420594031e-20
.05931059635220807
.03451701215086461
.005492919023783849
.14296307815199913
-.011982250894974011
-.04937582595249292
.007496610765009881
-.07188490541864968
-.08955342986930222
-.03866812308066439
0
.002856081436816509
-.021650342901803454
.015885122185855936
.036375616198878746
.014750869950277003
.018532743980670886
.023507085721065007
-.008929655043024804
-.014196742820637388
.10453514275297204
-.053492431807886674
.19281376247456278
-.13524443741291142
-.07408301282646104
.06347093303471771
.2273765136418415
-.005108914466817195
-.002856081436816509
.2722222222222222
-.006709117850157417
-.01262342316700904
-.05952101250216414
.003478301302789498
-.009028716225721413
.07118611119794999
.008905681357326212
-.04393562309040326
-.004760790727162324
-.061832369795250725
.04349811072453318
-.02232037017424744
.2728079876339166
.03565167506884513
-.007312561076039531
-54566847591427416e-21
.021650342901803454
.006709117850157417
.2722222222222222
-.022062998689844997
-.020357109188838735
.012170942948545354
.003318325532392928
-.07211298304127829
.002653371935927091
.00499400691628199
.04595312301584167
.05557160580852014
.021142900166448472
-.0503475600546258
-.2693684170310437
.015169545901069881
-.01999558574128884
-.031660013156638675
-.015885122185855936
.01262342316700904
.022062998689844997
-.2722222222222222
-.008512785093373975
-.006033444423851064
-.0006313012020066986
-.028835221996997847
.049923888141162935
-.11514297753974703
.01440919768533679
.0440925529379314
.13706204176646716
-.20284392210414084
.0790031482607519
-.21619626985422213
-.046346774028137125
-.03269843045026682
-.036375616198878746
.05952101250216414
.020357109188838735
.008512785093373975
-.2722222222222222
-.05
.011275148276911014
.011109319395439476
.001576742501777674
.03729257487501969
.008425443922894673
.06395290770700052
-.05691209142866056
.045607949218149466
.00260070878496145
-.08094411916414843
-.02097454348356702
.006033444391675139
-.012170942933681858
-.003478301335065383
-.014750870021344195
-.014653421724539444
-.03398994898282235
-.011275148276911014
0
.008442674908890809
-.04043311175526279
.03819870214147493
-.002333862021928626
.011178157399130353
-.007530388842360514
.002657698958975609
.0029305959369448835
-.013378474053223888
-.0014469142099274893
.028835221989635715
.07211298301087707
-.07118611116257312
-.023507085650908997
3244081011771017e-20
.0067026208170494275
-.011109319395439476
-.008442674908890809
.05
-.025959371973104196
.003575932286407139
-.018270315117418966
.047010087233482316
-.0681034399696527
-.05437034724361849
.10068518395970481
.015608354818173627
.026063080645707587
.0006313011011841747
-.0033183255815023363
.009028716139889755
-.018532744121263496
.03640313922621022
.019100742900131182
-.001576742501777674
.04043311175526279
.025959371973104196
-.35555555555555557
.05664277882557237
-.036602599498114646
-.288637308137381
.04988178658084722
.002221183918407685
.08463706748023242
-.03937087235930479
-.13597077127268956
-.014409197702707042
-.045953122954392224
.004760790840649738
-.10453514271495429
-.005492918988915237
.05245702920060473
-.03729257487501969
-.03819870214147493
-.003575932286407139
-.05664277882557237
.35555555555555557
.015143295386025789
-.048047243840778436
.2972564308343444
.006898075564926595
.029517037896143128
-.10693317933624866
.13119786031557096
.11514297748167898
-.00499400691418677
.04393562314648651
.014196742809839949
-.03451701188725811
.03246894222748484
-.008425443922894673
.002333862021928626
.018270315117418966
.036602599498114646
-.015143295386025789
0
-.08844386700029158
.06385450117374583
-.016996181717226087
-.040559769596708754
.10952344796449501
.009484343221344286
-.04992388827924852
-.0026533721036441048
-.008905681665294967
.008929654841059143
-.059310596360176285
.04136337219340388
-.06395290770700052
-.011178157399130353
-.047010087233482316
.288637308137381
.048047243840778436
.08844386700029158
0
-.342874898752062
-.18311189562872304
-.1208434095139395
.04123638815065524
-.12731393173801642
.20284392216915562
.050347559995205356
.022320370168494807
.1352444375187875
.04937582593270611
-.030211634941102482
.05691209142866056
.007530388842360514
.0681034399696527
-.04988178658084722
-.2972564308343444
-.06385450117374583
.342874898752062
0
.18101966017799956
-.044709251151808564
.12726734230306375
.12830970746494796
-.13706204167316238
-.021142900280927877
-.04349811078803024
-.1928137623773737
.01198225071092528
-.07378099478943174
-.045607949218149466
-.002657698958975609
.05437034724361849
-.002221183918407685
-.006898075564926595
.016996181717226087
.18311189562872304
-.18101966017799956
0
-.20144223213339255
.19734367527712396
.0001517113413657131
-.04409255288616458
-.05557160549144221
.06183237008823786
.05349243149389796
-.1429630785176424
.11517542407690731
-.00260070878496145
-.0029305959369448835
-.10068518395970481
-.08463706748023242
-.029517037896143128
.040559769596708754
.1208434095139395
.044709251151808564
.20144223213339255
0
-.08217062203272829
-.028463282623127625
.046346773786653125
.019995585572807045
.007312560861804658
-.22737651360940128
.08955343026284367
-.012382000556714137
.08094411916414843
.013378474053223888
-.015608354818173627
.03937087235930479
.10693317933624866
-.10952344796449501
-.04123638815065524
-.12726734230306375
-.19734367527712396
.08217062203272829
0
.026298634190585424
.21619626980511392
-.015169545994629233
-.03565167524066891
-.06347093285271432
.07188490587649762
-.03190571421632473
.02097454348356702
.0014469142099274893
-.026063080645707587
.13597077127268956
-.13119786031557096
-.009484343221344286
.12731393173801642
-.12830970746494796
-.0001517113413657131
.028463282623127625
-.026298634190585424
0
-.07900314836647132
.26936841702299014
-.27280798766992137
.07408301282126457
-.007496610542120254
.023192210586452273
-.006033444391675139
-.028835221989635715
-.0006313011011841747
.014409197702707042
-.11514297748167898
.04992388827924852
-.20284392216915562
.13706204167316238
.04409255288616458
-.046346773786653125
-.21619626980511392
.07900314836647132
-.2722222222222222
.008512785065834238
.02035710913965684
.05952101236577958
-.036375616419751844
-.03269843055639772
.012170942933681858
-.07211298301087707
.0033183255815023363
.045953122954392224
.00499400691418677
.0026533721036441048
-.050347559995205356
.021142900280927877
.05557160549144221
-.019995585572807045
.015169545994629233
-.26936841702299014
-.008512785065834238
-.2722222222222222
.0220629986227337
.01262342307036323
-.01588512229415234
-.031660013207860056
.003478301335065383
.07118611116257312
-.009028716139889755
-.004760790840649738
-.04393562314648651
.008905681665294967
-.022320370168494807
.04349811078803024
-.06183237008823786
-.007312560861804658
.03565167524066891
.27280798766992137
-.02035710913965684
-.0220629986227337
.2722222222222222
.006709117794937377
.021650342642894255
-5456706921058187e-20
.014750870021344195
.023507085650908997
.018532744121263496
.10453514271495429
-.014196742809839949
-.008929654841059143
-.1352444375187875
.1928137623773737
-.05349243149389796
.22737651360940128
.06347093285271432
-.07408301282126457
-.05952101236577958
-.01262342307036323
-.006709117794937377
.2722222222222222
-.0028560817373833834
-.00510891467242567
.014653421724539444
-3244081011771017e-20
-.03640313922621022
.005492918988915237
.03451701188725811
.059310596360176285
-.04937582593270611
-.01198225071092528
.1429630785176424
-.08955343026284367
-.07188490587649762
.007496610542120254
.036375616419751844
.01588512229415234
-.021650342642894255
.0028560817373833834
0
-.03866812300974489
.03398994898282235
-.0067026208170494275
-.019100742900131182
-.05245702920060473
-.03246894222748484
-.04136337219340388
.030211634941102482
.07378099478943174
-.11517542407690731
.012382000556714137
.03190571421632473
-.023192210586452273
.03269843055639772
.031660013207860056
5456706921058187e-20
.00510891467242567
.03866812300974489
0
