-.08333333333333333
.005441773842225595
-.024054305073256586
.04998367410690136
-.16435009681339546
.11906536281089669
-.05443807042488742
.008181879966606409
-.07738044096849375
.011288360015264908
.01418138845281292
.02874714075199089
-.005441773842225595
.08333333333333333
.02405430469691612
-.04998367316816164
-.11906536277962836
.16435009500510073
-.008181879946880046
.05443807127862571
-.028747140609204292
-.014181388071208967
-.0112883601258945
.07738044089589433
.024054305073256586
-.02405430469691612
0
-9712455353860783e-25
.017732683241938732
-.017732681432406278
-.016986369537740804
.016986368651772308
.05761176147086189
-.1134018467432631
.11340184733235571
-.057611762388611695
-.04998367410690136
.04998367316816164
9712455353860783e-25
0
.10923754947335816
-.10923754940095144
-.09866034243612481
.09866034239186973
-.2466299882831719
-.3244514619628699
.32445145979412476
.2466299903912594
.16435009681339546
.11906536277962836
-.017732683241938732
-.10923754947335816
0
-.1584599900394912
-.03785950466919456
-.2264059328964293
-.0591435251688559
-.004478126166040541
.09525738315988835
.23464446890239501
-.11906536281089669
-.16435009500510073
.017732681432406278
.10923754940095144
.1584599900394912
0
.22640593327786582
.03785950430416055
-.2346444725838568
-.09525737943417116
.004478126524840691
.05914352485431066
.05443807042488742
.008181879946880046
.016986369537740804
.09866034243612481
.03785950466919456
-.22640593327786582
0
-.027069734497545253
.08835292901153116
-.01885106544753986
-.0791700237189153
.04701766091550746
-.008181879966606409
-.05443807127862571
-.016986368651772308
-.09866034239186973
.2264059328964293
-.03785950430416055
.027069734497545253
0
-.04701765921356439
.07917002185322239
.018851065308064678
-.0883529287486628
.07738044096849375
.028747140609204292
-.05761176147086189
.2466299882831719
.0591435251688559
.2346444725838568
-.08835292901153116
.04701765921356439
.4166666666666667
.03497351554030606
-.0242565649469801
-.1416488202714124
-.011288360015264908
.014181388071208967
.1134018467432631
.3244514619628699
.004478126166040541
.09525737943417116
.01885106544753986
-.07917002185322239
-.03497351554030606
.4166666666666667
-.0042661385404167
-.024256565209217817
-.01418138845281292
.0112883601258945
-.11340184733235571
-.32445145979412476
-.09525738315988835
-.004478126524840691
.0791700237189153
-.018851065308064678
.0242565649469801
.0042661385404167
-.4166666666666667
.034973516573210656
-.02874714075199089
-.07738044089589433
.057611762388611695
-.2466299903912594
-.23464446890239501
-.05914352485431066
-.04701766091550746
.0883529287486628
.1416488202714124
.024256565209217817
-.034973516573210656
-.4166666666666667
-.08333333333333333
-.02405430481437178
.005441774292578631
.1190653635675218
-.16435009478194576
.04998367289863509
.02874714013077295
.014181388399497846
.011288360244989016
-.07738044138236788
.008181879007861985
-.0544380708965049
.02405430481437178
0
-.02405430545108252
-.01773268254075052
.017732682012473404
-8899801092485463e-25
-.05761176092762699
.11340184682423178
-.11340184637580676
.05761176200967449
.016986370337284704
-.01698636981278908
-.005441774292578631
.02405430545108252
.08333333333333333
.16435009543422238
-.11906536238158359
-.04998367331859279
.07738044115782236
-.011288360636375665
-.014181389132997376
-.02874713980792363
.05443807026083097
-.008181879400573657
-.1190653635675218
.01773268254075052
-.16435009543422238
0
.15845999236929745
.10923754689873555
.059143527372711106
.004478124111817437
-.09525737807927334
-.234644472937178
.03785950560982096
.2264059311150623
.16435009478194576
-.017732682012473404
.11906536238158359
-.15845999236929745
0
-.10923754981658924
.23464447290966764
.09525737989018115
-.004478125561415882
-.05914352413971454
-.22640593181816618
-.037859504245720633
-.04998367289863509
8899801092485463e-25
.04998367331859279
-.10923754689873555
.10923754981658924
0
.24662998631957783
.3244514630891835
-.32445146495729343
-.2466299868958614
.09866033935969074
-.09866034114308889
-.02874714013077295
.05761176092762699
-.07738044115782236
-.059143527372711106
-.23464447290966764
-.24662998631957783
-.4166666666666667
-.03497351604207208
.024256565519646334
.1416488199194026
.08835293102044725
-.0470176601211655
-.014181388399497846
-.11340184682423178
.011288360636375665
-.004478124111817437
-.09525737989018115
-.3244514630891835
.03497351604207208
-.4166666666666667
.00426613938370643
.024256563902090134
-.018851066681389292
.07917002236538995
-.011288360244989016
.11340184637580676
.014181389132997376
.09525737807927334
.004478125561415882
.32445146495729343
-.024256565519646334
-.00426613938370643
.4166666666666667
-.03497351640541881
-.07917002254617306
.018851066659813814
.07738044138236788
-.05761176200967449
.02874713980792363
.234644472937178
.05914352413971454
.2466299868958614
-.1416488199194026
-.024256563902090134
.03497351640541881
.4166666666666667
.047017660717502345
-.08835292978813256
-.008181879007861985
-.016986370337284704
-.05443807026083097
-.03785950560982096
.22640593181816618
-.09866033935969074
-.08835293102044725
.018851066681389292
.07917002254617306
-.047017660717502345
0
.02706973526770988
.0544380708965049
.01698636981278908
.008181879400573657
-.2264059311150623
.037859504245720633
.09866034114308889
.0470176601211655
-.07917002236538995
-.018851066659813814
.08835292978813256
-.02706973526770988
0
